1750,136.067
1,0.8273577696054281,0.2693866960263556,0.7738838163444542,0
2,0.0607620602819841,0.013740141655382527,5.71797168837423,0
3,0.29937914528092935,0.5756835739366015,3.036274674932282,0
4,0.6232077909081957,0.6642420639467287,2.785078540604058,1
5,0.6446564691563997,0.19246439684736671,1.8427994915043806,1
6,0.3681354050085992,0.3406923641301618,4.502014491739799,0
7,0.25455234332835674,0.4906430412892805,4.736705666075203,1
8,0.3576740380472951,0.5982727461501296,5.147832558066419,1
9,0.7104120716712367,0.5748957844266723,0.16089488614091144,0
10,0.5613935482475316,0.6413877828462361,6.1984553799541535,1
11,0.3126462437246902,0.6492069324698622,1.0840807797614267,1
12,0.29762267460745306,0.6448263762007962,2.5341442547255806,0
13,0.3537959933281263,0.6606350371611964,1.4157908276139726,0
14,0.6073217800732269,0.471921162762324,0.7121860584747799,1
15,0.5514302272139495,0.6105011805698781,2.5692695917760116,1
16,0.4611328022594384,0.4179308241173033,1.2520958248785483,1
17,0.6131226579384264,0.21158087169005063,0.94418983601952,1
18,0.7001586570146111,0.3541444634628748,4.5658172276230085,0
19,0.4961005504888199,0.724517604454759,2.4010168911365737,0
20,0.6798136771809136,0.36843778644589587,6.119314217162403,0
21,0.6411358122215163,0.36705717421701406,2.7414316962286773,1
22,0.007774538761982891,0.8866326503645555,2.5105899736936883,0
23,0.5363472777587575,0.3316362584855326,2.055125591283761,1
24,0.5736145643257337,0.2947885853426584,4.496477986170251,1
25,0.6945010781169954,0.6341757541316355,6.083341657296716,0
26,0.33108453736171456,0.4171251217393005,3.3567638054638453,0
27,0.4154252256588552,0.6050176976368602,2.8896832319297587,1
28,0.20903926185212449,0.7547727018362478,1.1284839738898842,0
29,0.2972229476459383,0.7322033481084624,3.780151506508843,0
30,0.10990003197730813,0.8684489404883999,4.185198094733691,0
31,0.20127047218139918,0.9716954545543698,2.7552097839197485,0
32,0.8331941436920464,0.7371669963413586,5.554857185651931,0
33,0.8733905745389628,0.8514751061892558,1.838551814639319,0
34,0.3652446200414166,0.3791466971445736,2.044255810446589,1
35,0.40680026276916564,0.314147598423361,3.521218505404378,0
36,0.38832489356244176,0.5722601592460209,3.770219806914888,1
37,0.5770253258900077,0.6945819273671224,0.5622190490053859,1
38,0.31387627532545975,0.5400651355659539,4.663648999660628,1
39,0.6577611923440131,0.4854525576778071,2.510236770105581,1
40,0.3535057640822747,0.41259164307608565,4.501859190004249,1
41,0.8996566306501055,0.9970116119655639,2.934928931686553,0
42,0.5322790751904357,0.28240338322379,5.647523271393784,1
43,0.6841316517000292,0.39054314864764983,4.785709487975516,1
44,0.31990198031690564,0.3226312508452789,3.510513650730619,0
45,0.7096528692667996,0.44137222039560536,3.151557131679342,1
46,0.7002757422236114,0.6062556675335161,0.45759025928894287,0
47,0.5197406143313532,0.31736369812724896,0.12481915890548231,1
48,0.45647545409516527,0.27808256506882684,5.093530450524275,0
49,0.24139187772650525,0.3146385023557674,4.6176389110013805,0
50,0.05769714337863143,0.9855280007249675,1.0648387865636761,0
51,0.35940309574728874,0.5707893094284541,1.7472310419242203,1
52,0.5143375928966647,0.28458698466054505,4.797115947633114,0
53,0.35224823190388543,0.2922848591051978,5.456468331899751,1
54,0.6736597230911671,0.4865878302866226,5.80446722089687,1
55,0.6977025549484686,0.4580197060187765,4.7295258370141635,1
56,0.2921338994905819,0.6156815353096902,3.391937018872556,0
57,0.41910849874348477,0.6970973184328817,0.20213767868833532,1
58,0.4628679695870864,0.374843741035043,6.028150090251846,1
59,0.34966291256072213,0.5821838932675557,5.292887761903062,1
60,0.5032080050937964,0.28679725803430645,1.5115940374324401,1
61,0.38712078906189656,0.4272764604855884,5.888401896755804,1
62,0.3047959986942572,0.4173325008576483,1.3402341485395475,1
63,0.6556977831144133,0.5225447066810845,3.341377437525226,1
64,0.5249355908323386,0.24670237958170183,5.395181281771402,0
65,0.32868486009344994,0.6272710033715945,3.6700947587587884,1
66,0.45856961333521656,0.44683273748101837,5.126630741197322,1
67,0.715750793126589,0.50135842663128,5.824323911438116,0
68,0.3989801332868787,0.3574902867329181,3.666639116834339,1
69,0.28407743675578057,0.3694753631027717,2.4119119444515933,0
70,0.3867713387719977,0.29088331684882995,2.8341203863348454,1
71,0.5788205383394237,0.497120975838097,3.5333484646515387,1
72,0.538251831039731,0.6735796648645564,1.3147950345430528,0
73,0.42693430139894845,0.6447587727012231,6.18600623132484,1
74,0.7171149167806099,0.5455416110461206,5.965691238937368,0
75,0.7385223339120779,0.4326179243989703,0.10305937103076346,0
76,0.747593349595813,0.24994589856324306,1.3852072164972133,1
77,0.7103627808312148,0.403164313189489,0.2630528391407764,1
78,0.6504472686427637,0.6532076680694555,2.629092240873322,1
79,0.2693506797516564,0.5772885555414318,0.598378746769638,1
80,0.6123990088830165,0.6470386693880884,3.2035979838215174,1
81,0.6838109410614689,0.6130042359234359,0.2643401119107568,0
82,0.51656723131378,0.40242779533464407,4.810695866358535,1
83,0.46685289356509585,0.7132603095230626,0.9103829639307581,0
84,0.7196786131981989,0.4909380621093153,4.865290536164435,1
85,0.6949823971530229,0.5002733024487906,4.156319147840297,1
86,0.28403002315956516,0.4587099032583868,2.5115601689200737,0
87,0.663356684599325,0.4380484334673679,2.7984866265354182,1
88,0.8066349730928568,0.31295199610109764,0.059813879492007616,0
89,0.49149974046263734,0.26548030827411834,4.82308936803148,0
90,0.4651647999701621,0.33496815806873215,1.0390040184215,1
91,0.5975549429767373,0.4272215135539318,2.08530010104878,1
92,0.3223533582180918,0.43554632559507467,4.5081686888014945,1
93,0.5966287422056028,0.31975736562440843,4.6759788287602,0
94,0.5665240801397613,0.3856763187912459,2.40009440618307,1
95,0.293737778905302,0.41546016454690443,2.159717397885255,1
96,0.433440154504245,0.6597595578816772,2.2772211938671068,0
97,0.4715305544926019,0.3673679725169437,0.6929132120753282,1
98,0.5407503065844567,0.32580549762539385,3.524357604302555,1
99,0.8503240694342393,0.08806371255151228,3.3930021979062226,0
100,0.7132898793117285,0.5261407976764516,1.8536949980872408,1
101,0.2790311192277534,0.46643019360534793,2.1805314194224645,0
102,0.8095911774321066,0.5782130702118756,4.748557945190822,1
103,0.4665214452760443,0.5777544673667568,0.020942267262226366,1
104,0.3748416913175659,0.5796028973740838,3.565534143310023,1
105,0.6990664411392905,0.5962850950125721,5.205345804442836,1
106,0.4454663355835106,0.6661059495056192,4.3406779115784575,1
107,0.3205330460168411,0.27539882415439,4.5687525205486486,0
108,0.3853528958333009,0.5373677229754581,2.740348630989282,1
109,0.7095287495352536,0.5798830248125819,4.8952849350791094,1
110,0.41274299230914485,0.3193121908660729,2.400612610781988,1
111,0.28730655210603556,0.4501454822310816,3.84299761884897,0
112,0.5824983203545991,0.700522507911729,1.8321263394760325,0
113,0.32657661030770946,0.515743662026644,1.0311407746476327,1
114,0.5020946329777387,0.6654469462393038,5.37501443753867,1
115,0.640736136768522,0.795334647825883,3.027813833692264,1
116,0.9980191795675092,0.16317564554413727,3.489671580825794,0
117,0.5476940911093933,0.7329499597288693,1.271174325304897,0
118,0.6677294089108636,0.5282318283039477,5.727855652116679,1
119,0.4714049006646773,0.6510928720030551,5.022502184283998,1
120,0.31394817565471916,0.2886412526780846,4.797582116142051,0
121,0.45621169273349776,0.4582047211884116,5.793118166217133,1
122,0.731376934652623,0.5733189714667446,4.177620154832414,1
123,0.5949133391515762,0.5069382763400961,3.0665908523519096,1
124,0.4231204140650021,0.2843345993595063,3.610365355280203,1
125,0.3744653922586371,0.5443617667393738,0.16332916675365727,1
126,0.3909680958959766,0.7048795456255281,1.0610933757297507,0
127,0.6501644075500904,0.6621937387413047,0.9534418964901965,0
128,0.5460719314964261,0.4767094544441483,0.02593943544932653,1
129,0.9101091309378034,0.07657406346259328,6.087011038071317,0
130,0.589134234749611,0.6969624391607684,5.350427612634667,1
131,0.2508852075005462,0.5282288817272245,4.457421766054133,1
132,0.4213050718974418,0.4910866051489379,2.0774637067793167,1
133,0.43195010255289523,0.428666223267823,2.42262850208001,1
134,0.3484684304637153,0.4917359409543225,4.839585054960877,1
135,0.26722725607336745,0.42816817924838896,3.8110692362008605,0
136,0.6647879903487809,0.6389765849512307,2.7459185812083824,1
137,0.33550573120984745,0.6308178914623753,1.5122431454315055,0
138,0.638404631063035,0.540014920191124,3.994753708380403,1
139,0.6144986477718221,0.6922201967837288,3.1620588675600954,1
140,0.5828798597880656,0.29756415101910205,4.412101582014019,1
141,0.5902953747351358,0.5630120102308178,1.7071414945198615,1
142,0.5350402751930571,0.7221954976082469,0.9495215521576965,0
143,0.4668750320104671,0.3415890421247066,4.220566365540515,1
144,0.33504470867727487,0.36568509388502174,4.191835981385097,0
145,0.32545888186590277,0.33694867458055217,4.187711984068901,0
146,0.5715491686152371,0.6350928955832948,2.434820255998443,1
147,0.3661952195173166,0.6383345314621234,6.059229479138725,1
148,0.6969017746114197,0.5325449082582232,3.8230907846941777,1
149,0.5774282152301002,0.6867619873780227,0.06672841396642437,1
150,0.3734049381521475,0.30366532224282267,4.353916640409216,0
151,0.5223821639113267,0.6830708723940786,2.7181389889393546,1
152,0.5499282746150367,0.30065466468390384,0.3616412941218581,1
153,0.38277147567668424,0.6437380958841507,0.733079568401341,1
154,0.2750374361079279,0.5743877083665473,2.758750249572347,0
155,0.352282767849689,0.460806027182544,3.3015481293334843,1
156,0.6931024667790067,0.6449046638117183,2.668519428351669,1
157,0.4379349971891371,0.37203156853696945,4.4034804807136565,1
158,0.5376545035274453,0.660026048782382,3.0582042006941994,1
159,0.5899837490063635,0.41699746792758446,3.5895680425398915,1
160,0.4052143138123196,0.5479732994700103,1.6619405262026525,1
161,0.2782045070581134,0.5177164382684223,2.8852168365279214,0
162,0.37021079307631294,0.6774795360088286,1.3253995989598821,0
163,0.29187544123700554,0.46485359142614996,1.4975455131361142,1
164,0.5188645470609755,0.4562971247103584,0.967818514812887,1
165,0.5371461000295477,0.40689739889776416,5.079728471143683,1
166,0.5252201793747747,0.4795125342849462,2.4532694545499467,1
167,0.30243278005454943,0.2467463170243658,5.237323113043774,0
168,0.3844738886312543,0.5830544041392216,0.29782377897068546,1
169,0.6804442720113433,0.41448103180946627,3.4782446209908353,1
170,0.43754374485419595,0.7070895675953442,1.1078302774110846,0
171,0.6982945509312399,0.6131329627413541,5.567645106934442,1
172,0.6340011135939677,0.49201202558700907,1.3312935657807734,1
173,0.5231566138190464,0.3073037794874394,1.9757996347672426,1
174,0.24791238550774716,0.46488657730219185,4.400991997756854,0
175,0.7093438691272067,0.5789318058033418,6.183258076098886,1
176,0.2687858136163964,0.5771119580589582,4.468687552399661,1
177,0.41230160335358773,0.4355529328663559,1.4786332044994388,1
178,0.585097823087501,0.649240009472045,0.5400435812163228,1
179,0.36041174954688987,0.5878912152330318,5.041490467026291,1
180,0.7509412522167132,0.4357306961357729,4.453306371211965,1
181,0.5430764597032883,0.27875625974216733,0.46761104515696983,1
182,0.2826180136374869,0.33570564560088606,1.9753277129270685,1
183,0.6119931650114568,0.3073293514970077,5.352352191299894,0
184,0.2779589952062182,0.43238781928362124,1.6814463662210202,1
185,0.6208155443142048,0.5598595395834529,0.22902389470589307,1
186,0.5088834757604928,0.7263112502740325,5.643030869302148,1
187,0.4144591696800752,0.5142738921225511,2.689397239766004,1
188,0.5680356057432833,0.6938354064516541,3.8873171098443735,1
189,0.46446335566169455,0.643807825069529,2.4184940745967602,1
190,0.3064395671050165,0.371713249980079,3.6662512780836907,0
191,0.032514254811001495,0.9957151678006333,5.0605807855233085,0
192,0.838363741800562,0.9060021829053683,2.5808089074321705,0
193,0.42935835238363496,0.27440439084182044,2.6035166568167156,1
194,0.40027839621784483,0.29697711997949594,3.852595407147843,0
195,0.6052505322238442,0.6020722752736685,3.8237108867167247,1
196,0.6282360097746194,0.6777281070374868,3.1004705876849887,1
197,0.44501670750000855,0.7134550090161605,2.179019154411991,0
198,0.697645534907065,0.8407092972115074,5.556498255242104,0
199,0.6962805724142526,0.4316350528390471,3.3954162012025626,1
200,0.7184936174371946,0.6073502116184235,1.4890394137267888,0
201,0.6651967669301152,0.6254041863140237,0.6266629150205392,1
202,0.6992132435327284,0.5875625693455999,0.1963911319120661,0
203,0.5580642546110713,0.28852130777764123,3.8568581934853237,1
204,0.6448087052111116,0.5026364741860067,3.642557073750909,1
205,0.39033137769951043,0.3119324109085614,5.087715125290436,1
206,0.33301354088801643,0.3963943470943677,6.054762535854605,1
207,0.5600443624031268,0.30060137124797565,1.7722776579516695,1
208,0.5771703708590025,0.32091961120753104,5.02818221106567,0
209,0.25982657639015894,0.5235586010384657,2.775703982033576,0
210,0.6874456230555301,0.4058074564839745,5.990689283391243,0
211,0.6767359807645625,0.545598593141461,2.729787596597388,1
212,0.4719264999826135,0.6928547931953851,3.9555403180732114,1
213,0.47187231556389553,0.6712684812534362,1.328869698454768,0
214,0.45524713012119933,0.47498485501265225,4.508979041816493,1
215,0.6677046975044812,0.6492008177616653,0.6537024565769831,0
216,0.6396405265412176,0.6219212120919485,3.310451087422655,1
217,0.8571678620358777,0.7160496008221359,0.5816624447114134,0
218,0.9843327843020907,0.9022703607161086,3.0758378992573556,0
219,0.3659290376425962,0.4844579655174097,0.11099546878620896,1
220,0.33691327561334683,0.34830426413981497,5.114374099250655,1
221,0.4311281560648705,0.2852426294076515,4.595734521353807,0
222,0.0038548351573547564,0.9590362372988883,0.3405855157419405,0
223,0.5368241184695263,0.5698033260623525,5.644171955869247,1
224,0.6991072533141731,0.4348787968790271,6.215480216285482,0
225,0.6645356751554946,0.13653385053855902,4.289578670841645,0
226,0.9246088499302645,0.008999620781276231,4.230764322958198,0
227,0.9332691285901332,0.9997560058843517,0.5337492400950143,0
228,0.5032106673991086,0.7266127575340746,3.2013427480325882,1
229,0.5230396165779498,0.383534874839323,5.076919597714345,1
230,0.37865396934254797,0.6696840261136866,3.3902564598847893,1
231,0.6467778201781895,0.4398621530175465,0.4381879973112502,1
232,0.44819165541773337,0.4171133056516831,1.1702256243127718,1
233,0.591562625699479,0.3694176378443564,5.270583792918574,1
234,0.749696714664813,0.427838702861192,1.0756086260348343,1
235,0.3582204293902636,0.5000790520801428,2.376352414863876,1
236,0.37631431895889206,0.295597874146118,4.142594351515527,0
237,0.26238827559683536,0.5329674843620579,2.236176638682983,0
238,0.35591507138908723,0.3464098899132624,3.803604543536006,0
239,0.049138079104190005,0.04355563163720405,2.6988838850213805,0
240,0.65706622045084,0.43575454607334985,5.228482023249109,1
241,0.5012782474402454,0.6982828593820793,1.523146441429609,0
242,0.3799522015422847,0.6639882369510908,0.5457716244219735,1
243,0.3452995756863116,0.5226609181330037,5.9169009528025525,1
244,3.094367711880915E-5,0.08310428786147588,4.786521072780047,0
245,0.3686568571767292,0.2910920076355779,4.896126619148883,0
246,0.416591245850478,0.593931790057374,3.5398995765895798,1
247,0.3846029117166403,0.48011283756441653,3.938328649757248,1
248,0.7237861041412837,0.4705940938339034,5.036584014476629,1
249,0.8034260833743926,0.5876619681980548,4.842194055147639,1
250,0.48483349580537294,0.41538482116680175,1.5051310953638355,1
251,0.6022503770218519,0.4709710289667871,5.878456953159939,1
252,0.6783898832122038,0.35763260514176104,3.682123659687614,1
253,0.35168999791173255,0.43841006082466716,1.146478886349209,1
254,0.6154819216460437,0.43271188138065086,4.596340853646746,1
255,0.25781808973952225,0.3696502370887333,2.698747176423511,0
256,0.2977871507456129,0.5959109556703364,0.8844856477485195,1
257,0.8494501704240379,0.8501313740270976,1.1692650700659586,0
258,0.4798184878891985,0.775815180515023,0.31149099845762673,0
259,0.35501983281899563,0.33093052355874525,2.2039857662112556,1
260,0.3847508075532775,0.5917389961854173,0.32313039447206204,1
261,0.567340487706735,0.29412886465669585,5.273936172417833,0
262,0.646194410902692,0.6300596147980045,0.23333597054106636,1
263,0.05692118201182153,0.2060856765668104,1.288053687664362,0
264,0.17490214813129948,0.6308467348392532,4.720838000511628,1
265,0.6871818546863222,0.6769282113678885,1.8641107135283164,0
266,0.6249918596980036,0.4241188582426497,4.812139483047449,1
267,0.382007352322028,0.2864567402876704,4.670030173263136,0
268,0.6440017493054252,0.33273674382989565,4.0610480496329195,1
269,0.36648289905102416,0.35448168695170557,2.9385303933302227,1
270,0.50419236423997,0.8468115707737919,2.877971754184025,0
271,0.6245073750420044,0.5032553693360752,1.3360571136608015,1
272,0.3374858992076974,0.62169983697465,5.3858137570398865,1
273,0.3592896012696217,0.6404407926362459,0.7383677242872125,1
274,0.4530353334330438,0.6909777627133086,0.7136666022526695,1
275,0.3390213299907374,0.5684464794696489,0.762093399965051,1
276,0.37807569796084145,0.5413891919019774,2.232426823594516,1
277,0.7245880043087006,0.5541400114318435,0.23855870123167072,0
278,0.28296698486500116,0.6280331010280799,2.5148940465245366,0
279,0.42700234521556646,0.526712874334898,5.80415719030344,1
280,0.6536875970008706,0.3715267781865389,4.620334841927679,1
281,0.4405135372681944,0.2997811425399696,3.357897055726591,1
282,0.48726124505518753,0.6716969982715485,0.35976420747513593,1
283,0.4560509193773335,0.2824353444243659,4.246863114728445,0
284,0.7174832796399667,0.4817629928186122,0.06105346077460476,0
285,0.722745034951656,0.5768140313925886,1.9913955594955843,1
286,0.2688976005745224,0.6573065047512885,0.7078291762257848,1
287,0.6347919126639753,0.25692517192398884,3.959151367889731,0
288,0.4018566556582146,0.6765355055039147,1.710615400004082,0
289,0.34410768206025805,0.39854471726113044,4.5931925137399,1
290,0.4747036339802958,0.332753671120397,0.5756824449155545,1
291,0.48244898905295025,0.32227481261685936,0.2586094542380634,1
292,0.3702337650210604,0.28777672949761585,3.194687997694992,0
293,0.41756689034928474,0.6508585627439059,3.2468964679888015,1
294,0.3011661260606561,0.6349715164796583,3.450258883146147,0
295,0.5784434134104671,0.5583256252831281,4.3999300248041395,1
296,0.9304086857520529,0.15876740851266402,1.8705689444583775,0
297,0.43409803497408694,0.3103865626217894,3.57338174988482,1
298,0.3007015266703679,0.37742755234270015,2.445710414574147,0
299,0.4944549690731529,0.2918115108307211,3.3011557859406038,1
300,0.5543210740501661,0.2928536018005906,5.023037221101952,0
301,0.24720844487246263,0.2832864826344158,4.7039773116394095,0
302,0.49823969144081026,0.3040748411986397,0.7504657557970278,1
303,0.33826584356559414,0.38561951147917456,5.059632200680264,1
304,0.6039296325389525,0.4229141208015032,4.3866272009339164,1
305,0.7983249427591927,0.9228233715080421,2.6902173254463837,0
306,0.4904257344490695,0.72484618580904,1.2366426894825804,0
307,0.6030816175018666,0.7144530463558545,0.17146372104941382,0
308,0.5545686210355251,0.7130298434648384,2.2325873428407594,0
309,0.3709747217833755,0.6112880572379812,2.020872900011612,0
310,0.4304473100129635,0.26021967807074486,3.741060070951518,0
311,0.3765232936621214,0.324277889035147,4.399990702242442,0
312,0.33763546644487696,0.3365869488567408,3.8458384026517285,0
313,0.437265625015286,0.6823380757432106,1.2622050747771516,0
314,0.39538763798509563,0.5440311167161987,6.1069927180577235,1
315,0.6660740348893274,0.6274118888283915,2.323701677138367,1
316,0.30898825829246224,0.6299195874657241,0.8375075305022062,1
317,0.3535400911762766,0.5073231979937836,2.309041863862291,1
318,0.48360937345654875,0.5257443111024444,3.3889694589647945,1
319,0.2934885152374476,0.49707621404741653,5.146826098114703,1
320,0.4773216531593961,0.4953242933127387,1.859686706803868,1
321,0.6991390697532611,0.5226469363290384,5.636268122512231,1
322,0.35809328967838705,0.604755017163857,1.9541206022089623,1
323,0.31517027107046075,0.3853552517104658,4.0124687140115025,0
324,0.7505908634023271,0.30283728468409565,5.66831189393014,0
325,0.26737481486675996,0.518064543510604,1.843451521932128,1
326,0.45278397560702555,0.2767295213647856,4.469270612004888,0
327,0.567108290503516,0.6916185324538363,0.5436417876864051,1
328,0.46945403166732025,0.6711282391757751,2.6301812569418175,1
329,0.005758899344146268,0.11730563907759863,4.825991540340283,0
330,0.28405403431831383,0.3891574547013842,1.8675928449015353,1
331,0.6773987165604732,0.6224463845622453,5.009887846073816,1
332,0.722472847956899,0.5175386981836735,4.791203545238052,1
333,0.4738590460801771,0.2837940829408855,3.855080697142609,1
334,0.26628820882860205,0.5598192460815181,1.7106476784132825,0
335,0.7509533497148387,0.5853518567606953,0.5345483647611884,0
336,0.3078225499974688,0.4987922996085453,5.215441435403933,1
337,0.29878673815944834,0.40617914746763994,2.3614322276124313,1
338,0.7341341564619205,0.4303559099102218,0.13278754571386123,0
339,0.317139536638648,0.3019130881296994,4.864874262461367,0
340,0.35342076671226086,0.49880170485817266,3.419964984139319,1
341,0.28501131298950844,0.6000785611395675,4.51446585864983,1
342,0.4060219346148698,0.49032939047709173,2.3106458167030293,1
343,0.4973087737580378,0.46084606491937247,2.9356319855135005,1
344,0.5143872951745071,0.7409057785568041,0.8967048542844172,0
345,0.6335166616951203,0.429645198059714,4.089097471566412,1
346,0.6606655390941297,0.6174243720530596,2.159177502319512,1
347,0.5407052581455553,0.28225871905028665,5.716435868264057,1
348,0.715939736717284,0.4540822063596767,5.0655391566670005,1
349,0.9120149509329689,0.013432827870434897,2.3013730538452344,0
350,0.6630990287715276,0.6599914360742393,0.4419483763993725,0
351,0.469675572826912,0.5789680915744982,4.825954618853506,1
352,0.4064744482556763,0.6787916533275907,0.276719199308643,1
353,0.8716807450362499,0.5069848719822343,5.018981573161217,0
354,0.6906703110542044,0.5340061716016695,3.126624952310997,1
355,0.7191942047987179,0.4635813484737252,2.648649125083225,1
356,0.5840447061773701,0.3067865446668107,2.7980342565177363,1
357,0.4265636352945802,0.8366523005250583,0.3053460855021788,0
358,0.5098028571470001,0.729904919296333,1.927304929233376,0
359,0.6585629805119968,0.6552341972429337,1.0224425089093556,0
360,0.539343028313035,0.2754752512178789,4.083146160282593,0
361,0.560713379341114,0.5757414073891249,6.2704229884122356,1
362,0.32461744814260135,0.6608254251362117,0.8708707409557033,1
363,0.40329066411752595,0.5306137285888556,0.230801330619002,1
364,0.30791310682199724,0.46429344691166385,1.12006677210341,1
365,0.3238680359060843,0.5000441111548024,0.9337487999753239,1
366,0.3131991176635129,0.38402099503383885,0.385029148685181,1
367,0.528697034325469,0.365894182183024,2.84777078437462,1
368,0.5657230994740614,0.6984178608355734,2.2149489379410383,1
369,0.5165717118175508,0.642840957446417,1.8092066782525784,1
370,0.6601602044547693,0.8886541138983298,0.661726398821622,0
371,0.7876769003505641,0.3589215325915124,1.2480549175205646,1
372,0.42671609261634763,0.667980333058116,5.284828798986784,1
373,0.6943573766136306,0.5019871365056665,1.8290059863691135,1
374,0.12597905928072742,0.016044590200219973,4.797789247413522,0
375,0.02074739694096213,0.9952221443449683,3.5296598965498736,0
376,0.6545433831545251,0.3029852929893132,1.128000041564064,1
377,0.37093248338767665,0.30336627030113894,3.483331894780133,0
378,0.40566911691876706,0.2871228314695974,4.959928567642384,0
379,0.5279672876754565,0.5445179518364184,3.368849794558282,1
380,0.27853180909031316,0.13734163407539188,1.4415491648692007,1
381,0.7158258096883645,0.5709670853931449,4.887528071365054,1
382,0.5135996616649611,0.6613635431184016,3.4000919398093084,1
383,0.930089235289225,0.046885424273401234,3.6505741199338746,0
384,0.6940756558103754,0.4270334285580255,0.5494661255273945,1
385,0.2904169276786532,0.46552538062686305,2.8066446646799648,0
386,0.6686674391875119,0.641413499531876,0.08357595398233644,0
387,0.43437578811630184,0.4744686562447119,2.9377022352369697,1
388,0.6960807962746024,0.6321063747932467,0.8923220108664875,0
389,0.564660749762394,0.4792211518559735,2.4921046319211912,1
390,0.41791016993431973,0.5160842933063564,1.973760599129367,1
391,0.5965800458480144,0.654582224518699,5.603308917712346,1
392,0.24416498919706478,0.8318892411920255,1.356329807117398,0
393,0.2785979109364657,0.5218939379070526,3.7698681121664563,0
394,0.7262798510873795,0.5482067306398825,5.562281618295791,0
395,0.2845227261923544,0.6235452541919635,1.6309010201561325,0
396,0.38857872189459963,0.38179082769553024,2.3621160961910577,1
397,0.761953203044983,0.5692547538572229,4.817623584943512,1
398,0.6355170814672743,0.6794770075944727,0.6502138621492146,0
399,0.38674338294714844,0.669571558071795,5.858826896060984,1
400,0.41695486203876714,0.6490226732919593,5.546255951418586,1
401,0.24517389828659442,0.583608131377789,3.3399301226454208,0
402,0.5854884147039688,0.5618695252437038,5.780799521121257,1
403,0.6830736365526128,0.38612940132124557,0.30398757248674113,1
404,0.40937991583787725,0.346257153211136,4.757384686281313,1
405,0.5615428184512753,0.7102113960534986,5.190486348831547,1
406,0.3676281591131123,0.3244899907140545,3.4497361363199524,0
407,0.7272924660562767,0.46902631195109945,5.829939924651848,0
408,0.9099699619363535,0.1311604904330407,3.120632672010054,0
409,0.7104907223193289,0.3736416790906126,0.8055540648484119,1
410,0.5239258364092872,0.30564405448934684,2.853450943477721,1
411,0.47550019022881657,0.27874733819073805,5.478097606592892,0
412,0.7536428114313573,0.3871937172504339,2.0889729246334046,1
413,0.4518537206004488,0.26272531421862333,5.197212077433677,0
414,0.6596200377221374,0.6635552058036817,0.6002960156263083,0
415,0.40053679338865517,0.3688867069679941,5.7016794367545405,1
416,0.5977015281339907,0.6636067532988382,2.9517704668600526,1
417,0.36755293906686864,0.39555836155642893,1.132297883663266,1
418,0.2754691921011931,0.5438697522627436,3.6923230441836767,0
419,0.25483400995634115,0.5517029792841189,2.740533976760614,0
420,0.4237124029079618,0.6510015038911097,3.226362854630139,1
421,0.7207430626274125,0.3743832433196249,5.749128970725356,0
422,0.5682630429918992,0.3168844106257827,0.7168440319687361,1
423,0.45705814191980537,0.48323287390968145,0.027886064877585492,1
424,0.2309580704894252,0.4987974675153518,2.5764517962559164,0
425,0.39016997923500546,0.3250742305153331,0.8367370664287511,1
426,0.42288518553576976,0.4222773959055951,0.7249569119967506,1
427,0.9990707448993317,0.015865540263935503,6.188558015064859,0
428,0.5304486783235426,0.4491723438726397,2.6249814975858117,1
429,0.3648071255770592,0.33336584648010104,2.2060789326771464,1
430,0.5429434053986542,0.5223765868366722,5.845068539822135,1
431,0.8129382287281889,0.2577480353389971,2.937411118545666,1
432,0.2664502711477591,0.4660095097103345,4.0865853563874515,0
433,0.3733882046581204,0.5227782721518317,1.7511535904396416,1
434,0.497018476106696,0.679494994728237,0.5681477889240847,1
435,0.2769123800960453,0.2789918570827646,3.9187436344808932,0
436,0.34447994384260544,0.3865299450357655,3.909560968509717,0
437,0.6012112340385375,0.3007028182332208,4.676449754911472,0
438,0.4369178681210136,0.6879701757048038,3.542105312276555,1
439,0.280892914010478,0.5530688484625171,1.690995884282575,1
440,0.3177211307698204,0.7880776966344826,2.1603120414937633,0
441,0.5279967713695449,0.2881761504544324,1.1624064095806605,1
442,0.2618002633706724,0.38554195822847687,0.3673176063689815,1
443,0.37363170883457236,0.6224098719978424,2.3799317395048973,0
444,0.5882696305871895,0.620603798121676,1.4312651109970582,1
445,0.6794357971878557,0.5135616825416742,0.945978329292366,1
446,0.6918927011129544,0.4645808314858296,4.14255486177375,1
447,0.30726516721190944,0.6030292570877178,1.5467018240984003,1
448,0.5359464566096838,0.641173460594182,6.058238843974904,1
449,0.3478799631394544,0.4728451598633648,3.7377871390704542,0
450,0.4561955432348091,0.6635762093472524,3.6961210240193534,1
451,0.33170467679238125,0.44558832502913187,3.30875828542974,0
452,0.42033622283273325,0.6015816833664561,2.815720076558575,1
453,0.6646947930596263,0.5570021340508088,1.2240777512117529,1
454,0.2759652133994545,0.48700629763411474,4.554981386668326,1
455,0.4307893429490956,0.26137994981560986,4.185511660624804,0
456,0.7392826775512917,0.564636817118574,0.6130027598030292,0
457,0.5228327580616337,0.34884027326647893,2.60820029051535,1
458,0.24324751201340167,0.5121561041649513,1.7349981504018297,1
459,0.5262412863469278,0.3699462188470438,1.8602337356212515,1
460,0.6208198630056889,0.3143807205147577,4.6315162780457015,0
461,0.7147996632955725,0.5100435154688145,0.5740898091340356,1
462,0.2848349432154371,0.5585494562672966,4.753940463286824,1
463,0.7206750776906962,0.5406795729947368,4.544115495680688,1
464,0.46036989886769697,0.6814986419735662,0.866561234097798,0
465,0.49484932548007743,0.28499332218376144,5.11480633198586,0
466,0.48870297530479795,0.24209972265777285,3.95375251393385,0
467,0.4492899862154245,0.4391836756868074,6.2367436211114144,1
468,0.061087884952085066,0.009472433061264874,4.551371637191911,0
469,0.6561404211602466,0.6494023209031363,0.1398849290571593,1
470,0.6859393882901603,0.7928793246817877,2.9137675291987155,1
471,0.5946465733099487,0.3531712321743945,0.8981690745900931,1
472,0.4683711145892168,0.3326003956607811,4.509292508051711,1
473,0.5656605127384202,0.723927883205961,1.2077279675079111,0
474,0.2775301454103599,0.4217577427778173,3.4290752037237873,0
475,0.4503817457050038,0.5811062489453859,3.8302039295605144,1
476,0.008819890733983994,0.08638938459771626,4.286428962779809,0
477,0.6237039645084952,0.4509953814811059,3.2648167320378843,1
478,0.5475412292315297,0.5164318264419558,0.9134126048482107,1
479,0.5823215279839359,0.5598812790901884,0.41332884559885874,1
480,0.7136623071228526,0.7060414422110343,5.679677927115337,0
481,0.4639825707470225,0.48118455219794537,2.2824113478903216,1
482,0.27440318220499216,0.8112844491526914,1.3797057276400178,0
483,0.7404669187535732,0.42554316042589196,0.7222854347538804,1
484,0.3257455083804679,0.5035073983641819,2.8870076929960256,0
485,0.28120675170525933,0.6207545501636935,6.111935014759226,1
486,0.5888506610272115,0.357539254905125,5.055913883161818,0
487,0.42381862361616723,0.6287148513187483,1.0024682418015871,1
488,0.43427888376670976,0.7119294099741283,0.8350766706706426,0
489,0.3677254264699649,0.6994127762757439,3.025936411213061,0
490,0.5864624581565807,0.34169551714045326,3.4978922380764836,1
491,0.6716206838108882,0.4023394727084874,5.361761567256938,0
492,0.5405432977404974,0.5690669796151826,2.900593322698416,1
493,0.3266720483515281,0.7136066543696783,2.7896069527585867,0
494,0.6666247533563857,0.6622319101166947,1.7463101112289174,0
495,0.7167175347384602,0.507878125385629,0.5517564788169141,0
496,0.64170200715651,0.35416260582488046,6.2113408413909585,1
497,0.6243685030136862,0.3857961367054991,4.415513617085066,1
498,0.7771213139571311,0.35684029830189545,5.504343884118929,0
499,0.5565395577231758,0.6381026026859895,2.1760880751184897,1
500,0.4626345132761032,0.4210252030346324,2.7425600400829016,1
501,0.2835988903793092,0.67031993080358,3.1113890919561977,0
502,0.25488228793988726,0.855962492630213,0.8473157302499076,0
503,0.6827975644531605,0.6331393656289908,1.0507669673703453,0
504,0.7282159307595681,0.5145795694295686,1.1934601125210504,1
505,0.7601449622837992,0.47570453318413153,2.6536013504804243,1
506,0.49579778132512525,0.7353181086312259,2.3016162767101607,0
507,0.5934663005358021,0.586607039058627,4.999110792896144,1
508,0.5836590657376561,0.42597804910477477,4.493163249501387,1
509,0.6141838448854754,0.4957109835291683,1.273265651783413,1
510,0.21133256965231142,0.4456270191662931,3.4151607684047924,0
511,0.26048251888693263,0.5383485343879829,2.355902231240565,0
512,0.5335643844606244,0.3006136496765475,1.4609107452586831,1
513,0.40639893722980847,0.46656611732196873,5.497563940400952,1
514,0.27913108409633147,0.5985801880502287,4.779143375910272,1
515,0.5696488753582354,0.29403292892278327,3.9484388494509366,1
516,0.6171212772093082,0.36734154444649764,1.3847534642189514,1
517,0.685522676032159,0.5278110087864949,5.146543816095416,1
518,0.0037419788215023544,0.04006064584657515,4.582686563133045,0
519,0.366192588649488,0.659871674820594,2.0109243313011897,0
520,0.5242899322130165,0.7017462773761318,1.1645821669938097,0
521,0.653723208329605,0.5823153960920171,5.0692481125697535,1
522,0.2693617393278132,0.583926065999505,5.199526158788791,1
523,0.5512702167862071,0.3455028332437307,6.249190606601366,1
524,0.8264592604865376,0.6418251420080822,6.186405556541263,0
525,0.43561580576938486,0.5185498412293309,1.6170956529500347,1
526,0.35615386339631644,0.3633266999756921,0.48433137818864447,1
527,0.5636063991215972,0.7269169700258594,1.6286713009994762,0
528,0.4278082245913968,0.3090193269140228,3.55697989088089,1
529,0.4855508197658534,0.6817780472167707,5.3832843885098525,1
530,0.30119236411296124,0.589854101903617,3.390265298929704,1
531,0.2864643086684753,0.5847989218096886,1.562229012403822,1
532,0.4647522450451438,0.5303728623616561,1.1101126213005177,1
533,0.3619230908122797,0.719454165632292,1.886064526823825,0
534,0.4911545197049809,0.710632925481118,2.9532602967118815,1
535,0.4437938913225285,0.6961737496909973,2.341648654164927,0
536,0.498083813708681,0.7984257147020402,1.0439359035084383,0
537,0.5861457707841831,0.7010699097264541,0.9188890663309734,0
538,0.5568489635688846,0.44795492265942766,2.7979072490571797,1
539,0.589934004177455,0.7008830025226331,5.449745439982608,1
540,0.00585959004649745,0.14106321881215522,4.057540070921659,0
541,0.7283969780702698,0.44028364729574526,6.015303918470464,0
542,0.1046243692934014,0.21202857726679383,3.385154419701791,0
543,0.7200300476994806,0.449736975875738,0.7033773634434037,1
544,0.45198409331214445,0.6830875311407214,2.06724256709463,0
545,0.3757834499522309,0.3029461034580744,5.110133303702411,1
546,0.4449459063406,0.5353325845013557,4.932756412487949,1
547,0.7582021131052753,0.5426924707997446,1.5592257217075092,1
548,0.03446565783237896,0.9440376288607114,5.067003385271788,0
549,0.3875352197541881,0.43063439665097614,6.124888287032058,1
550,0.3287356387348925,0.5816430785989961,1.829440804730544,1
551,0.419800340847576,0.2827671428439292,3.2612849011247826,1
552,0.3560176482161669,0.5839778339349044,0.7200989294857296,1
553,0.646029004324656,0.6248515598293757,1.64381180334123,1
554,0.7047472843047293,0.41351633813216,0.6759627569115574,1
555,0.33087091621471915,0.36636487141686624,4.397679442533777,1
556,0.3359731286843274,0.6413637052635243,1.0704393486711288,1
557,0.28260195530342996,0.30435426952704925,3.6534882092686267,0
558,0.4691634470169332,0.287289468807096,3.6123327574520423,1
559,0.3686097839163779,0.3488675348190462,2.328196067601505,1
560,0.3382606692079317,0.5431064593839886,5.823597554061537,1
561,0.768624032357131,0.27343336318513556,5.869234779599292,0
562,0.7085279491286907,0.5229048059191879,0.024554445457413365,0
563,0.6977351726357407,0.6066037414418561,0.9057038230155455,1
564,0.5818223514851861,0.6886709170362193,6.125951092010909,1
565,0.22917966967368444,0.4343411032698801,1.5458761430610488,1
566,0.3608877530205336,0.46969087524132735,2.949813605001574,1
567,0.7189491751289145,0.3948059016083546,4.887398701842052,0
568,0.25165268818493425,0.5142357876317467,3.3946996068501116,0
569,0.7192130993515419,0.43087157348549093,3.4304221743145065,1
570,0.509431675972273,0.5817493671351577,5.106686274901546,1
571,0.6611913272214321,0.4125560235059296,1.2070013562025175,1
572,0.5040215026390142,0.5103723559641399,6.208423214178961,1
573,0.715590534818138,0.5946489901605735,6.19419341134857,0
574,0.5622474413846732,0.3035283985973467,2.9412217578368676,1
575,0.4394537371597958,0.6316960038977807,0.6559131722122986,1
576,0.547639955991742,0.7708542455928278,4.9736900918559295,1
577,0.5000386101013689,0.26898783895971384,0.0844098976219444,1
578,0.6841328495277561,0.6292914080214923,0.3577232463901878,0
579,0.4866900463481382,0.5630937790595749,5.46753397768113,1
580,0.3802001991216426,0.2719188746803584,3.4096600741515664,0
581,0.2836800760685138,0.6065448851467322,1.3768375541899913,1
582,0.6555992350973214,0.3164790437290639,6.2498968453742565,0
583,0.7028662415799288,0.6066053505326091,0.39970451963783304,0
584,0.6394564363558501,0.5341296543656228,3.8507324226587456,1
585,0.6560000461148723,0.3930900163042748,5.6369522334311695,0
586,0.5487667434444162,0.2916383648002393,3.8449643373376707,1
587,0.5150429198405395,0.38963204633920545,1.2206875518091727,1
588,0.4967378510332516,0.28769980268427336,0.8778307980393503,1
589,0.2769942378402221,0.5371078622461857,1.7233926473263212,1
590,0.7001959010528178,0.3709055837076939,4.599334380700709,0
591,0.3604883335994346,0.6466689064765654,5.177860465790139,1
592,0.3767964929044833,0.3698852913020783,5.062205876306057,1
593,0.604423492228031,0.2677480590890744,4.943271482484685,0
594,0.5838768572815234,0.6679337650186753,0.9657321757126074,0
595,0.5681472534904776,0.702238449367143,1.0531303577472573,0
596,0.27393825452602044,0.5402909561245351,1.8460777861191624,1
597,0.2358851869890159,0.8529763024764279,4.000462162740789,0
598,0.7130032610623273,0.4051625172715546,5.307643140640219,0
599,0.6206243523919462,0.6866413532047853,5.350218187273725,1
600,0.40885104087124985,0.3141629966314411,4.452440188586463,1
601,0.8762339916923382,0.9900288792239327,0.5599065532277294,0
602,0.6118684274995405,0.5835267264444742,1.5038518497017563,1
603,0.571299642964982,0.4196537456354164,2.9373901206493,1
604,0.4122700484275986,0.2877778822609213,3.162208213192387,1
605,0.3711083930521645,0.6820424051799628,2.98789054421803,0
606,0.5182012666357642,0.33703126872284683,5.0005680957776875,1
607,0.7304366318236137,0.490931624066459,5.537884222213429,0
608,0.36240843744534723,0.37225134803833465,5.927150921484427,1
609,0.33805366346705595,0.5489921135297386,0.22015726338077665,1
610,0.749567985606443,0.6146897318787337,0.8223439798405917,0
611,0.5236612516460494,0.28791760166881225,5.187675480149666,1
612,0.39763846545364634,0.4270536464554775,0.8810526336603498,1
613,0.45981879737098647,0.45210027158598587,3.76109829353992,1
614,0.5151358084916758,0.6866974191626082,5.336221454815926,1
615,0.4538695923178353,0.2838002857349435,5.548132462739905,1
616,0.45919353739019714,0.31738546193472805,4.728114181713645,0
617,0.9678455946869882,0.03226328613723101,3.1595678424932805,0
618,0.6441742757969963,0.3862460979975457,0.3569168451533409,1
619,0.4856528403071372,0.6983231099008497,0.6365270311918481,1
620,0.5808367057895958,0.650989518765455,1.8138015466105015,1
621,0.48796545736710534,0.2771218077995882,4.862464951811416,0
622,0.6297592787771834,0.40636335818818975,4.1090210056209635,1
623,0.45474695919904073,0.4949978127333445,3.908798914736964,1
624,0.47515911075810885,0.5080540622145592,3.008483857258285,1
625,0.5965433841448795,0.3975480526561281,4.610463185208875,1
626,0.5444299113398807,0.4699155291096464,3.9340011775891033,1
627,0.7108032348814225,0.5828954195701542,1.2163077949485694,0
628,0.4681217108616347,0.25996269249524007,4.611807856169679,0
629,0.5965051206790266,0.4676331398807982,5.159340506718816,1
630,0.7020053152711314,0.37745866931631344,4.944784781974712,0
631,0.6829131835364483,0.6107323635149342,5.536796147577659,1
632,0.4713493134565959,0.48011117537498366,4.380977410004017,1
633,0.5368910285429797,0.28569388143569885,3.3902717758740097,1
634,0.2524530958286048,0.5466755109087355,1.3238636710374523,1
635,0.9122545563517667,0.8663701735410918,5.815521625478576,0
636,0.6325136787220232,0.7233113526720469,2.360054798912659,0
637,0.4754465093955684,0.6558725400923664,5.167276908158334,1
638,0.5593106530396396,0.6897975785430454,3.229515216138423,1
639,0.458819638878881,0.28516081182776687,3.4537257316661245,1
640,0.04249143737724685,0.7770842251063004,2.4533700667133056,0
641,0.2713291779259353,0.48726980911481366,4.013504699453717,0
642,0.4017932266455622,0.5314499461306187,4.63009904668001,1
643,0.5523132838880686,0.5608620730303232,2.2586594899663135,1
644,0.799908637133051,0.37945585114709257,4.8696422358281,0
645,0.5336193830480931,0.7381345716771851,1.8694100729816998,0
646,0.1761938589554559,0.20663799775674782,3.645152470050006,0
647,0.6246643915039282,0.754858015464436,5.517857720030991,1
648,0.6544199154372999,0.6581630513366452,1.8876071751630388,1
649,0.5771017552238867,0.7010382684483569,5.693989735263392,1
650,0.31440286219949304,0.6041036066462517,2.6835155445244165,0
651,0.6169942097994664,0.3258646043651856,0.3657328783296548,1
652,0.6944276050919916,0.29979744872085384,0.4295398042677447,0
653,0.5951100113864347,0.562900399929516,5.374692510263423,1
654,0.6713736523630179,0.44130007970587753,2.507193087034439,1
655,0.022764907963070197,0.8918311692734378,1.2414191471537013,0
656,0.3876576407452889,0.4797911410364739,2.9834149647268347,1
657,0.6513068574611945,0.35376601443512246,3.584685688978874,1
658,0.7263085756553345,0.3988748633296478,5.40713481659093,0
659,0.7259646257288044,0.5083637088216718,5.260810310931856,1
660,0.4208723652744434,0.2838904200153521,3.5740461610403926,1
661,0.38849075770533414,0.6285942040017893,0.3369689433984481,1
662,0.3137907746035525,0.6443037510912509,1.7331330883301637,0
663,0.4356848420171888,0.2935769198401279,2.511454170845919,1
664,0.6153217881208882,0.2884804112278324,4.013674181419578,0
665,0.4874385328224263,0.5699419696551264,3.19267901875201,1
666,0.4795605957772615,0.6235850493802739,5.212927680734412,1
667,0.38464563455536027,0.3091442808461359,4.395274836692407,0
668,0.5873739751914961,0.7078782285578116,1.696188759109272,0
669,0.4703893235227202,0.26680142839597465,5.5969081857001655,0
670,0.2791710967099025,0.5930634647148866,3.799913623665948,0
671,0.6016371459300823,0.6663040886277566,0.46188743793523024,0
672,0.7214981348374965,0.5886173081203752,1.5814638046456528,1
673,0.309243852476966,0.7103762697067302,1.172990991199713,0
674,0.5758055506529363,0.7221743912420034,6.277792924542125,1
675,0.52505998480575,0.2825470075474798,5.36968734608807,0
676,0.020928600935128192,0.002684952454473016,0.21917634495740346,0
677,0.3019122525273256,0.5511125800790146,4.295773789839426,1
678,0.37225641990513025,0.34216957426653094,2.877453056304667,1
679,0.3529603057572544,0.3891375100081643,3.9651321497718355,1
680,0.36986766216563294,0.34488920573131926,2.872697934311201,1
681,0.6952589613059624,0.46994122644275726,1.6330168542313293,1
682,0.5822452287430665,0.5463751741698575,1.4676815116808133,1
683,0.6932834917521189,0.608869181412574,1.5286334994707267,1
684,0.8666468912206429,0.892122474821929,4.552322820660741,0
685,0.23240448252697535,0.3559157830460483,4.393327706212235,0
686,0.5208937430315931,0.6709426667908823,5.101301457584366,1
687,0.3854546716427053,0.43081877226608284,1.6541724440755068,1
688,0.703422783395737,0.5440750743872965,5.582275365458573,1
689,0.4174773021126259,0.5548335564926536,5.914141586697392,1
690,0.36948783923309314,0.2936563186492678,2.669166286787067,1
691,0.35912812921863724,0.3864407195331433,0.5877819550096597,1
692,0.29730601890444724,0.5911564178842434,2.245892908636275,1
693,0.6560472208803322,0.39207085458076274,5.491603284153195,1
694,0.663561746555993,0.2615322470724439,5.515486246432157,0
695,0.8224223148151353,0.40290884436201313,0.046284155396272564,0
696,0.5486282397034753,0.6958506814986339,1.6553906480538847,0
697,0.6792555146977993,0.39663972908058237,5.09279544946867,0
698,0.39190836986374106,0.38086786633730013,5.903720190169342,1
699,0.7105024255320596,0.4154562747315076,1.4587522655506435,1
700,0.4250613255273508,0.5597744134414189,4.860752512865604,1
701,0.35189760600471554,0.6854360878055322,1.8999584867231036,0
702,0.4171482955941531,0.701245535714617,0.34660237127535765,1
703,0.5527295641914721,0.2992909966836794,4.6047929916906885,1
704,0.1089460979389243,0.10757582123811746,4.111956003883275,0
705,0.5236920338752595,0.6322550490534529,4.596229125561122,1
706,0.2973036754805515,0.5911718132515185,1.9820603676921813,0
707,0.2957025650584912,0.5710969635562986,1.4122337361508381,1
708,0.6395013110975692,0.6821099087936324,2.7858035377801054,1
709,0.6982519267890147,0.34915067823782264,3.9783268835944137,1
710,0.3505949848013265,0.6055768662493513,6.131780320066227,1
711,0.8925603935612496,0.0788760612478175,3.2028675396324915,0
712,0.4001927179327102,0.4567706444098861,4.321249245709428,1
713,0.7269151375295693,0.650713412444811,3.5523055188183603,1
714,0.403386688318375,0.4164975290518328,3.5608535071814136,1
715,0.4376411618157205,0.4157627165776129,0.254937068337433,1
716,0.5523133854020772,0.2712277801955519,6.263727304236447,1
717,0.738412707243459,0.4721524989224987,5.208312135702881,0
718,0.6211193046291108,0.6306689003003211,5.599413098543035,1
719,0.7313609633021194,0.44572853275585844,5.978030307778003,0
720,0.39188739031006314,0.35955210079493954,5.848641234370743,1
721,0.47322466043728717,0.5765707755780658,3.3908878643001983,1
722,0.6306949837682765,0.6390353794168699,5.515470938355922,1
723,0.5757212321488785,0.5227856117510643,4.258858138306175,1
724,0.4442663545490278,0.19718487283582095,4.9682133814487734,0
725,0.6161608609156882,0.338864652185348,6.081607005742339,0
726,0.5260696176112544,0.3016428348682946,5.707097393126078,1
727,0.35451174882622816,0.18517293954515784,1.3383674151671814,1
728,0.5058217903579746,0.5588027129967287,3.240798447950257,1
729,0.6879112904015687,0.5053978097563576,5.110410596052762,1
730,0.532114029005261,0.7739189132245057,0.35593965082234913,0
731,0.5269598793077589,0.7070254445797306,3.743311161838742,1
732,0.4198262614569186,0.3303571316819969,4.757430566460169,1
733,0.6849548978189361,0.5203080656390238,0.9228211336778387,1
734,0.6180697996959214,0.6717837567672447,6.216273372622396,1
735,0.5503780949564838,0.24284282657177958,1.3552230279855966,1
736,0.5913814709487523,0.38092640998563615,4.714886973285453,1
737,0.7002638711101059,0.6090193710636576,1.3768778839951485,0
738,0.6588618954354032,0.6295095026783819,1.3468779477358,0
739,0.3371407319867082,0.5387929334656382,5.064248642626381,1
740,0.3732202321041643,0.32737593485634486,3.395979251151583,1
741,0.6362605116900718,0.1716868857094599,3.9218940502610353,0
742,0.3493837751719886,0.45017259843169416,4.558641832342774,1
743,0.35983026380033944,0.6547727717387215,2.680858399803224,0
744,0.6737116174046841,0.6616642033345289,1.832903134465228,0
745,0.5044599893729346,0.47795334061108624,2.7886780221631713,1
746,0.6684785166725502,0.3532439326229293,0.1180405374397333,1
747,0.35250735481769746,0.4976353143147923,5.658504339606288,1
748,0.4998856654134018,0.2731814702528175,4.847749173385879,0
749,0.5589661006563663,0.294190088381017,4.873705434977948,0
750,0.6825829277880893,0.6253643467484461,1.0302126887376768,0
751,0.7284376892432007,0.5032058874907721,2.4613783657656714,1
752,0.48997214039261583,0.26006391615057595,5.886628337365766,0
753,0.3445881647959587,0.35367707876825694,2.081075995630118,1
754,0.46054672265732055,0.3947467259860926,5.160634661369739,1
755,0.6711216790242276,0.37736224393123524,4.423375192726879,1
756,0.20528634227050255,0.2545249943464558,5.594400428840846,0
757,0.6033440850231954,0.5646323100973112,3.486580739293436,1
758,0.5402642741138791,0.7326217105317661,0.9688170191868991,0
759,0.7051965564987225,0.695010958138829,1.9158466589251464,0
760,0.7512619586433821,0.48374042421862207,0.3194869045879944,0
761,0.45747892599536116,0.5444026404035303,5.469563018333629,1
762,0.7460969720311265,0.5281002079341333,2.3855601107773983,1
763,0.5067602207271451,0.7035986209109906,1.5391678614058422,0
764,0.5333167380805,0.5843685803133573,5.4977843255552745,1
765,0.4643632570497288,0.4248598224345452,2.980068912675464,1
766,0.47226340794686145,0.5677576347744195,4.563300010462398,1
767,0.4039014443091174,0.6660628593732006,5.338873265176457,1
768,0.21410615290236668,0.4864184312606892,3.796092702630096,0
769,0.4348371084313418,0.6472492670860842,6.260933168599344,1
770,0.6402903084953336,0.6532444739855157,2.105713070688723,1
771,0.5936600089087684,0.7196203695135406,0.02673703540469763,0
772,0.5478170737652825,0.581097944098284,2.807518351664368,1
773,0.43070315200503295,0.29179078028425737,0.6570675707057254,1
774,0.3851662898370025,0.5120136408633154,4.304492826799011,1
775,0.42645523004940294,0.6884369158504025,1.08914367641406,0
776,0.5211045510468695,0.5311272941779741,4.867983918642801,1
777,0.643515460774077,0.3472274870142797,5.4467475504174,0
778,0.2418116618210906,0.47500809275096856,4.797035467226249,1
779,0.550894659012109,0.42164523432538,4.1309714954593355,1
780,0.48993539725121016,0.47170600452934597,0.6712967204594004,1
781,0.343607087700103,0.6287772113448329,3.3543825585766127,1
782,0.4628852473327396,0.30670387814646144,1.7002407731043052,1
783,0.7359413257524954,0.48515744214148293,0.8742998376360693,0
784,0.5033065826784363,0.6075363463860189,0.6275145248067793,1
785,0.27696171541335124,0.34676025122933124,5.283792582886937,1
786,0.6139152801021122,0.38499765299896804,5.465327694542001,0
787,0.7217323684847231,0.5936596365561135,5.156984980226965,1
788,0.3771718007674669,0.31961971298440817,2.7913348279404384,1
789,0.5419331375757946,0.7164139085126175,1.2497317910789207,0
790,0.44023633238979165,0.49897409708784424,0.6444603091208135,1
791,0.655821623821044,0.42055015695953035,5.743187200040477,0
792,0.5332566861050031,0.26796688576581434,3.4091402478641526,1
793,0.8098889652916258,0.3128866282124106,5.3942718258889775,0
794,0.8970119920455056,0.8294300210518685,6.197420497749406,0
795,0.34675638052593927,0.5796417053113411,3.319855002810699,1
796,0.45376313979614585,0.6098325432201698,5.252670013964332,1
797,0.48511663216387585,0.50667055384423,3.591529381793313,1
798,0.7417900215480333,0.49227480913982524,5.155450254213872,1
799,0.5774901709921622,0.29500991826236017,5.803975996748738,0
800,0.7044216088717664,0.2088653962354957,3.3847829177988347,1
801,0.45210579293746234,0.5676072518529768,0.6034383317708787,1
802,0.4369971279767838,0.6540049308360217,6.22706734191389,1
803,0.2902062755326788,0.42683294611452577,4.041700019213306,0
804,0.575238748850263,0.552519371054347,0.39206346801988273,1
805,0.6648383386103988,0.596927103983957,4.315902034706592,1
806,0.5373586587005903,0.738271536875626,2.2680630699092688,0
807,0.6030446298621073,0.5492245313606885,5.008182833773957,1
808,0.2839388252252564,0.7874638369604534,0.3489506599326371,0
809,0.5878496258389421,0.3651146846775457,2.9693053690500193,1
810,0.6205752990239612,0.4315860350630094,0.7836715864284532,1
811,0.3811810316064466,0.25975153660645367,5.503306908902587,0
812,0.6760143293155039,0.3608512028849592,0.42650064575107216,1
813,0.8768367585864658,0.03463487865739497,4.885936097881124,0
814,0.2727461991713102,0.7682954873493149,3.96750808421349,0
815,0.4979116765915503,0.43406392196894705,2.313698419183649,1
816,0.486008175484351,0.32012882849714763,1.4697817030462264,1
817,0.27240046245478705,0.4466165084539958,2.5694539462443875,0
818,0.56967912160502,0.29262806191406937,5.339500505676375,0
819,0.9172423506811667,0.4346765574461385,4.477177429354563,0
820,0.4096815083101486,0.532772295542784,0.7601435015639244,1
821,0.6679850166038909,0.4350346493717018,4.871085524926707,1
822,0.3743759896867322,0.3418816601106121,1.890255673982733,1
823,0.4183898511710108,0.4738330545186378,1.394686956076901,1
824,0.7095803838338715,0.6156037784144528,2.4417586038597587,1
825,0.7267399528513229,0.39073691668948746,4.1103534569963545,1
826,0.18727877395834494,0.007141444193155117,3.319596617207815,0
827,0.45108416547509994,0.3658333553094802,3.4181960289380537,1
828,0.03258161567868619,0.86180546942876,2.3601619282227864,0
829,0.6624057840435391,0.5339609172516635,0.40782792666194245,1
830,0.37076502089818314,0.3002242683856993,3.19531996565744,0
831,0.5385868488629127,0.5940936044961318,2.1838625283845507,1
832,0.6797045601606286,0.4954945009429374,4.915411963884855,1
833,0.7422017029574579,0.42232350998566304,4.680534586053521,1
834,0.2604283159267453,0.45439913585710906,0.41269906104116144,1
835,0.23610024092301216,0.5001879735305035,3.8452843567217685,0
836,0.7150505635619191,0.4459150703489265,4.814075093569638,1
837,0.3123892943820404,0.44364779116974623,2.775313970242312,0
838,0.886049598393667,0.016683849343830423,4.120399414541855,0
839,0.47789707190806696,0.36270886412942877,0.9253695680562165,1
840,0.6917654437052,0.3601380160241142,5.185318261778278,0
841,0.44833642211560154,0.4060106493085445,1.6365024184982675,1
842,0.39796323055748106,0.6348381514466718,3.25156433256962,1
843,0.4651266439454576,0.5971541134403614,4.625343204871364,1
844,0.32948875311301884,0.602041845727366,3.1319116864544774,0
845,0.7345199073207352,0.41300644783820406,4.842053569878479,0
846,0.6400336232009612,0.5080110437822822,5.304120434092479,1
847,0.3983917577219534,0.4994736190164002,3.8456693008060086,1
848,0.6487021013665354,0.6171854534761635,4.467132085324774,1
849,0.7298841425802991,0.4632072202644943,2.6258363591378258,1
850,0.5602496122385969,0.4965806725095635,3.9664480137223057,1
851,0.6651524632451378,0.5986810483557394,3.248150926144244,1
852,0.4159685929795562,0.6163715537431026,4.908437074757572,1
853,0.22869861375262568,0.5098043011030453,4.194030042951608,0
854,0.315192771696964,0.3695615712038742,1.6585624121310014,1
855,0.2675390584423742,0.3484897349720274,3.654127749618638,0
856,0.24364681717537545,0.38484894993699753,5.10913339178775,1
857,0.6039780367175305,0.6561308972334187,0.6061183116072502,0
858,0.9935157938456207,0.05790759642789334,5.56620424287744,0
859,0.6840005155074154,0.628482156166153,5.969456641449533,1
860,0.5479954556755976,0.5879273151956805,2.6081878963230003,1
861,0.549499721894237,0.7362948163258618,1.4360051906994897,0
862,0.3277648891349187,0.35985328456881127,3.26661839760033,0
863,0.6648384237552813,0.2111667790445749,2.294212932875808,1
864,0.6558454426172626,0.4955554744732377,4.780171739521503,1
865,0.5436159466804412,0.5337747893914858,4.131084365771389,1
866,0.3961173068209993,0.39962331352512037,4.253104836331847,1
867,0.7024369485911381,0.4240092235630619,0.5781516388496698,1
868,0.445724303202302,0.6595247998359808,0.49775578019290884,1
869,0.4222445353960954,0.28317376781814446,3.8203282118860535,0
870,0.44386111590616883,0.3788906133311277,4.0560207051609725,1
871,0.5188109892009961,0.28567789926448495,4.756223802122518,0
872,0.4331671515849318,0.6815981503205051,2.6098248704571345,0
873,0.2742034352049011,0.5350054955595217,1.5385207193448927,1
874,0.5742343546379605,0.35970260275017035,0.6644490315707853,1
875,0.7232971641217316,0.5605423213356361,1.3930349364217833,1
876,0.5605984741230542,0.6997455122050518,4.160348365604609,1
877,0.38188900345129395,0.4288044922641895,0.6731735550658305,1
878,0.45713643000534177,0.552867160188733,4.619666479137431,1
879,0.618461799939117,0.91852279309254,1.0176813051106486,0
880,0.39012484916159923,0.289846508663604,4.828270447899969,0
881,0.24534897015427537,0.5945497443967982,1.5672327225144864,0
882,0.7550170339710199,0.5186581533545563,0.18302471177021234,0
883,0.7208722116959331,0.40122649699318513,0.8593647212935791,1
884,0.7424462785630588,0.4932260866971271,4.926445303444444,1
885,0.2817836109472051,0.44830734337386835,4.352248998906729,0
886,0.7402551883153938,0.5771392859832585,6.032068612932859,0
887,0.32838952514048525,0.6547425559040669,3.9959105531022203,1
888,0.009830638430179063,0.09355628180918117,6.008363692798256,0
889,0.3109212414760143,0.26310641233597437,5.848670866467513,1
890,0.470599927522378,0.4797064367650814,2.616900355112447,1
891,0.707578007729726,0.3739224338086524,1.2964080621319742,1
892,0.5861535021365962,0.24953904452812367,5.583445553309148,0
893,0.4147145700079098,0.5112280880754257,3.9168837058756756,1
894,0.19329365651089794,0.048290205099936555,3.4708786623902577,0
895,0.35852403029626756,0.34732766031486084,3.4729202995086674,0
896,0.7043034337822375,0.5437577342572447,0.22059529947054118,0
897,0.6763489685573092,0.3364588352744431,0.009578677275719483,0
898,0.06422195533256103,0.9885720810269272,4.545641764372886,0
899,0.960578036979836,0.18330026890074846,4.369121643123893,0
900,0.6379670989261451,0.40972802540759634,5.804044112967057,0
901,0.493717030042688,0.31398540157156096,4.600103241987992,1
902,0.6167845550950798,0.677223785632867,1.5197250223399947,0
903,0.34702777455332606,0.3879779018589133,3.0974072275803457,1
904,0.22439591787840635,0.41695648557760656,3.9605367637050968,0
905,0.5751900051586042,0.5135112816605942,5.6152856914911204,1
906,0.22219989037580917,0.8762549693549208,5.891433834213421,1
907,0.7568973361305635,0.5772850097731298,2.0021239018985044,1
908,0.5023644822028108,0.7004079008995905,1.4835188728111453,0
909,0.3792394808804396,0.6786219108916298,3.206256761659631,1
910,0.4673786302994923,0.2696199695327225,0.3997724632027744,1
911,0.4221122623670684,0.6588070986474251,1.4436565745400551,0
912,0.7489820463528497,0.4760820857114471,4.138296708929436,1
913,0.5956149922016231,0.3206640212564365,4.1608205349811875,1
914,0.3429710342381872,0.6654671774307115,2.06063649267232,0
915,0.5381250056035086,0.5093741596764924,6.078481743132205,1
916,0.6676023901024478,0.3655913751198521,3.481098671862377,1
917,0.29944056484547976,0.35993192170133903,3.2898438433637676,0
918,0.6324828511421546,0.3485328325952272,5.227384007119081,0
919,0.22135055632237352,0.6599786539096665,0.9748031842348683,0
920,0.4914542410675498,0.29013437962476546,3.153139562044938,1
921,0.3705680570091774,0.31426331378884304,4.85657031106953,1
922,0.39632142156025724,0.46074717468454357,1.3886729497913264,1
923,0.5801461731981006,0.3958207612449638,1.5945665306733074,1
924,0.42951734877705716,0.6301196394112474,0.8267471807075644,1
925,0.9135717697389197,0.05396884251353035,0.9764736439294712,0
926,0.5870120867392536,0.2427193920599109,3.7392438367334813,0
927,0.5746867337187838,0.5131205640624211,4.612081427905623,1
928,0.43377223151283684,0.6064300749189073,0.046643197385275705,1
929,0.403935280158701,0.4165883549508795,0.359831456934543,1
930,0.2804744982530605,0.5803938822910888,1.2856006043336605,1
931,0.27820203036695657,0.38050111471134423,3.128421116721127,0
932,0.359686555797544,0.6407569442328364,5.544437702798319,1
933,0.6664291562759656,0.6167296732623243,4.581167003376867,1
934,0.368544563339391,0.34160162169086733,3.010023757131607,1
935,0.6262430097741167,0.7367989285489901,2.5745839016643375,0
936,0.3661649290674328,0.6314303551115124,1.8866161976897162,0
937,0.71220636689437,0.5556006535578869,0.12327224170303089,0
938,0.3438132222261683,0.40516578817126275,2.0878250398480565,1
939,0.3386528760097378,0.35244187803176735,5.522871669368885,1
940,0.2902668356574503,0.5057859569811467,0.1219091448262537,1
941,0.7438293702934476,0.4717308801391094,5.552748985677596,0
942,0.4172777387044198,0.2919098392631596,1.8826784388694942,1
943,0.4942240599342574,0.42915383424534376,1.1519434776720574,1
944,0.5926240281145497,0.3784962421226447,3.0972031975916154,1
945,0.5509412106723248,0.26393882449616474,4.25394505300252,0
946,0.47959943433392305,0.5997630262817928,5.05059899641016,1
947,0.5817156788359442,0.32038426368443923,2.9130952155530196,1
948,0.3674055084361171,0.6083977816735271,2.3228367304072424,1
949,0.7552225112195485,0.4563430952008267,1.8776529568613975,1
950,0.6378297064538136,0.3223812485553694,3.9038586684962557,1
951,0.45728217709884755,0.48266029244443764,1.7643249945557689,1
952,0.37944097034091745,0.3291514118559481,2.4599685549497687,1
953,0.28270807013451504,0.6348538343298163,1.9018189291850178,0
954,0.45867960418522147,0.4323451946563707,2.690153721140413,1
955,0.4085320804900623,0.7012562656569031,6.194009385173483,1
956,0.45004398894324266,0.27657954545206587,0.40395060231677726,1
957,0.280270765954199,0.49106984224548356,0.5049817782242253,1
958,0.4200982645855742,0.6839410695213242,5.935629013661058,1
959,0.2879900608771669,0.5986151107749605,1.9122865553464852,0
960,0.6835323100341957,0.3579990779397278,0.3773417129890851,1
961,0.14417263977150002,0.33332802448148224,6.031104901002464,1
962,0.590171022387453,0.6969095482893146,0.009386933647791196,0
963,0.5998237606092048,0.295033668074742,4.042908179063735,1
964,0.781761271555402,0.9910456542946054,3.741375782028142,0
965,0.6517501901035035,0.4895398067110682,4.992133619528347,1
966,0.2654763007378656,0.3475592816650594,3.7299697113951145,0
967,0.7579552410026473,0.4465634563143195,5.934441034082267,0
968,0.6152198358176645,0.7127336948326474,4.4503409216596115,1
969,0.4534623480912451,0.5047325782651285,0.013093219442221304,1
970,0.30686998801539656,0.442740197373341,5.198001046714921,1
971,0.16290199446579443,0.8935791775913304,0.962764081199852,0
972,0.7042318658623201,0.422653007214337,1.1613567764136683,1
973,0.6865059327042177,0.4972578485269596,4.4212391508441655,1
974,0.4156882565337074,0.5553347261868756,2.414032059082417,1
975,0.479121178970601,0.6922275562894653,2.4372018087564693,0
976,0.5064058700525886,0.7529807850120974,5.65613762834859,1
977,0.37080382241390225,0.38946075978880673,4.531956141684647,1
978,0.5457472750165937,0.5593754026023374,3.0442700980203647,1
979,0.5155092060219213,0.3342305324100725,5.087253101821615,1
980,0.6065957382180983,0.4163720259373448,2.0199754662852105,1
981,0.015846772653914026,0.25603937926973036,5.89395207692423,0
982,0.6709098189511077,0.659356073645767,6.076950787458519,1
983,0.565002904724434,0.30586654084548076,2.230663099021077,1
984,0.461339755361515,0.46060887571868525,2.1346541972887563,1
985,0.2644271176392495,0.5863602929568161,2.6372953176709495,0
986,0.3553669843127454,0.664396087874094,3.06899811556768,0
987,0.3262011476017692,0.45793615863157583,5.083055988284564,1
988,0.7959792401798218,0.5098891072185743,4.500481792819728,1
989,0.581006578955959,0.5857532079130766,2.4982318258192064,1
990,0.8458677459514935,0.1103576100864684,5.846203241342076,0
991,0.6502959818883932,0.5597213168512888,5.432132311885421,1
992,0.8275122312197553,0.6557683151354136,3.336836337789508,1
993,0.3222814459901345,0.4344584573743243,4.733587904471523,1
994,0.3888605630029844,0.6056213976801731,2.289194860158264,1
995,0.5770578046034555,0.4832580380044537,2.548931472170829,1
996,0.7321395452142275,0.4777155682092274,1.6167926213992805,1
997,0.47713217776416733,0.42001551286292,3.5946172415102122,1
998,0.32741211412022914,0.7405454667435848,1.5341248358328274,0
999,0.41234115854065767,0.7074796818487792,0.9751550329578543,0
1000,0.6205314784818625,0.6481687830240639,1.6963064134927706,1
