MAX_ITER=20000
STATE=10
LOG=5000
GRAPHICS=0
INITIAL_STATE=r
POS_STDV=0.0008
ANG_STDV=0.1348
NUM_AGENTS=2000
ALPHA=1.57079632679
PERCEIVED_WEIGHT=6.283185307
THRESHOLD=63.6619772368
VELOCITY=0.0008