13260,234.224
1,0.06781549325654417,0.08376741347520247,0.40532333557603534,0
2,0.47637994957390084,0.34954217388277603,6.0979901193971395,1
3,0.6748074734887715,0.4461248311349696,4.106260046032033,1
4,0.5676404852016055,0.4384988206629358,4.019327623401179,1
5,0.32266014077953,0.7303299069191966,3.251510054398222,0
6,0.5332898511928323,0.7842895527146346,2.733114994669623,1
7,0.4016144457160529,0.7729199276761991,0.8637504476105243,0
8,0.756900293664122,0.5454175026201395,0.9513314188381707,0
9,0.31747484189320063,0.6282047966388111,3.7801775313227286,0
10,0.707845093022097,0.45646859394970346,5.233794157950858,0
11,0.6201488825346361,0.7453328821900838,1.7607111762811043,0
12,0.6784778444337596,0.4173699651493938,2.012636967223204,1
13,0.6923849765193258,0.41995723491643666,3.3436025497697854,1
14,0.649108218355283,0.7712371068917055,6.2050106574305595,0
15,0.5295877901125745,0.7893092609478907,2.968893473771631,1
16,0.41032676590883804,0.3805807471159866,1.115738684598985,1
17,0.6341356799168212,0.697257030009492,1.669359925507101,1
18,0.5189971290945936,0.8105840888006436,1.7529616886207302,0
19,0.6217740320066961,0.7637403945130781,1.6477100692838857,1
20,0.4004442508516114,0.6926482898001848,5.893370884542644,1
21,0.4340680299830505,0.4689873825027839,1.0876633732663599,1
22,0.7329533335366556,0.5714825901074726,2.325027746052043,1
23,0.6082890610057378,0.4480591456816927,4.748997499921071,1
24,0.3778610013780509,0.5060359688953177,1.9094626861135964,1
25,0.4290818123394035,0.5467842335558453,0.18404723805274323,1
26,0.3366800862240363,0.7269694379398169,4.123755715939714,1
27,0.5260386161897883,0.7170933162338523,2.4773651373786354,1
28,0.7735245390559444,0.5251977264284967,5.039000549745774,0
29,0.7031853971683918,0.5734393128695797,0.8238439843577458,0
30,0.44114358703713663,0.6490393968558086,2.6602672798941556,1
31,0.692930151073267,0.3982970618310359,3.0525568897325566,1
32,0.038763017006613776,0.04102024980311138,4.954686082305736,0
33,0.30979559135269424,0.5202118236253691,5.645541923039472,1
34,0.5636764853954489,0.5584018117520219,4.2656871464549315,1
35,0.6501438326850474,0.6751396501423218,4.454361608922479,1
36,0.7057769696250934,0.5455341554573554,4.599188060577729,1
37,0.3349685854121732,0.40661632807182996,2.31460923638663,1
38,0.6339460373905995,0.4783878798450317,3.166500093399364,1
39,0.6340996057369291,0.6369391134164117,5.0763168475144775,1
40,0.5815924689012951,0.763963963015767,6.210253883424693,1
41,0.28522272628352224,0.5962629431758992,4.305792334511182,0
42,0.508217912065752,0.7041931227634709,1.9470378397029864,1
43,0.6505672255039997,0.6981056213750321,5.29667513191454,1
44,0.6250892875493805,0.670000179543766,1.4658249014949598,1
45,0.715783015986475,0.6182977734238748,5.724443416671801,0
46,0.552477874385771,0.5154287754350946,1.2071178526341648,1
47,0.7375001296106406,0.555441143553785,1.0795798444410636,1
48,0.4958478663646862,0.8182301273689057,0.41988413995722285,0
49,0.48523700257395724,0.8307582256674856,1.4928106696853827,0
50,0.3802830335842435,0.32376142307595906,4.937066401040221,0
51,0.3834832168097851,0.691759540295248,2.6567008052422096,0
52,0.7073449107025203,0.4708396843037689,5.734810428572285,0
53,0.5399618063100742,0.4913588545954184,5.353202100707756,1
54,0.6596251397759583,0.7381731372581178,5.890448605349807,0
55,0.47409914287970545,0.3568992350580748,5.054965111035744,1
56,0.35350750367528105,0.4723063366771551,1.6043406846286226,1
57,0.4180369877338265,0.3076061354732028,5.2497998378871,0
58,0.3435496863479879,0.4584035012947794,2.929620679505828,0
59,0.5044877636634924,0.47301915455741095,3.916308761716306,1
60,0.34553134974567185,0.4245047670799166,4.423725601704419,0
61,0.5186283461352786,0.488090312943654,3.9032478248383384,1
62,0.36905976849127575,0.44156183836579926,5.1863251187554305,1
63,0.7180667685437003,0.5080342714804508,0.9050518343477197,1
64,0.31366421718713194,0.5241592576620541,4.444912792019685,1
65,0.501119651745366,0.4525107178846297,6.2300130419314605,1
66,0.592219072130879,0.46123031039840295,4.942255535072997,1
67,0.4504123437147273,0.7848030416472237,2.26592115397375,0
68,0.6873559012263974,0.6901060192253219,3.382485427320879,1
69,0.48111274560196843,0.7904438719222913,5.810459046972119,1
70,0.31969768695636286,0.6959253303669176,4.084522279984782,1
71,0.5098980344056001,0.4165574917471447,1.8856462921392034,1
72,0.5911547167218847,0.35984616698670135,3.169665573655534,1
73,0.3401633270982556,0.6777654953627237,5.7559387965771025,1
74,0.6240226868975987,0.7641292888135349,1.0176479712756736,0
75,0.5475668596731357,0.3513030124246547,2.836165787726278,1
76,0.4535224963505746,0.7030001413192937,2.8843318621101197,0
77,0.7050068641001337,0.650444381774806,0.41010255445450255,0
78,0.6303178985627648,0.6979089716747547,5.319115984035018,1
79,0.6518189521756037,0.5387569309754119,2.117502307797459,1
80,0.6570399699877051,0.5365515350404332,0.40857338584121455,1
81,0.7643806716894952,0.4040100026897245,5.022869541149629,0
82,0.3077012240519137,0.4746404976815972,4.534382727262458,0
83,0.6755801973319142,0.4718659012922397,6.266529933058662,1
84,0.3984589873497286,0.4463319227902883,4.280571409147472,1
85,0.7146005870510874,0.6389334960867662,0.11906875643516653,0
86,0.5425131525767494,0.6731620426551473,4.707653435892402,1
87,0.359653588098617,0.6568341250113083,2.6507114540217267,0
88,0.4356550237611352,0.3546265649836803,3.219419208473608,1
89,0.5768023593582947,0.7417669619427243,2.4951493160978298,1
90,0.6411737975470433,0.67143107102517,1.725361254386355,1
91,0.34583844287589405,0.6519380341825751,4.756269656433483,1
92,0.48803376023731654,0.707058375944244,0.8155372342188807,1
93,0.5525268467796189,0.30626027139400225,2.378071814798931,1
94,0.5511685200745753,0.2989166547814509,3.7051592551403787,1
95,0.30726800516236663,0.6841976278236568,2.55643869411599,0
96,0.5990347511508065,0.6806415963241023,2.0896526452989943,1
97,0.725366854329826,0.44657116849141226,4.819411593733078,1
98,0.7493150515116177,0.5637866640888409,0.3074298361644683,0
99,0.3513471505702778,0.6907282622101409,0.9344720705708993,1
100,0.29963004033518204,0.6545553294086058,2.686986717195035,0
101,0.3902102090220412,0.41570879430520813,1.1350834875930556,1
102,0.7394083793551184,0.5431947289324529,0.7850344632274407,0
103,0.35099526419256943,0.5591712991896636,3.286589474135819,0
104,0.4591714057188138,0.4324867706716341,3.597922534020212,1
105,0.4786492278069698,0.314332757185538,5.905015894935213,1
106,0.6308512918625285,0.7877613670104447,1.5276447547368357,0
107,0.4873319066576259,0.7556720277280934,2.508397354874374,0
108,0.5062713792674687,0.355344031777179,4.101691449474819,1
109,0.5311433634777164,0.6306700316267482,1.1623508517257917,1
110,0.6419406729363123,0.5257901936059091,3.84759134010833,1
111,0.7317131248823696,0.5688788284223514,6.063577377527795,1
112,0.42330291960789174,0.48281248862514564,4.562311974598591,1
113,0.309113412403597,0.761052842681871,2.280261594135498,0
114,0.46970925749387704,0.48380290756674654,5.106520977953176,1
115,0.7078692393287696,0.48468421166800946,1.914622191421297,1
116,0.5995579821122902,0.49337374166462156,0.5293336848206587,1
117,0.5126794421786885,0.40964465029832303,2.0140999513534164,1
118,0.39661056356114316,0.7607913016415365,3.2398420716805703,0
119,0.47528294402156857,0.4341236818574223,3.9379272760511568,1
120,0.3264796773030354,0.6622306511490177,1.604349112118486,1
121,0.6691669778818135,0.5814176287411023,4.196308203628495,1
122,0.5513322408548693,0.6011798140252435,4.373762733703559,1
123,0.6638880811290023,0.3320461346012506,4.925302522987128,0
124,0.39134281555898737,0.3974017797561706,4.337964702522617,0
125,0.5680415295010361,0.35670417573462765,4.061806519149673,1
126,0.39914399596608363,0.3283974592070057,3.125303456386517,0
127,0.6241759577796722,0.6895299877264324,0.8428195512518777,1
128,0.5389025926009621,0.4444087738119967,4.956265600159235,1
129,0.5315378119550284,0.7318642613336582,5.875957013065561,1
130,0.697535009374243,0.46295767978468516,2.1288534617420507,1
131,0.6505776128163054,0.5805287468077056,6.126277188375092,1
132,0.379250514025332,0.3618793186038441,3.7599106574127896,1
133,0.6791932732152379,0.5265066074454654,4.565098474535696,1
134,0.6815369904066227,0.4489369302829675,0.17017479389106863,1
135,0.4175489167872441,0.734137851375831,5.889121006793639,1
136,0.3076871330556242,0.6438487906893495,3.6355570377121973,0
137,0.3790252242441831,0.3608858185162823,3.480772609887041,0
138,0.604096905168498,0.7032646933086062,0.4853588635769613,0
139,0.7055219102745489,0.45246611833514083,4.9645374184404885,0
140,0.29057997044827505,0.4546888627417469,3.4323713731941403,0
141,0.45187361860936764,0.8025516976361781,2.250538241875304,0
142,0.4915426863518775,0.807322328602434,2.5055383197460968,1
143,0.6159297017457863,0.5083071986293006,5.871958518393536,1
144,0.3534600671259721,0.7038729616357898,3.5754258077680907,1
145,0.49509355215502543,0.529476145127202,4.88417421019816,1
146,0.36548354230328367,0.4876789435513026,4.423538654251614,1
147,0.7313635356271573,0.567566663285328,5.454898539670535,1
148,0.4729595578111717,0.3159625499945768,5.299509523455042,1
149,0.5012870332837365,0.5654439109533296,6.0604280953023375,1
150,0.3824198429555437,0.6356051540488861,5.952545989773601,1
151,0.36279989667102064,0.7564909307432985,3.0925134684376414,0
152,0.3856487966074154,0.35889918607822235,4.609740803465775,0
153,0.5426680571527899,0.2720857033810936,4.1043935547699,0
154,0.3940405709601017,0.3819743998331412,0.484105232796587,1
155,0.705506353848978,0.5699471905100963,5.295720044003259,1
156,0.5814809400656986,0.373647729523645,3.5818483698980312,1
157,0.5490706226938006,0.7004029779295599,1.2778529054020993,1
158,0.5747715040901672,0.39718109336914187,6.10247525966734,1
159,0.39120640797090833,0.34359687777520487,5.035862979959568,1
160,0.9751171190738543,0.0038873270052008605,1.703016058153053,0
161,0.49326296046942497,0.5034270753593914,2.474540945796023,1
162,0.6716314090962502,0.5516619434158868,3.877042717391837,1
163,0.9307295425863092,0.13639228595605005,2.7975541513154365,0
164,0.6865923297405709,0.34293112530671493,4.268458243316262,0
165,0.5088932962438453,0.35378703211302776,1.8404420934575878,1
166,0.4718882010198185,0.7429145211047967,1.4367845993178439,0
167,0.4292808574822553,0.4626254017980302,3.6161985839819377,1
168,0.6078139727405586,0.41645209785216736,6.084356236530175,1
169,0.6977671903794016,0.639064166357187,0.23609196384040476,0
170,0.4217170568957847,0.7565101195210594,1.459030507642607,0
171,0.44568977582034797,0.5657712920297802,4.0507348629420985,1
172,0.5034265564399708,0.4915691010152642,4.966919121472435,1
173,0.46430142094010035,0.6781366522152726,2.923104809479469,1
174,0.6167622961663262,0.37071438669833245,0.008527196618706157,1
175,0.3829618377985665,0.5838291828965686,5.118400639070958,1
176,0.5834981746026868,0.49291047504333496,1.588212029205886,1
177,0.42603822115738993,0.3904385054406513,1.7983702149823821,1
178,0.7176943354087828,0.38235321163874336,5.480387407898766,0
179,0.588171215328528,0.5253013121318001,2.3550751961476437,1
180,0.3644248696965598,0.3717968092577408,3.7361924424691364,0
181,0.36253027309707997,0.5293966922006993,3.5286252589428893,0
182,0.5204287374017672,0.6406283901617708,0.22201357354981827,1
183,0.6941582744186144,0.3884320852425596,0.022887517118303613,0
184,0.2995569939090899,0.5426194045561348,2.752708733486809,1
185,0.6815083567551712,0.3658851660810743,6.083510724547669,0
186,0.3675320473395534,0.33226100078256293,3.5822425015218067,0
187,0.41601513317585653,0.41306089588714523,0.13988277816245065,1
188,0.49467776105848393,0.4939988643531518,3.91511532762579,1
189,0.38690647512372606,0.6885841655972428,1.9135176732468393,1
190,0.372546486751401,0.6677564820586074,1.1965788832401643,1
191,0.442909571851567,0.48812731016001387,2.1183429097629336,1
192,0.36503796188283527,0.48605312410758394,3.209688254328228,0
193,0.5633461884254062,0.6749222641095441,4.332617269226887,1
194,0.4654892801454315,0.30001915810979024,4.2438964546749975,0
195,0.40740238983103544,0.3672209862558094,2.767593552373034,1
196,0.7018786609734909,0.4881805875960625,4.201060397930288,1
197,0.48134526311655657,0.8340539255264097,2.433396777785793,0
198,0.6522075191953901,0.6337506883563011,5.682842538055343,1
199,0.6732589988945122,0.5173064397445467,1.3386225609786837,1
200,0.4858269221391784,0.41422415257312206,0.14348626203318648,1
201,0.4576394197605038,0.8146928710833293,4.170588078081169,1
202,0.547441396355778,0.5730265355651255,3.2867915388992093,1
203,0.45129301307504843,0.7709515625335086,1.4278455839429331,0
204,0.47038985764712204,0.28928274532973436,3.3498422774266823,0
205,0.36596615702909485,0.47650579784761415,2.4384938232755613,1
206,0.47184332337735707,0.8254592521604619,2.199225075063798,0
207,0.3930048839160675,0.6496871413677235,0.021391720411041842,1
208,0.6693665210171975,0.3162873705264285,0.9728053470789013,1
209,0.5092420743105228,0.3486117121730391,2.4344938213938363,1
210,0.5692315060603713,0.417340638998221,3.4773433532661318,1
211,0.40714081286171294,0.4761787134854803,2.02999473420791,1
212,0.7492577775269026,0.5662975675440008,4.417738689042911,1
213,0.33139318975423787,0.5352011551364616,2.939164459658062,0
214,0.33440317060996205,0.4878407715575145,1.0175780688220055,1
215,0.691372693856494,0.4886745140160707,4.743595729966674,1
216,0.6515844063054194,0.4382015681830232,5.4570389149406555,0
217,0.44377177137611395,0.8137978623221764,2.8333565974577377,0
218,0.5181217205714012,0.38013276515396344,4.1903296429539285,1
219,0.7623623811379899,0.4927880643986018,1.5786098132370487,1
220,0.5530034919645269,0.7789208457535385,2.02945861029264,0
221,0.740170484175468,0.5583153423769466,6.2801733396422375,0
222,0.44359468174665156,0.33042546431065367,2.0285306986055853,1
223,0.4717608687327135,0.7168176588213858,2.986342683760069,1
224,0.3158341813843147,0.6370737202918845,2.0232937612222726,1
225,0.5954467958274671,0.3372901884913902,5.273799128566938,0
226,0.6863456773561184,0.37162596777806284,3.8534154152448514,1
227,0.5131771689938354,0.3033143304304111,0.91334177814562,1
228,0.7142955376017375,0.5092877899252227,4.2620622482765915,1
229,0.5910121201624201,0.43209958570794776,0.7809925063252099,1
230,0.6227731750468569,0.6912601126990762,0.6278184262594727,1
231,0.517718582321975,0.30103674621987325,2.3910158296928095,1
232,0.5017011601154139,0.2946869696099305,4.476070423506145,0
233,0.5486333063409321,0.3060696131659777,4.714069386058459,0
234,0.43323014430943624,0.5121560560905072,2.230686170405235,1
235,0.6698255963292066,0.5003514897435983,1.9875652181212575,1
236,0.7090903739685327,0.659902909108899,0.33043283935606776,0
237,0.5827184391904119,0.3337878724043646,4.516352596154439,0
238,0.5296474751980873,0.39156816507845976,1.1668319897260666,1
239,0.5374691780011784,0.678253059334304,1.892637045730683,1
240,0.4430388259132364,0.6371415176119412,0.11834656755564382,1
241,0.5439487045842764,0.4268001207139308,0.3455795007253844,1
242,0.6537788323651887,0.5978970420522598,5.439605357792038,1
243,0.6104477482070108,0.5960395250153052,0.04710725819762687,1
244,0.7118130662615652,0.46267622848264883,6.251780239629898,0
245,0.4591443072267136,0.48210071448843844,0.8602628117334042,1
246,0.6502350430175998,0.41132266639148773,5.277083282051695,0
247,0.2665001819835703,0.5168877174347074,3.6051050810500618,0
248,0.5798450200375583,0.5671406298292087,0.9516318773604145,1
249,0.4870011991157365,0.7358650542330267,5.685758519759147,1
250,0.4663675077071574,0.3017564438256095,5.406508245306702,1
251,0.3814204865988695,0.3623986207942191,1.957081208684807,1
252,0.7194304823169068,0.48329390778926423,1.1890513311949629,1
253,0.8528738699525051,0.18863608839071394,2.9274709956026324,1
254,0.40067209123161035,0.7128825736718741,0.8748916077690077,1
255,0.611100033837526,0.8003406530402755,1.9161435798727666,0
256,0.5407187612411833,0.8155685144471606,0.7248432363960525,0
257,0.6953964250205377,0.39190615008486934,5.657539078768037,0
258,0.35136139259041466,0.35974801528767086,3.606380892115296,0
259,0.3143490736910617,0.49991583485257374,0.9983673754877189,1
260,0.6440094336471285,0.7718948061249904,2.5551718048786243,1
261,0.687422109421494,0.45322628673726334,5.517459734206343,0
262,0.5665302009905724,0.7103062105871956,1.3209936668057853,0
263,0.5752449308159768,0.3239883583435277,2.3941960670821887,1
264,0.5024098465320468,0.6891280327004532,3.3672772077510253,1
265,0.5547764494564297,0.719650913169704,0.8422108732421643,1
266,0.38908052855704867,0.5649725452783485,0.4707238396821965,1
267,0.3791647443765413,0.6717900231098523,0.8666918868419082,1
268,0.553693609354968,0.733732441937437,0.4314989538818881,1
269,0.46953973550170225,0.6396298776958,2.323094203129251,1
270,0.3874868890656329,0.4637612961595717,5.515065519117828,1
271,0.49999315703083436,0.5368796947163055,4.5343665192145215,1
272,0.727902254068865,0.6163498778946598,4.579388061526025,1
273,0.4774085342260059,0.8141373721409962,2.8130949017358002,1
274,0.6148410082140444,0.8095860027588611,5.912881568368209,1
275,0.6395780010482821,0.5932953427526342,2.1014202976515777,1
276,0.38012283170739064,0.7892160781807209,2.253884281654222,0
277,0.7159398210460783,0.550419928586204,4.4121838782008895,1
278,0.601728022992717,0.37802980590565943,6.151614725676006,1
279,0.6846853588324535,0.34724424589727193,2.0666084920396854,1
280,0.6312639825707073,0.42252075839650605,2.4970854384541474,1
281,0.6268923070507539,0.502585213993298,0.869429295647736,1
282,0.713382242564407,0.600327694825101,0.9202459754185743,0
283,0.4004840658662434,0.345569302390838,4.779941355531292,0
284,0.3519670708541696,0.7113066528229135,3.2932681594502697,0
285,0.5739174772383367,0.3918108105886919,3.427494558730457,1
286,0.6682254357930604,0.33271943911984037,5.366648874908384,0
287,0.35014204263379173,0.6541655214366624,3.3703352822226162,1
288,0.5663258264365154,0.4184816780508219,4.236266530901293,1
289,0.6362526869849052,0.6629341401732203,0.630636284346024,0
290,0.3740728958641442,0.5118705288140694,5.825243543464014,1
291,0.2991370184456734,0.5423872012112122,2.573957827854587,0
292,0.46880394811996834,0.41573774371040445,1.4767247642704122,1
293,0.46624565501658005,0.8257707372430135,1.8365731293109346,0
294,0.5216627718556205,0.3381521172827968,5.580494513323129,0
295,0.38934359174278027,0.7196841591943038,1.780967928876556,0
296,0.5180725105301319,0.36811824355686396,5.347014655840535,1
297,0.5423451285685335,0.6644120969203062,0.2674044624650035,1
298,0.5057184762740985,0.3886591462921415,5.364115938672998,1
299,0.41038404118323324,0.33015605829435357,5.342052270737826,1
300,0.3111995723725702,0.649899631926981,3.777768773308512,1
301,0.5365127829185272,0.30337253560058763,3.190069323612859,1
302,0.6129420179784395,0.366002300370031,5.298670562703845,0
303,0.4778290030682041,0.549440261917617,4.673627100431992,1
304,0.5454762062113256,0.3025182035076627,4.41043791063386,0
305,0.7019060378697379,0.43622797287252224,5.8754576509382765,0
306,0.5119843540765651,0.3528537238267957,2.674933427875523,1
307,0.7136174411782319,0.3587056798101531,4.500426508153873,0
308,0.6252336490621802,0.41959749677066827,1.505998285327313,1
309,0.5474737624623319,0.6067507608504624,3.6732649570210376,1
310,0.5152244396732872,0.5357282055793336,2.409383528403813,1
311,0.5128581597842206,0.8138315605842382,0.22396343297504337,1
312,0.6695541248214046,0.4562482122418647,2.8551807170115686,1
313,0.5118097582685674,0.43352268939831,4.049545127456707,1
314,0.4138096501681798,0.32070525140721157,4.744649156966889,0
315,0.4116661761166444,0.6799844311706592,0.0902248883825481,1
316,0.34312494608739025,0.5389530299093661,4.87333016325573,1
317,0.6851193536019616,0.6038752578426423,0.03551115655893916,0
318,0.5133432380248337,0.34009325390688316,2.604100639600215,1
319,0.7289469163494999,0.44720277915088286,4.766085571611804,0
320,0.47569375111121714,0.8155727069958919,3.067309223126467,1
321,0.34510927493527166,0.5975006296455183,4.793030431281062,1
322,0.44149410496482283,0.5772138781564397,2.3828882765068737,1
323,0.6450531404830437,0.3324025506917799,4.192532906304091,0
324,0.6872730966922145,0.5821771692377133,0.1413118948025903,0
325,0.32690329064548024,0.39716120997748666,2.1587220030332395,1
326,0.5517829459138012,0.5634615870587145,2.0454061326322432,1
327,0.5324237570501584,0.5785498395305227,1.497285552750894,1
328,0.7031469072288401,0.4186394259033437,5.587371580325108,0
329,0.536417878093865,0.31546722636338015,2.651372975684088,1
330,0.5925760873947742,0.6873973772640899,4.027932521391499,1
331,0.3324049816910231,0.5221051091578184,2.143010254772637,1
332,0.5873260894648077,0.6816679709517512,1.1059133042639622,1
333,0.3259908808889549,0.5537760051215485,3.9137379609593945,0
334,0.5315095746598171,0.4591495696389308,5.953876689886708,1
335,0.510114427181786,0.6008736934082461,4.423056287514553,1
336,0.4867430936397776,0.3244932058398851,6.0281043994942864,1
337,0.6759671809442441,0.616500759625372,1.1150408281174884,0
338,0.4451057392774861,0.8119641939486606,2.816865175104774,0
339,0.4217147276437901,0.5539710390736824,3.5376420313220183,1
340,0.7128374269995451,0.4972189789126162,5.487361229149566,0
341,0.41125720498371215,0.646196525311649,3.0888081068934636,1
342,0.7024403741185966,0.3994726397370297,0.8736764905047374,1
343,0.35877571593171803,0.31967552673185845,2.557662085474325,0
344,0.5593942692855868,0.6294657835236285,6.157425512334621,1
345,0.5889576307927438,0.6465750783319749,3.607559502225614,1
346,0.631973587216034,0.6825161972646978,0.020073427871033722,1
347,0.34376738365160947,0.5956227778514488,5.488136060296802,1
348,0.4046977521160668,0.5549361244001639,4.149934118730248,1
349,0.43556116239462894,0.635757579236626,1.6042834386899965,1
350,0.5050366834818172,0.766775974149566,4.784711899681317,1
351,0.4550688946113433,0.704053805384271,1.8704036497396168,0
352,0.4472571270962634,0.3425148479715167,2.734990068083872,1
353,0.3226681982591709,0.795778237167668,2.9814370981117904,0
354,0.6235490039339202,0.7397918374763819,5.040611607033778,1
355,0.48697110995296855,0.8174766103671384,0.7155479524047719,0
356,0.5176654690260715,0.6885734993804925,6.048318575283657,1
357,0.5195666618005916,0.34034348411757165,4.549607644667558,1
358,0.6331759937034817,0.7604691967253175,0.42393204895654435,0
359,0.5187855129552236,0.2908636117484522,2.9253720801736036,1
360,0.563054279666576,0.7770264074273401,2.5452602884651516,1
361,0.6822210395234212,0.6714572586655404,1.5828909835028804,0
362,0.7180889558895144,0.5244716253604533,6.030489194594273,0
363,0.5211868272575617,0.3094697929811453,3.840535256259897,0
364,0.5004027957471301,0.5938110016045044,1.5047064507213495,1
365,0.7280697892390722,0.7115918176628765,1.0922946469217298,0
366,0.725164487542577,0.4579999747237249,6.158852454029999,0
367,0.5338333624393987,0.7306998267211515,4.984761053825147,1
368,0.5794280331745048,0.7126356014273066,3.2086284879194347,1
369,0.3407034511116347,0.5212454264148387,3.2887192372591936,0
370,0.6371217672269613,0.6588033710939512,2.315489155849844,1
371,0.4518249094983425,0.8092680196123643,2.3566834704712782,0
372,0.3583620942166408,0.3850491007987718,1.6823419018651686,1
373,0.5496651675435743,0.8071375266683253,0.20527335218076745,0
374,0.5490810818087406,0.367762643505551,5.455129531823472,0
375,0.669817525929695,0.7682123210436319,1.8899305138331461,0
376,0.3477235011721768,0.5458273487766323,1.8040608612060536,1
377,0.7313534295170705,0.3914128167413674,4.540898535374953,0
378,0.700716133270866,0.4877546006214533,3.1269303039187597,1
379,0.44971575217284454,0.47353862849234096,2.0760130686642295,1
380,0.3519834127039513,0.7117541178044223,1.8309689364149302,0
381,0.4729560219710541,0.6041354159299952,5.848640210862185,1
382,0.655940582872203,0.4235730946646668,3.3718799396727563,1
383,0.5291637524160948,0.5859774471725991,3.2394707330863155,1
384,0.5093789031339372,0.7556180956330175,1.6568279179917207,0
385,0.537664339800403,0.5264704490211947,1.176282066802797,1
386,0.4856179250155128,0.8261674471970069,1.0488664850711937,0
387,0.2821327696711265,0.6605751668791439,2.3748726104819524,0
388,0.5951520541290265,0.5676140732965439,6.106295945115948,1
389,0.9472140632335553,0.9693869292586305,2.1013035537712708,0
390,0.48370023404219864,0.6912871711927047,2.536397772526384,1
391,0.3094047185717261,0.7101427203001954,2.1750917152206024,0
392,0.5542383316185335,0.6342842201409882,4.846270342124087,1
393,0.31664988526051635,0.6661062884899003,1.8819800603544217,1
394,0.5323568089644799,0.7167104596517455,4.133628664938952,1
395,0.39480026095471293,0.5670707896710078,0.29259843975005295,1
396,0.4074662043029568,0.44953215975772043,1.0798352202365067,1
397,0.37727385977291694,0.5227399761054281,4.748901574981394,1
398,0.4729434717211459,0.8275069321045972,1.4378636356733858,0
399,0.4988062430861754,0.6647500963339089,1.639000805621812,1
400,0.33371194820947697,0.5091022206221656,3.3743766783784985,0
401,0.6420671269313014,0.7902346249851072,1.980949036633891,0
402,0.6565231740853941,0.6531918598548131,5.567962815684986,1
403,0.4262174016384455,0.6322346391817297,3.736912661706895,1
404,0.3172490179636852,0.6727509222918736,4.484831582669566,1
405,0.35085217416635595,0.7414668705044838,2.786945647481372,0
406,0.42846786199538756,0.41447952907268726,1.724473363791697,1
407,0.5466722044844945,0.3792400885292342,2.723790302248141,1
408,0.642445967693176,0.5210839385815799,5.903493764263853,1
409,0.9464297646760452,0.0645822171784842,2.13444706767927,0
410,0.45467546427860284,0.3483810853020391,2.545233283949778,1
411,0.33738555950118826,0.6709785963765532,1.3280623713524395,1
412,0.578366472840357,0.31799298218736766,1.312063562964755,1
413,0.4960239847521649,0.5420136845624869,2.733953738455951,1
414,0.3489879361568448,0.6846314395261678,2.06114162777261,0
415,0.5850771264766198,0.8027372179872605,2.2695254065051618,0
416,0.3262510290430058,0.7068314048658092,1.231725252488264,1
417,0.7308430141182058,0.5232587198005736,0.3248602375237962,0
418,0.5748288706345674,0.3909304703411166,5.701337381897687,1
419,0.497686031795176,0.7613283058410187,2.196662207837491,0
420,0.3802424656428325,0.33374013776174755,5.909253641646348,1
421,0.6585891260587156,0.60839879687856,2.670751354604965,1
422,0.3201635679726947,0.624825535950357,3.057744278524197,0
423,0.40952649177411826,0.7152351209093115,1.247989515020973,0
424,0.43670213262002044,0.3448614226505704,3.787728177742196,0
425,0.3836122926973027,0.43311162500097244,4.459621860992447,1
426,0.30442773629479886,0.6391807632894851,2.2152981307918327,0
427,0.379149451400663,0.5338979870243147,1.3916284369642111,1
428,0.4207383611830461,0.6736239714464326,4.0039033469456555,1
429,0.41361016154981056,0.705501025105357,0.548264296982125,1
430,0.5410470788906094,0.27161946254411756,4.334268094448516,0
431,0.27493063785174837,0.4459394740964275,4.704780709153397,0
432,0.4496432038715156,0.3155928126387133,4.1276289939965185,0
433,0.5029695700008008,0.487541566164123,5.126567664582054,1
434,0.48508589560545007,0.5922013010725279,4.920092701605977,1
435,0.3872590853067559,0.4379823387750828,2.089801949030337,1
436,0.38966733674274906,0.46958862503982124,3.056640378220726,1
437,0.34052305773228,0.3743883997839076,3.986547522616795,0
438,0.5762972257452336,0.8077875142231701,2.904288226072954,1
439,0.5980199615005742,0.6409438371694081,3.132903079175341,1
440,0.9912935627158549,0.8669168531253292,4.922193036960837,0
441,0.5247329905581004,0.7124866854310309,2.3102870570883933,1
442,0.3163301786616009,0.4146341922761409,3.2963455429708812,0
443,0.6928263548219371,0.35749265301067373,4.993954557582877,0
444,0.48706873253230254,0.812158351421091,0.1831693993476149,1
445,0.5663720434864239,0.743967496465721,1.9095051612147773,0
446,0.6335413422358617,0.4108602954762336,2.450612415366424,1
447,0.4518371781147659,0.7949926204665391,2.574588340050501,0
448,0.4488247894847282,0.31926432352183354,0.01946479108559756,1
449,0.3353509580870054,0.4362434835402028,2.0419456576566644,1
450,0.6252730943457182,0.3731904778617054,1.915793029920141,1
451,0.6588414139384169,0.5650762836346773,4.994155511645579,1
452,0.6025803484875627,0.44273173041135255,2.716239721816177,1
453,0.5466885506437816,0.5252022282300979,0.044486638451552984,1
454,0.39127982903284686,0.38702350642051125,3.920044811556402,0
455,0.32369794325436857,0.6199821515947013,3.715261875693502,1
456,0.3664410305745809,0.44343690544458,4.399544111880883,1
457,0.3176883135937422,0.6671178444344089,2.0768974463017953,0
458,0.7127802490910647,0.47483513997737165,5.7957480252929034,0
459,0.6280622342288996,0.7859094564150684,1.6911277362291859,0
460,0.31845886971502063,0.7114278516613368,1.2161705202581843,0
461,0.3336940176927724,0.4777392056303704,5.551318835061785,1
462,0.5653252683393872,0.6505718120743784,1.868524256262946,1
463,0.6352480784945744,0.7807992969609431,0.8890272316005317,0
464,0.6500689416646307,0.5405272435403992,1.3515302109419989,1
465,0.523444244874031,0.5371580892232561,4.884591026682692,1
466,0.01301246923958256,0.27139550943854335,1.3024303307400573,0
467,0.6483023885524842,0.6091579387843596,3.632265930579701,1
468,0.5334384599444261,0.3974724590539181,3.601922985946568,1
469,0.39456584972028963,0.5930404734191398,2.1399654051601833,1
470,0.4720338574915042,0.40945978448958886,1.5218490442393302,1
471,0.5329167224234465,0.5522711397415987,1.1605247131455647,1
472,0.48098857500823694,0.3013063421063692,5.448502736337015,0
473,0.5385530858178215,0.5326312770762142,5.7770638780732995,1
474,0.34996317748056954,0.4360014585298573,2.4978010903806713,1
475,0.40166719017993263,0.3309758576756795,1.5826529589326703,1
476,0.5181816387361515,0.5104257166060261,6.278136242517421,1
477,0.3844303703040096,0.35492928608978025,1.610382780510502,1
478,0.6919542970009951,0.3397129294116571,4.152096674274231,1
479,0.4409946556245174,0.4225055918735644,6.00818605663553,1
480,0.3468269290522333,0.6325192247392918,3.0013343286538423,0
481,0.48444361152049203,0.32349998367977234,5.252834237165224,0
482,0.2920036281399349,0.5876945111167774,2.4567191196476803,0
483,0.6882430349474885,0.5582356696778861,0.9398681994886653,1
484,0.4934787529042071,0.7196161223425428,5.623381733444465,1
485,0.30419687114903493,0.6158622389379073,3.648228758255241,0
486,0.6127550489214854,0.3505125147766623,6.094241451616816,0
487,0.39272079333503296,0.3985409877737918,3.981232343472362,1
488,0.7169279129794045,0.6373043856818547,0.27148002722331616,0
489,0.6841603746229094,0.383045381730713,5.731565812761706,0
490,0.623015969699682,0.4175897198075058,6.068344817143298,1
491,0.7974221514527399,0.5252240865374594,5.75789669501337,0
492,0.5966137005535525,0.353246393579187,5.409980949577015,0
493,0.46686975918561724,0.31840350346652857,3.374610875282635,1
494,0.5829384818774709,0.7010621936601509,5.112315627001762,1
495,0.6771290188904506,0.3378873391273564,5.580943594193852,0
496,0.6140016505286415,0.8123445444692549,2.3418659996892774,0
497,0.7036296624522765,0.5525034090727562,5.42155885915042,1
498,0.025590515223468474,0.9249149446472902,0.43237747578017427,0
499,0.5837136601452954,0.5339900285876417,4.057953219123453,1
500,0.6490419089828204,0.7112738282683155,5.467792564042602,1
