MAX_ITER=200000
STATE=10000
LOG=10000
GRAPHICS=0
INITIAL_STATE=r
POS_STDV=0.0005
ANG_STDV=0.2
NUM_AGENTS=150
ALPHA=0.785398163
PERCEIVED_WEIGHT=42
THRESHOLD=10
VELOCITY=0.00025