MAX_ITER=200000
STATE=25000
LOG=25000
GRAPHICS=1
INITIAL_STATE=r
POS_STDV=0.00025
ANG_STDV=0.2
NUM_AGENTS=100
ALPHA=0.7853981633974483
PERCEIVED_WEIGHT=6.283185307179586
THRESHOLD=20.0
VELOCITY=2.5e-05