MAX_ITER=20000
STATE=5
LOG=5000
GRAPHICS=0
INITIAL_STATE=r
POS_STDV=0.0008
ANG_STDV=0.1348
NUM_AGENTS=200
ALPHA=0.7853981633974483
PERCEIVED_WEIGHT=6.283185307179586
THRESHOLD=31.83098861837907
VELOCITY=0.0008