17770,4169.218
1,0.41807235936176634,1.0,1.9879408073795752,1
2,0.17106763274874337,1.7205925739544276E-5,3.609855376383245,1
3,1.0,0.49386286902199106,0.46325261841518545,1
4,0.14734769486713192,1.0,0.7147258891434831,1
5,0.056086063869941825,0.147587388041507,3.205231180391611,1
6,0.13083406990327834,0.6787335137684573,3.499159013031031,1
7,0.8282525821649329,0.26393390083930685,1.6953577996279976,1
8,0.9471987212504608,0.6587208093876138,1.1383049336194446,1
9,0.137663514710691,0.22986101221222552,1.3596520196490878,1
10,0.681573908714997,2.2709376950674396E-4,5.19343310529796,1
11,0.5504581655907325,0.7704642996942571,5.298507104656237,1
12,0.7041003419278892,0.2884357101031675,3.534847081748941,1
13,0.3221702359389079,0.3752590235931278,0.9262372985013597,1
14,0.0947776917981722,0.5481316972998228,5.370050922270238,1
15,1.3645559935357502E-4,0.4137665022673368,1.3993887175911692,1
16,0.4849594455493159,0.9519649005712149,5.4289409837613345,1
17,0.5731103279215455,0.9667459456327808,2.4413067631099534,1
18,0.40783260594906307,0.01564581986699297,2.1874232812543144,1
19,0.016378528262855737,0.41954682146729944,3.061794042365923,1
20,8.852036209812211E-4,0.4094950802930979,2.1175098353767545,1
21,0.1919048376451525,0.8659373129940128,0.19377418423368456,1
22,0.3090968133580695,0.09752714291389995,4.820037865856189,1
23,0.0,0.001742013737140737,3.8704570848458633,1
24,0.7946144409360787,0.6678613202912314,2.756174936389092,1
25,0.10231829563081186,0.9064495579064242,6.257111997505753,1
26,6.606796919606578E-4,0.0435327699593029,2.8699647934897183,1
27,2.6429678868416866E-4,0.354663600736842,3.3965786001625617,1
28,0.9920036151596903,0.036689515397033315,2.0073052466078387,1
29,0.8206451965635848,0.06999876154081236,1.9706544489902413,1
30,0.3540879827977395,0.7727831903061533,1.2493176551808691,1
31,0.23432048247778597,0.14916735870995168,5.77054636185929,1
32,0.34900956676251826,0.8759151498962764,2.0340969878050568,1
33,0.3725646938419948,0.4371325759216184,3.618477781124902,1
34,0.848618850699077,0.0,4.284556575056377,1
35,0.43808208706299595,0.20488060378401987,5.89328723618143,1
36,0.707435604467127,0.49282467589434686,0.011402544199480613,1
37,0.16638299634193462,0.15690929665434405,4.710172821159538,1
38,0.2265329884748739,0.5458128683798907,2.775511724778072,1
39,0.3014797815076571,0.3471927126343896,5.438965892509231,1
40,0.1780926057457734,0.37491404546582585,1.9252374500618519,1
41,0.07640249871175316,0.4514666142335403,1.2702929475326574,1
42,1.0,0.9444400124371093,0.5781897210033257,1
43,0.3814227458429788,0.9175351664018515,3.6639206201760026,1
44,0.9424935435662635,0.6401386431930227,5.365737853432174,1
45,0.09562770077188061,0.5438355214834423,1.5097377839270854,1
46,0.0038283391478082106,0.42608574891578543,5.297383251331297,1
47,0.15978623023993216,0.4247535692221389,6.083947274778679,1
48,0.14011782391052618,0.9321928881043139,4.561035795926439,1
49,0.6983737285767535,0.6782484244446195,1.609321539167733,1
50,0.4466488724510311,0.18188388844865302,2.3355918360951575,1
51,0.7487747238600696,0.11941760202850564,4.676852078748343,1
52,0.507129050202363,0.720767119762155,1.9223374933896828,1
53,0.7264624603507901,0.3682357743642906,5.128465325818034,1
54,0.9915624765925978,0.5528266699289576,5.074020007714457,1
55,1.0,0.20940452378941174,0.47662592186518954,1
56,0.9994422753551402,0.5849606052136086,1.0766129578165866,1
57,0.39941061592416693,0.5633832086322739,5.363370898864896,1
58,1.0,0.387742914267899,0.7053596398471499,1
59,0.6013139306010502,0.9560890986346462,3.2436273001435514,1
60,0.214993347605725,0.753500691194831,3.1539292942617263,1
61,0.6511378238911972,0.7668348415387487,2.172313750843225,1
62,0.024675720326586464,1.0,0.5449124403892753,1
63,0.7385354675167114,0.3714518484988703,3.039365067492424,1
64,1.0,0.8298717232524784,0.1507540003582264,1
65,0.9619332158604653,0.5637539975560198,5.040053558060848,1
66,0.02106867131773614,0.0,4.143121068417203,1
67,0.9127586125540503,0.9279911655587679,5.355556380863924,1
68,0.2810200684448157,0.7908016314491929,4.008458196289651,1
69,0.3280527473249455,4.8613768753078234E-5,5.981508956363212,1
70,0.25986625882191744,0.4703127397325907,5.808219169653656,1
71,0.0,0.9836041089130654,2.4534189506360637,1
72,0.14918443935636075,0.7322440028578124,5.570657555636306,1
73,0.7204738356932462,0.4552052049330387,1.7617964271014612,1
74,0.5943726712966635,0.22700246340492672,0.4585443178050402,1
75,0.7464626347586812,0.008299790555963395,3.0501789751753594,1
76,0.002594997491976316,0.34826096563848186,1.4060368633140834,1
77,0.0,0.086308928623622,3.929192547983978,1
78,0.3767642310262738,0.12445334281792199,0.11591856026945187,1
79,0.8646284829719603,0.7143827490521129,6.093321638213083,1
80,0.2691320026394219,0.7234342024856524,5.0123488159044065,1
81,0.791975483127524,0.01543405112017363,2.7672615163350773,1
82,0.8356571206064729,0.6183329238795895,2.5319041438166376,1
83,0.4928475562029889,0.12014844279182586,4.268764457345322,1
84,0.44252966441370784,0.6240229324016635,2.12188345780722,1
85,0.9177733240356938,0.20063738714030613,5.780816287930276,1
86,0.6248173695803013,0.4594850671738138,4.201675001347731,1
87,0.7232740972779421,1.0,0.823618633914763,1
88,0.03870113310460749,0.809927806956211,5.674417609263821,1
89,0.7682912749699348,0.7254840499172907,4.889525226165933,1
90,1.0,0.9998957743608968,0.32454833986244214,1
91,0.5241642014688042,1.6595136176569554E-4,4.408223332137395,1
92,0.003150407299488024,0.46377338318502626,4.123821712185272,1
93,0.9404164157060998,0.6053438696145524,5.380036940259604,1
94,0.519078057819819,0.43266511315966183,4.851158192947612,1
95,0.8907189253213489,0.8863180116587361,0.5945800713163717,1
96,0.33240520738538637,0.02249688051086749,2.8346644033535844,1
97,0.9995868608601338,0.7728176395167551,0.3034759369421898,1
98,0.3789243546035863,0.7432887221429767,1.583319305540697,1
99,0.08296922634460467,0.0016116951093048375,3.0309424551944617,1
100,0.14184903547005845,0.1277526810398009,0.3164859820221947,1
101,0.6194486231306972,0.2966131981010108,1.7501166524066298,1
102,0.6068644171473321,0.34662382912097484,1.2602488106280614,1
103,0.8762287209037156,0.2249606724607558,2.5232892200520713,1
104,0.25595514614889125,0.226715808640147,3.835402110331691,1
105,0.06813757715353856,0.20176907862756757,0.10339823967925688,1
106,0.42495787147743724,0.8610115789209128,5.369069104234811,1
107,0.9817420421249179,0.19620103240301515,0.8579620533893786,1
108,0.7403208211728179,0.9836274730363804,2.4019826920901997,1
109,0.28895539487803235,0.07031995565597098,4.772082647786831,1
110,0.27974322171532423,0.6937398593178176,2.341186477382674,1
111,0.9829665426410534,0.7306226789186832,5.388771002156244,1
112,0.3758697289074245,0.3379700241012927,6.252534921810998,1
113,0.940948270775666,0.20536036841653582,2.316779925409423,1
114,0.5522168519385612,0.26822107111097043,3.1361707444439992,1
115,0.7462830766600214,0.2624064952041675,0.8674079280573712,1
116,0.5632904919222739,0.9632735639492864,3.607680973181766,1
117,0.579082834330771,0.7150795441698852,3.96625280979852,1
118,1.0,0.39675159695694145,6.168779427072534,1
119,0.0,0.23808581195559936,3.871097644537923,1
120,0.17144321067022025,0.011314745332742931,0.8147076742648147,1
121,0.6460891990126546,0.971988088429115,4.865871128045542,1
122,0.04382689630760653,0.2417332511829247,5.775887084134228,1
123,0.2656406025975301,0.2509476769526462,2.524319379782562,1
124,0.0,0.6283643062198506,2.0863350831999137,1
125,0.8269071821148045,0.8201948121400022,4.903899667578945,1
126,0.47238307358520276,0.43263256448330706,1.5153909876520026,1
127,0.30698256213613373,0.22901926780652992,5.241928158957443,1
128,1.0,0.9995943902417259,0.034069025696778055,1
129,0.0,0.0,3.479104760756625,0
130,0.6315400472043496,0.9187534170738713,3.7887512117461766,1
131,0.35605072893628104,0.20655372677772516,4.547127608520451,1
132,0.0,0.3071530041551627,3.763117609335404,1
133,0.2826135017544603,0.4202787299401778,4.888681766143783,1
134,0.680660809416221,0.5638452491793136,3.211057564261595,1
135,0.16736775278840138,0.549075046704959,3.5566185145762765,1
136,0.8089198656147747,0.7879654316748518,5.650890089118051,1
137,0.08231806161202991,0.6737200926146303,1.1062504142096086,1
138,0.7724526531685538,0.0,5.114570248170457,1
139,0.44356880218524475,0.9996945315248364,0.3615686510110007,1
140,0.09560145435330353,0.9973796236170889,3.057965170440817,1
141,0.9231050496505864,0.6324648474547185,3.004188845167403,1
142,0.9459297112696873,0.3965838953413574,2.4402651484429905,1
143,0.7404190318567964,0.39131731822094,2.4584750861190066,1
144,0.9774889724659579,0.4980231331385188,1.585320838223695,1
145,0.8846299702203138,0.4586535748999288,5.8890850702820705,1
146,0.41415428680194233,0.7941826151079941,5.70103571351268,1
147,0.0,0.24823699862164156,4.2472178293384895,1
148,0.5343999871776,0.2226755435157867,5.8050645863979735,1
149,0.29555366396411825,0.5171903430763073,3.8990815607334333,1
150,0.0995418772765913,0.9751609528601893,4.25533111224796,1
151,9.752735935715382E-4,0.4267068449281406,4.045906976225417,1
152,0.8556803220928486,0.20995780994430535,3.9439974475481745,1
153,0.21187942354773226,0.8088079079068142,3.6575744914393917,1
154,0.12310335673686865,0.0,4.621627834690525,1
155,0.8083581251036247,1.0,1.2343241715585518,1
156,0.2380657517934281,0.3762063971228708,5.327971166529561,1
157,0.10965179879019592,0.03826119595252393,1.7396482493278527,1
158,0.8582248148052684,0.7505812082289904,5.785579382285749,1
159,1.0,0.035843223422047286,1.0802146490626787,1
160,0.1106629938406414,0.9815045978742194,2.5346458875872866,1
161,0.46273903526153726,0.18025093064601463,4.860771073857684,1
162,0.8323735727806302,0.8040661413387928,5.542820971213721,1
163,0.7578552676094302,0.5750845718888056,4.208661873118093,1
164,0.9870347079583495,0.9905503252955017,3.6212973751485658,1
165,0.776198503963503,0.5020023019560439,5.4801074015708,1
166,0.0,0.6807068266908738,3.245182976526657,1
167,0.9984851966409868,0.8194507820036556,0.7735615967840591,1
168,0.5847668227136208,0.2141549126811279,4.596669619389062,1
169,0.9400798103511241,1.0,2.1255999193478847,1
170,0.7791358567576626,0.08529991517119917,6.1257072029952235,1
171,0.0,0.6567913009885284,3.8828970827779132,1
172,0.36967256592736314,0.9779006105864986,5.462304138710589,1
173,0.7910777776067257,0.9983388164338881,5.836960632900077,1
174,0.08637530647766441,0.19162631174957223,2.3968852320257503,1
175,0.13553470542716853,0.7257238064799064,4.534625945132738,1
176,0.7886063569866275,0.9986022335731748,2.6923325572048578,1
177,0.611251453176254,0.3064668450054365,1.3972474507200727,1
178,0.6625917014940111,0.6057461220175621,4.888609932908349,1
179,8.093135318632499E-4,0.23092630406753803,4.057970617381907,1
180,0.7406480010521477,0.5963499436460575,5.835808368064288,1
181,0.2896742639068793,0.19899186690448223,0.3471302548357019,1
182,0.43507980931320295,0.9158474441624013,5.601056085179154,1
183,0.001101984774907818,0.16004489708064037,3.7402312072741593,1
184,0.14503649461755136,0.7956268802015022,1.0796021923500703,1
185,0.7159046430433078,0.9400224902393668,4.486385590057905,1
186,0.9235418383035117,7.758616164243954E-5,3.157981018451011,1
187,0.447224460473198,0.5412488708949265,3.8047923788583558,1
188,0.14084919332882792,0.21821882291231773,5.416088385506762,1
189,0.7880644100756735,0.09693249371629832,6.1005985552385695,1
190,0.7044941919085483,0.5476762946689793,2.290283346147031,1
191,0.7449965217942572,0.4269882648346035,2.030606268602497,1
192,1.0,0.9249350775431096,0.761106350788446,1
193,0.9841851718478151,0.699056920695371,5.302607051655994,1
194,0.0,0.574554405780636,4.394281656452776,1
195,0.1066728561807929,0.16129814879962626,4.789438282076127,1
196,0.34240027786553856,0.9099948958653337,2.478104892598497,1
197,0.27251125919253355,0.19808225084299147,1.923904511019102,1
198,0.6826402831495874,0.04724572869471601,1.596732745605107,1
199,0.6752257921557163,1.0,0.45861672197145364,1
200,0.4507569326403813,0.9503465134222143,5.960364580572456,1
201,0.48703820040974544,0.7687758555263988,1.6347625401225394,1
202,1.0,0.8632061316486372,6.036418728208795,1
203,0.8652769748069495,1.0,0.525063074757457,1
204,0.21581641783130803,0.45249387507221994,4.086199957427148,1
205,0.08915944995072765,0.028143249138085503,3.804987529484132,1
206,0.6712904000243604,0.8983303409481049,2.5858157636923744,1
207,0.897013005789001,0.5164783703761135,4.984457093160445,1
208,0.9236984235974105,0.5503999566378671,1.4918577730978573,1
209,0.357006225149606,0.24177374164668033,0.8914699615126348,1
210,0.8258773011355974,0.8534236952721517,0.5112631512145477,1
211,0.017007488239043664,0.02287096906826013,2.1617610369225333,1
212,0.3115605287888193,0.11898167045399206,1.072765301353976,1
213,0.1984028211390215,0.12067669737211316,2.964164188417581,1
214,0.2266696570985707,0.38353984178355394,2.016979071616323,1
215,0.14787221134658007,0.6645410975903453,2.694645792394387,1
216,1.0,0.7302120957122675,0.1270561484291955,1
217,0.9894068334046368,0.1949967111063626,2.1281733693744456,1
218,0.25268404885994145,0.9718765860145696,1.3744777757411288,1
219,0.26249752914512137,0.9148292724267122,1.207294960147332,1
220,0.22748825227727143,0.7386180569745626,3.9761382546817416,1
221,0.31085328011413366,0.6302569845020262,5.582539105234386,1
222,0.5535149659232684,0.8275061744022001,4.813928154749548,1
223,0.7355476801822217,0.8599510448642097,1.1237810543813562,1
224,0.23425969289282933,0.30028312322382483,2.9326457789092903,1
225,0.5978545532294485,0.49092498658929995,3.2235266305424024,1
226,0.8685994012670994,0.7352091409435342,0.1103027565716749,1
227,0.21015360162808275,0.3526542882375376,0.48716360050395996,1
228,0.1308579600052284,0.052373355141402136,5.864737236861907,1
229,0.9631579738655319,0.8602675645883331,4.000734810098343,1
230,0.6513047545706158,0.9749573669701632,1.1197321006736258,1
231,0.39407134168336416,0.04994166154006027,3.2016403934668745,1
232,0.0,0.7237093073657395,3.625655199173208,1
233,0.32637173130621466,0.3530466266583783,1.7758851154150541,1
234,0.0,0.0,3.498275490653379,1
235,0.9736910708660819,0.40101883812242795,5.543839094757759,1
236,0.0016751101555201914,0.6701855758967258,4.507835279215606,1
237,0.6111129117454392,0.45818545845512343,2.615850348190004,1
238,0.4475221751723567,0.9200635039168562,4.317255014341127,1
239,0.9724370592856121,1.0,1.4914557350981557,1
240,0.0,0.31804086944915266,2.3498050518672784,1
241,0.001319801676170797,0.08782675013781976,4.543427111569057,1
242,0.22367641358760987,0.99902757960435,0.059351964129131234,1
243,0.20701749645052842,0.9786195900586152,3.5324602643623946,1
244,0.6470290491667585,0.5949971154815391,0.5004316568538056,1
245,5.397140902058532E-4,5.353798965965228E-5,4.080442780265469,1
246,0.7836225254186022,0.9951359850957588,2.3599035137724464,1
247,0.9983835188604464,0.03779462989450363,1.010412782183644,1
248,0.7994668981723543,0.7607806887616992,1.7166784311354104,1
249,0.0417823874650642,0.335577900816379,5.861387061084577,1
250,0.880789787886805,0.6368962987342148,1.9882375023644143,1
251,0.40523933314022703,0.8518428548965667,1.0804195295613757,1
252,0.6985701504676128,0.4271545576079993,0.28665213537170914,1
253,0.807245747948508,0.7801325842257993,0.3087012890905634,1
254,0.42374149777450354,0.336424950181315,2.9951208910722773,1
255,0.04245131011799235,0.47746510093617894,2.5530475501052297,1
256,0.1921362757501039,0.1292412965997491,5.752375536902087,1
257,0.8104624425995465,0.9984000406337842,5.90770999961273,1
258,0.22142269622698155,1.0,1.3541734844036244,1
259,0.2949075316033684,0.3613286156853585,0.952747807296229,1
260,0.4264913660463773,0.28017549724173463,4.215254291447605,1
261,0.9848216525993269,0.5600600318837815,4.525257536302793,1
262,0.4558792609592924,0.16646738516672635,2.1839090511332944,1
263,0.32188222672494077,0.015516546166503985,2.4708466481917344,1
264,0.5457275275835807,0.923181400152134,5.561661217987905,1
265,0.5105247219940077,0.5674613115148641,4.748636497693282,1
266,0.7850926023768613,0.424755028568841,6.202416797435661,1
267,0.6845497262804084,0.18041433176498123,1.707984746813656,1
268,0.0800885369037831,0.3315487501158039,3.139793928343356,1
269,0.563813429673983,0.0,4.285789273826694,1
270,0.06251928331001544,0.4531589317843837,5.670259051375199,1
271,0.24312702859789528,0.7724029107128861,0.46197322863658896,1
272,7.797977755809329E-4,0.696145465362665,4.194348161770717,1
273,0.4169007232915735,0.2815513424142758,5.717159277527605,1
274,0.17067385077254688,0.6333280196146862,6.12877471623411,1
275,0.28727984962629405,0.8599319982527541,5.758391560576582,1
276,0.017642851130596,0.5237434643864385,2.1340827151095088,1
277,0.16670010861301526,0.4309913424030553,0.06944134161125917,1
278,0.510138191020188,0.41034824244669965,4.300378363296185,1
279,0.6057339674120787,0.8939057287732601,4.898079421863361,1
280,0.0,0.9466812496811172,4.087740421139429,1
281,0.6062426388611438,0.5706024296981256,5.953803698938235,1
282,0.21129830481871453,0.6706114207264326,0.3413889772858027,1
283,0.2338366627819321,0.9997513387743574,1.3258130954969536,1
284,0.9709386714670524,0.5045498105242835,5.609710048046516,1
285,0.8374455932977191,0.0,5.252106215206383,1
286,0.9981136166495691,0.581447537330999,4.433637257770238,1
287,0.006851490694371071,0.25804051312061194,1.4390548045161968,1
288,0.9417735233758893,0.67695773304712,4.786314215703146,1
289,0.1153056520458399,0.18340421550508462,0.38081443090748635,1
290,0.6832211229769716,0.33449875369746707,3.143155390950615,1
291,0.0,0.6557901653695916,3.7461157153290543,1
292,0.7555626793398247,0.09948419869668572,2.2704932549853907,1
293,0.9993780838026379,0.07176644544839231,5.787423434927303,1
294,0.3231380372595553,0.758015811759035,2.208170311625417,1
295,0.9997499593322695,0.5348035861085613,0.1444494001571722,1
296,0.8913408049495379,0.7696048820658258,1.9306908573643546,1
297,0.7156087724610279,0.14057213571650592,5.879116461837177,1
298,0.4307767871371433,0.6358309797290078,1.2662597356639778,1
299,0.576742262752656,0.49919377513972113,1.1312453582702515,1
300,0.2026922310960564,0.9103931593666627,2.9341771298449224,1
301,0.8170033464870196,0.6446069750909453,5.870624474338218,1
302,0.7856753917115009,0.6008347703840698,4.941557289700954,1
303,1.0,0.8740826018609893,5.937421419819334,1
304,0.8949195050535013,0.0642106359005405,1.7588562641649765,1
305,0.8673687105890099,0.5535439207228994,3.7589381910355386,1
306,0.6323515307188176,1.0,2.064513620218028,1
307,0.004388335236235982,0.926347207026342,2.1502235351723673,1
308,1.0,0.980367751345309,6.03822274151544,1
309,0.9548535978620653,0.7136740153882866,1.8790674277093278,1
310,0.6164756865367378,0.46553988881866726,3.1725183662073575,1
311,0.056959810711762066,0.24398257625100658,2.1868164678616684,1
312,0.9565079029615894,0.013276087564137125,2.7398693993026675,1
313,0.48744372039086814,0.6011480350059469,0.5893147660499328,1
314,0.568995820660758,0.12850385727513092,5.27916269230232,1
315,0.34618710159075156,0.14291447815215583,1.0019427977249846,1
316,0.2735834198410773,0.7675363179817817,2.4189110575850754,1
317,0.3213408412595507,0.9035310980520286,0.13387615699357605,1
318,1.0,0.0,5.368234739388067,0
319,0.4530869828485803,0.8003517111867384,3.1021389641838604,1
320,0.832566887541506,0.14596362832504442,3.205483645169264,1
321,0.954486692228406,1.0,2.4122730083005393,1
322,0.702693823997151,0.6490921308861323,4.01260630539593,1
323,0.6206493612867745,0.7026670933713549,5.530835644484597,1
324,0.6005239009156198,1.0,1.5477793883859894,1
325,0.46745888035224387,0.5567426329905848,4.398850389393926,1
326,0.9982986054419484,0.4825398993816768,1.3430883402488567,1
327,0.9670071905604092,0.6863683425996776,3.641692511672849,1
328,0.7253164540825829,0.4360898852540056,5.787094126905478,1
329,0.32657513675565325,0.19097626478887472,1.3786119220450885,1
330,0.2568435050761046,2.422942028041875E-4,4.224070067975516,1
331,0.5209588547179179,0.6054161652815119,4.186374924105263,1
332,1.0,0.9324118535753918,6.281819361813517,1
333,0.7483100966512829,0.18614670467029953,6.208236072995998,1
334,0.5789934900036662,0.8959466662042873,6.266406798192837,1
335,0.5939023142922829,0.6672614050975821,5.003218674678407,1
336,0.22196072870376324,0.14049101248186693,1.902809067443772,1
337,0.9270447575091432,0.9260798264664183,6.201154221004129,1
338,0.0,0.9141626963279202,3.1990486883983107,1
339,0.08736523134262968,0.7263896957496272,2.078755146939314,1
340,0.8819744683241428,0.7282825448092906,2.893289051166344,1
341,0.8507703981362631,0.9149098503542772,3.337309215288478,1
342,0.5868832236145339,0.10267109642770342,3.823159617439678,1
343,0.07059766337909808,0.37528845994191334,4.3076127692716435,1
344,0.31199042991486636,0.6108979049493779,4.2248553599228025,1
345,1.0,0.8823437473876211,1.0249479610329764,1
346,0.4374986146508587,0.4642664321662202,1.0084843528439598,1
347,0.6219953871126604,0.5401086236596178,1.534166894454559,1
348,0.667994966659196,0.8712505839432331,5.0925673935105085,1
349,0.16289978662326093,0.5818002156491815,4.95110268611403,1
350,0.3378517274315905,0.6546990687843207,2.8819568825377933,1
351,0.035566214437487406,0.582619411508859,0.7194848631810234,1
352,0.05546040848224515,0.8641732288607978,0.3342620951284929,1
353,0.7058939111591738,0.999599484228431,2.749326777069705,1
354,0.1824874697518589,0.2568026221693314,1.7807640943082332,1
355,0.8413526675472482,0.8938961674297106,1.7752626417764044,1
356,0.9726549683734532,0.8437263378559758,5.677590193349509,1
357,0.7694746395497885,0.9686312306944797,2.788753369145165,1
358,1.0,0.5421261068624492,0.31785242172337574,1
359,0.022033612579745402,0.11395860880899382,2.9067483643787275,1
360,0.6937122784914979,0.08355393475933609,3.376763869296446,1
361,0.1987302237149018,0.5864149373543471,0.7619066764703843,1
362,1.0,0.9934531873121425,5.54702288657249,1
363,0.905847391906517,0.3745857892962671,1.1280229050787758,1
364,1.0,0.2575992964885886,0.14845890833715442,1
365,0.4185583450890093,0.0,5.184152569019805,1
366,0.8008919441240717,0.9013134553202052,1.9030282715159637,1
367,0.8118563592617702,0.0,4.579509619892318,1
368,0.5599695614353476,0.001114125733797425,3.0592560958021053,1
369,0.9849332350118972,0.031011509583307936,1.3039185065854837,1
370,0.6169839983378786,0.9521964302388682,5.7588087373914645,1
371,0.6912125771348707,1.5911995121338285E-4,3.7365045841760876,1
372,0.7238399809637908,9.58227953885305E-4,6.055095192596204,1
373,0.0,0.6108471788610708,2.585700877113812,1
374,0.7381305233040727,0.8277413146248354,4.781672739489654,1
375,0.06363258550696091,0.5395662885260295,0.6805338335384091,1
376,0.3329650540579645,0.4949354105576391,5.102121399063936,1
377,0.3474761267551613,0.5859992684548059,3.3046257274197655,1
378,0.10228093388329218,0.26764516237207686,6.212875619906356,1
379,0.7874103705022565,0.29581138829196246,0.6812936215795029,1
380,0.2642774569397847,0.49255871708143,4.225613670046253,1
381,0.3416069472663834,0.3737940798107082,5.224660454806522,1
382,0.3727248032791758,0.9721250043519533,5.120393964744733,1
383,0.7312386796756938,0.9233451512351247,4.364218924304482,1
384,0.9930103256902176,0.5079450617175799,4.9374905476005475,1
385,0.03716780112670245,0.5702422933363305,3.6372098766360215,1
386,0.7753829134287799,0.8897226221810267,0.3263779645778351,1
387,0.0,0.5301243451851023,3.2483579710319495,1
388,0.44312908185554545,0.7549939519974815,4.971860396177957,1
389,0.7570622086914092,0.33929424224382254,4.439381316539158,1
390,0.9647684797215296,0.9998771481554329,0.8219212956318963,1
391,0.662347032050176,1.0,1.4910925676703022,1
392,0.8407788921797413,0.7356770159671894,3.8750044942291955,1
393,0.8264383482402717,0.7134642092410753,4.0813670074801,1
394,0.6899812985296571,0.2514139973676799,1.2452804534900448,1
395,0.21190904370731167,0.2535849797848247,4.851308698688242,1
396,0.7411244172804448,0.72798505336231,2.0879789186624054,1
397,0.47272468266731926,0.38357945646018426,5.7064544709372536,1
398,0.014318745841018764,0.9060388621273574,4.77775313486812,1
399,0.714776465172724,0.8310381934753459,5.37292770514779,1
400,0.01132329434191144,0.9572675746617887,4.168145011323096,1
401,0.7584284960875832,0.6517179765382541,1.2737501542637337,1
402,0.08586087647504731,0.9009336728040939,4.995030609858486,1
403,0.8113780712249297,0.17338134222413237,5.65209376126564,1
404,0.05203139198422803,0.9623822295905167,5.1459980973051875,1
405,0.7640438016953701,0.95380056288681,0.026944172438910563,1
406,0.08596041987314365,0.294951518479928,5.202514869535047,1
407,0.062244433850318644,0.7747122841821228,1.8048504136890373,1
408,0.9858012386643309,0.402536205327631,1.8509216403097275,1
409,0.785935613438479,0.46891468989456553,2.6126761680424266,1
410,0.7458121060177295,0.20096975087677083,5.04577841210051,1
411,0.13843140722880948,0.18846583671423814,3.0705762010365873,1
412,0.34753841463462404,0.30892404439298793,1.7580107595960506,1
413,0.6190615618465383,0.8217752047773031,4.7076569374465205,1
414,0.389407221460817,0.0,4.730423112969794,1
415,0.7920561072953749,0.2598163325068922,1.0078379942529438,1
416,0.7758306936157601,0.012495047840793385,1.3048263294523748,1
417,0.38577684372984433,0.5557435386725819,2.0332869667464535,1
418,0.7653311919939886,0.22775990060249982,1.1617570171297296,1
419,0.7063018614979314,0.20147246100624686,5.396865853401697,1
420,0.05040032405190278,0.9101083593985908,5.928937942000456,1
421,0.9270872390034111,0.4861363180446842,1.7464304485869218,1
422,1.0,0.44220144957506385,0.08426317198311746,1
423,0.6952235116881939,0.8825745144910804,3.9169325246719953,1
424,0.40209019941478563,0.2877649541787046,1.6006752467751464,1
425,0.8973875729122303,0.5602788773381886,1.82691135662374,1
426,0.9414751511701778,1.304369016004274E-4,4.598211401945759,1
427,0.0,0.7797475138626169,3.204543716755121,1
428,0.8057137912775557,0.5113062476831479,5.62167588852668,1
429,0.41404376731060516,0.5359989576478132,2.6388981639931752,1
430,0.209007686152725,0.6148141379925035,5.321418011600323,1
431,0.0952608829906755,0.9621567457849086,4.088832081854246,1
432,0.7604167517961566,0.49512802231137865,5.144926152993736,1
433,0.5912450420967753,0.5208607595740105,6.201534360635071,1
434,0.12754235075301468,0.5149080136612302,5.198107038034891,1
435,0.6462501874921878,0.7021699958987326,2.513893353608039,1
436,1.0,0.1777051393932736,0.4050421836843501,1
437,0.18580712640396083,0.12185193312066447,2.3796392528028854,1
438,0.363748814746031,0.6293008458659876,1.6719161845591664,1
439,0.24136935732381787,0.40101166198607685,0.28818631451596544,1
440,0.5023503118831918,0.04046510123022905,5.956624540473969,1
441,0.03308756036742714,0.4229168248511409,0.8417932953547633,1
442,0.005283871655556552,0.8612968705005289,4.068908048677091,1
443,0.5931699680376891,0.05998426194831636,2.3314913434912152,1
444,0.2120385730527281,0.9998794499039514,1.276404058488141,1
445,0.45404016315414736,0.38044095209543977,1.8916864764261114,1
446,0.9974706160108475,0.8558588586110473,1.2286700841790452,1
447,0.3377925240517322,0.9036510022539613,5.870554716584859,1
448,0.0033044710284979443,0.7634935094764155,1.3473742298721718,1
449,0.19923023290967304,0.071019213006902,3.8683432991833526,1
450,0.5080835399333549,0.990877653677905,3.1208535899511602,1
451,0.2013213612137829,0.9951208582728496,2.552119173443409,1
452,0.9881200139081614,0.6478024197727205,1.7184619103956356,1
453,0.30341462262551233,0.6971234153482287,3.234134595062875,1
454,0.4564934666160284,0.12309616251545794,2.148912068834644,1
455,0.3856610365649823,0.9981172030183673,3.0142318736398317,1
456,0.6982204394840588,0.7557558032931216,0.5160164253176786,1
457,0.4308072741136011,0.13177570952372825,2.921595578791158,1
458,0.06380183986834174,0.9324860193870108,2.2640122561835985,1
459,0.9976013707809137,0.5373259616486903,5.066409691574176,1
460,0.8107022911364534,0.4311774129389892,1.96597045551845,1
461,0.9981855574966491,1.0,0.8766169911740133,1
462,0.994948999782179,1.0,2.4794837263068787,1
463,0.0,0.8228301497232396,3.447394404290553,1
464,0.20978662031883377,0.4452219012820691,5.884970746359714,1
465,0.3307153193667529,0.6330094650084884,0.6236609214455516,1
466,0.6627907889154482,0.0426788519777062,1.0692501517834916,1
467,0.8907277935929246,0.3363982236895928,1.1888951155935417,1
468,0.10645678190941059,2.4720669422541926E-4,5.581999504110511,1
469,0.25722815006262567,0.15756818949225995,5.059146610151406,1
470,0.8897965213815558,0.5516524777781076,4.464753967467159,1
471,0.6136829292212886,0.6299685093930258,3.6429442016132567,1
472,0.42791428607467996,0.6153043740814044,4.795242872714843,1
473,0.7396539944017216,0.947872648818657,3.9681433359500633,1
474,0.7201853059871196,0.7566872284743352,4.17798298307907,1
475,0.4237335360774754,0.8363591055523075,4.323526958393966,1
476,0.5718788585678596,0.5953910200289326,4.809976968994646,1
477,0.5641729279273966,0.14531075057977236,3.1526225151495324,1
478,0.936174169035057,0.1038813500144879,2.1922583900895156,1
479,0.7514304230656228,0.2893968467327336,6.012262022082607,1
480,0.8073376854838807,0.304270799435337,2.8860119068921737,1
481,0.8214575847230164,0.5189981496419187,5.85008409769742,1
482,0.06574704859452878,0.583111088144206,4.200350564971945,1
483,0.48733940052762614,0.8999446641697846,4.078082232296083,1
484,0.7048943454482735,0.9646549247736276,4.769259962504188,1
485,0.7900513548473285,0.14181310793983576,5.980460277524528,1
486,0.09175526520127199,0.0,4.242709101299363,1
487,0.6209753527985455,0.7427055058637436,1.9364109157204223,1
488,0.05507547496619915,0.4432654637442995,0.18423200352218744,1
489,0.7596258403444142,0.6535219948128892,3.475828557434672,1
490,0.0,0.02829359301780367,3.993795124130373,1
491,0.42700914431458115,0.8063778028293211,5.09797269263244,1
492,0.6139562445655463,0.10278192214922381,2.55674336628209,1
493,0.7359441282231414,0.8847176870024579,4.682731767446911,1
494,0.18723043158496688,0.23399357646825808,1.7215505833069238,1
495,0.5844138407841504,0.34803677042674086,4.912480632121773,1
496,0.6906220610928526,0.9009583420954279,4.650826909564891,1
497,0.09296144479672626,1.0,0.7509076523697692,1
498,0.3489704706680189,0.7571823664241915,2.696241551480524,1
499,0.9708087702434756,0.17912621733780618,6.228387795490412,1
500,0.0,0.6461211142094938,3.9917850842851412,1
501,0.3586196592086505,0.05626167149181002,2.4474986626569173,1
502,0.9314146858116868,0.0,5.313742372706742,1
503,0.0,0.9697093078338095,2.074873610950277,1
504,0.48279511582818585,0.5170501131551527,6.124715259649688,1
505,0.6170648285587442,0.28466019148700383,3.439014033611611,1
506,0.14271870330116562,0.4839193494122941,2.5851477957943754,1
507,0.7343955135331717,0.11795383917859481,0.7076000912641612,1
508,0.4100032076282355,0.14252791551655822,3.5637385432967905,1
509,1.0,0.45820935661558015,0.002649056854790291,1
510,0.0555998605748492,0.537685947125207,1.3842226928125525,1
511,0.9568023670582002,0.38217384684164807,0.6773614557252106,1
512,0.7136968604135535,0.6196047591584242,1.9155445928919808,1
513,0.3392497747902825,0.80235806874729,4.624368073413849,1
514,0.18595338472857267,0.45351997944949746,3.1307917155817546,1
515,0.264229637037657,0.47485370591368536,1.9372154390600258,1
516,0.5992811480828324,0.9423135119194249,4.375144071569394,1
517,0.9787035095938224,0.25334811317059136,1.6562529502872916,1
518,0.611527144297206,0.8284544557073875,5.414873524622499,1
519,0.9691963389401956,0.3923032065763725,4.438027956256517,1
520,0.9407342979616867,0.5503763688506087,1.9350714975760113,1
521,0.9999239582468652,0.7641210413214449,5.548576295284775,1
522,0.8348679130538386,0.052691124021407104,1.5815065637844778,1
523,0.7434832437637379,0.36296680770262724,3.1551179583082947,1
524,0.39015040109100046,0.25079017079105975,0.1907641669429435,1
525,0.2708011129766272,0.19043354695548956,0.9602728226737255,1
526,0.04072137207325713,1.2971831173099683E-4,3.9527979238673883,1
527,0.4253827353092719,1.0,1.4925433881652534,1
528,0.7149859285280643,0.5666493152989727,3.262963749666941,1
529,0.9992637865571158,0.19674557878384344,5.594121654383945,1
530,0.2173595263306181,0.18119688170094553,6.123766905344861,1
531,0.9492564488918586,0.9392254555036861,3.5636042082637265,1
532,0.9925381706528525,0.7047690270873339,4.600171318897865,1
533,0.8903246565000965,0.6996551310544772,1.3959194581782577,1
534,0.6574103184508224,0.9047586120517659,4.104839309807107,1
535,0.22629557668379416,0.9996026430293651,1.482592698514869,1
536,0.7483852856147785,0.2962355284818836,4.543226197257283,1
537,0.709512346789962,0.34439788873964106,0.630445238157899,1
538,0.7960875241240214,0.4245951333271211,3.6432726140721097,1
539,0.5363880390386027,0.004247080708744819,3.5112118169772764,1
540,0.46981988097145727,0.31600433439014297,5.582539935323879,1
541,0.11482446418955099,0.315739413246601,0.01305860805021819,1
542,0.6184342172201883,0.04786281637010176,3.9650354917491932,1
543,0.1501969998341667,0.2992262335776409,2.004968787102963,1
544,0.4450655804929146,0.1258422277289987,5.709981409490172,1
545,0.5377881625068895,0.983727745071045,6.201517511548359,1
546,0.9295855633811627,0.9053988323216058,1.1562210372753718,1
547,0.0,0.7675341396627566,2.820339053446001,1
548,0.9764618126678984,0.24254143713810425,6.129263152557276,1
549,0.4399543607951791,0.15119626582254264,5.03199212512414,1
550,0.7712369479638418,0.5743082413689029,2.012855361482809,1
551,0.358632776197879,0.6249569430565604,1.1742443186950073,1
552,0.45678300272952155,0.17093170231770158,1.4630719313597744,1
553,2.1107425177372123E-4,0.9997301839139239,1.7130604897069408,1
554,0.35921355592661103,0.1942866442882365,2.4595409919033644,1
555,0.6921265336425442,0.16890615232673858,0.6779298632942278,1
556,0.5271187057041925,0.7974228634101284,2.8101633820856913,1
557,0.019675594258470205,0.7036420102657271,3.2826512570762056,1
558,0.1230774526744665,0.698204662503604,5.128855633088985,1
559,0.9989712409536695,0.9575435590642198,1.821430269546069,1
560,0.9862280010510707,0.0669541998592947,0.4906007046047322,1
561,0.468953385672414,0.2504277913940225,3.1427592814678653,1
562,0.19850469888991396,0.9832342875244928,6.123593417319894,1
563,0.8402665124583679,0.011587285200431773,4.154485665447482,1
564,0.5010339434689485,0.2572713370683305,5.3000599330831015,1
565,0.5179454571506029,0.5134597148661235,1.1871247911420393,1
566,0.5631898091856552,0.4366066404603302,2.9457432487221844,1
567,0.4429021904568631,0.28347997377626316,0.9333061986525206,1
568,0.23503523264259057,0.7942999346695125,4.972017058407872,1
569,0.11245367517460082,0.5707316102181423,4.435037526207833,1
570,0.7578237633005529,1.0,1.4130453227150812,1
571,0.8172607383077422,0.18098223688898168,4.803841633624748,1
572,0.6439516203205917,0.17472051955850385,5.622686712298512,1
573,0.9162955062970907,0.36121105619707405,3.6609776127892384,1
574,0.3316439905124507,0.3811047295315175,4.05112561973572,1
575,0.0,0.5682121820372638,3.3017722836414674,1
576,0.39066704583892725,0.7248636840565231,0.18105890485387732,1
577,0.429922804948972,0.647714463510586,1.7939983608482395,1
578,0.26005962682221806,0.07672810389448396,2.459549274590131,1
579,0.8063106258642241,0.35866698875221786,3.9814879884871974,1
580,0.9996916357588053,0.16797783458559523,4.869897751151196,1
581,0.818093149707457,0.8221931681219905,5.223523984807271,1
582,0.36134303864027634,0.006075731816480129,6.012388106758201,1
583,0.4948291424227156,0.9851484113043022,0.342076013977066,1
584,0.5288361896535054,0.7360515906081099,3.716559778532935,1
585,9.223092781991358E-4,0.48704853218811056,5.219840228122113,1
586,0.0,0.6419525514129854,2.6798000095331624,1
587,0.08360048486441526,0.9590825982895477,2.451035412998388,1
588,0.5644997457801303,0.15961506842979853,6.145866183366398,1
589,0.5926707635112042,0.999927354004675,0.9410068216213467,1
590,0.5107601224327185,0.588246675186347,3.302838935467265,1
591,0.8122423656023747,1.0,1.7392532748921987,1
592,0.8658858348062836,0.30089903642310545,4.37260513620051,1
593,0.3941652538658266,0.41443090831565066,4.812969874306912,1
594,0.0,0.41571621701578626,2.1222257977186705,1
595,0.21865051101877056,0.9616555209172319,4.95471674647182,1
596,0.48872994171899004,0.06805329865365711,0.35551288739313647,1
597,0.24270634326234047,0.3175928957180205,4.038518433498898,1
598,0.02807824622334979,0.17676724220791026,5.5329666406411295,1
599,0.08849928194102664,0.20808873761326008,1.2910021060831942,1
600,0.57421449973752,1.0,1.0510379327990458,1
601,0.5807330105539809,0.014832344677848643,5.8449201379735625,1
602,1.0,0.16461163842283433,5.761634939229507,1
603,0.891241908805684,0.7370532797635694,0.32043125446635723,1
604,0.8430598873780737,0.03910690084139797,0.8535250940337537,1
605,0.10388042387883638,0.003728442568977617,5.048166709308277,1
606,0.6653024531494125,0.7191497361241228,6.255428425907203,1
607,0.35224093588465616,0.46357291989958277,3.103486791369493,1
608,0.5832141343081299,0.9940436057394284,1.1025606529319751,1
609,0.9067384711062206,0.2969462246580603,0.5148469286229022,1
610,0.5527429578247145,0.4955445706759523,2.1263478717289073,1
611,0.9781752441188477,0.18314095602830802,5.186148390647392,1
612,0.003634094942315826,0.20796569848349922,4.4730827094036725,1
613,0.7107470155107816,1.0,0.06413968698424483,1
614,0.0,0.6450789174317658,3.2607289749965735,1
615,0.7064944296930064,0.24918794862793625,2.659884251574056,1
616,0.9727886810450462,0.45394298816443157,4.223093575729202,1
617,0.39565565708685935,0.8998985838771816,0.3689803637424443,1
618,0.5708407163917312,0.7621358526001571,1.2708946502788427,1
619,0.6419680685329195,0.7945424264407198,2.728194343583444,1
620,0.2211413683085472,0.4632285198147411,3.2702430665775792,1
621,0.6201164752770063,1.0,0.5712662415521704,1
622,0.0,0.9827101771299389,2.192833764760203,1
623,0.6472458986152609,0.22092301202819475,5.398581933010123,1
624,0.3286069803178391,0.8569109643300575,0.7077750269784285,1
625,0.730826477210742,0.13283605234642007,5.419453909269671,1
626,0.2754980138611705,0.31259644753320387,0.12338614375439982,1
627,0.41150953663478923,0.05759396701278986,1.143808590684706,1
628,0.0,0.11578949631724693,3.5642986658250417,1
629,0.3418741739100398,0.23237491151292713,5.351717606289949,1
630,0.2926007188489181,0.34037159999815225,4.610351894834307,1
631,0.6019063705886298,0.3958177449810614,6.108986590697052,1
632,0.028590239118410594,0.2008850590716625,2.3480515171095058,1
633,0.8600436881723238,1.0,0.4519613347771013,1
634,0.11292083918007034,0.9015308094475456,1.6523285271449164,1
635,0.3768940951263759,1.0,1.6440199838641463,1
636,0.874935016522866,1.0,0.5681969022959868,1
637,0.587060966671806,0.2501770112157854,0.6003803961954468,1
638,0.2410879010902091,0.9785982618102432,4.044142540917209,1
639,0.5333502453728507,0.9985265998991113,2.668869128715123,1
640,1.0,0.31044369106392083,1.0314905338556128,1
641,0.9770910572804755,0.44504531823101273,5.792840880870374,1
642,0.6353793141269443,0.7056286608250657,2.133582631933839,1
643,0.3578490287617726,0.2812710345023222,0.7974817150484647,1
644,0.18790958511445413,0.8747495043423803,2.646501586164918,1
645,0.8659650182733969,0.9992108011900765,1.832848122459681,1
646,0.9757327936532812,1.0,1.2165463589562113,1
647,0.0,0.0025963663640095054,2.93748485126094,1
648,0.010849746525973456,0.7500842922156613,5.304761978465671,1
649,0.7575539770521602,0.005152002184868378,4.841879315782496,1
650,0.017571557767038056,0.6705748478743329,2.1913353047775708,1
651,0.6293401864193925,0.06812920714755691,5.284969231817431,1
652,0.23690685503457343,0.37877657840644824,2.969115011549139,1
653,0.1559660790057928,0.15740577661052338,3.235433188704159,1
654,0.5775809236407528,0.38767486537756474,5.5598002293125495,1
655,0.8099031252663349,0.7779665775032,3.0336520968260845,1
656,0.8798732315195972,0.20034000760623522,5.320789713129723,1
657,0.8606083103143051,0.2224655663867682,4.336123301198028,1
658,0.6001303947491277,0.3600789219207109,1.3504166375355342,1
659,0.38806637251733106,0.13924977848172237,5.942059815031809,1
660,0.43997428755831136,0.01253379705228067,0.6751075018373301,1
661,0.45482578999352036,0.3686898889754709,2.6091590392542647,1
662,0.1667922181421148,0.8553300964595675,5.911196403453962,1
663,0.5228379137392077,0.33842086911664726,5.145708855421002,1
664,0.032015136336875694,0.3237239777621115,1.2566781781943552,1
665,0.34203992517836024,0.8477640952501719,4.575232743859899,1
666,0.6576009556714321,0.7194384162248038,5.924119255407909,1
667,0.6606129567406632,0.27259654260529,3.320718318062034,1
668,0.0,0.8194525672688351,4.141466736154753,1
669,0.36795808439845357,0.6219127808287428,2.371757540886313,1
670,0.2943140859857123,0.4161581900554374,5.21977275397495,1
671,0.3637846467101538,1.0,2.135333299766503,1
672,0.0,0.28516180390402857,3.355351928640685,1
673,0.9814250581881884,0.9982309143475269,2.695939958729261,1
674,0.018787903502801316,0.8546204662947696,2.1147613273119896,1
675,0.5088636691077413,0.012207107957755058,2.975220020989398,1
676,0.8997678365143514,0.3667013290019328,1.6541740542882897,1
677,0.054047793453939404,1.0,2.5336171378189785,1
678,0.012476639152173523,1.0,1.5821854720055204,1
679,0.9347771643654856,0.2743898055973559,4.453961934492632,1
680,0.2513326556825247,1.0,2.416454875923325,1
681,0.5057527438981041,0.5185596716413624,2.329186858725984,1
682,0.8498379235715946,0.6544364381165403,3.5498817209792835,1
683,0.1332008980530318,0.8430577020199304,4.576372005561869,1
684,0.85436725543514,0.999290139135924,0.9727032722774669,1
685,0.14922530121368766,0.546348537230995,0.06840099819948797,1
686,0.0,0.8864187430039135,3.230093124734588,1
687,0.6524081269241627,0.16547249871338968,0.06044162289762622,1
688,0.4994741295462918,0.24723235956286027,4.971847883319303,1
689,0.27727615203125416,0.6799342952087437,4.426542809615792,1
690,0.26158052395716336,0.7740127705893518,4.675064829605633,1
691,1.0,0.7414073292994682,6.213815398682982,1
692,0.427686244031111,0.8881869398489614,2.703784393990529,1
693,1.1986704606858065E-4,2.7018094596189895E-4,3.435131149755508,1
694,0.9984639864204785,0.2677896295631888,1.3032127945454013,1
695,0.01322989268728096,0.8557667358722286,0.3115509720834545,1
696,0.7498696005101682,0.22799753393215297,4.793685473509468,1
697,0.881275319255186,0.7430974652832182,4.694321012786015,1
698,0.32773212401691465,0.7952603503013242,1.477887470214146,1
699,0.15179978785334916,0.9242228058715982,4.836295157959906,1
700,0.6317537610681975,0.9948399147959509,5.800079606129012,1
701,0.7829372553542374,0.05645395023340856,1.5576186500091505,1
702,0.7638823534411745,0.38260615597629627,5.578560753800724,1
703,0.24755093892049615,0.45914439703691956,3.4722506595753333,1
704,0.7086829102785303,0.5522239569063254,2.064211790164839,1
705,0.7271541722892227,0.6715717789079033,2.101970068968446,1
706,0.432648060723552,0.8139261083073586,1.3854116175494784,1
707,0.4265592476318231,0.2097539632880264,1.1155984821990335,1
708,0.831430514594926,0.7815156906268939,2.7850504895923076,1
709,0.7742810190274269,0.0,5.970353474331725,1
710,0.13501625928343033,0.9248532298284691,0.7996007120103674,1
711,7.01328741644329E-4,0.017261235280331518,4.172332229179534,1
712,0.5418539958635767,0.4877876518445992,3.08278654406531,1
713,0.6733602281135386,0.6483164393049571,1.4153231914967412,1
714,0.948905839793352,0.6488893363098234,5.902262534821789,1
715,0.5292015880927357,0.7314507304768298,0.0731819935001746,1
716,0.5897649464907626,0.04006258911858552,5.854337152895818,1
717,0.35701020213854834,0.0,5.269874600633954,1
718,0.6775481327255323,0.43987563014888115,0.12834461134169264,1
719,0.9388287283667487,0.698142548572838,3.3958590708512495,1
720,0.24143682357060967,0.619648121816518,6.168670049159565,1
721,0.6237955876337234,0.8464687964439509,5.565781519686951,1
722,0.2507650998311589,0.2728194980184661,1.1331163166321008,1
723,0.38046728254231527,0.8449005197736338,4.337356136350487,1
724,0.9990683884108937,0.46449531467072064,4.79512559458158,1
725,0.25031306313841833,0.643991460047894,0.1045515438895486,1
726,0.30350185391507956,0.5941504030856534,3.801928427709054,1
727,0.0,0.4401665756814829,4.235305320526907,1
728,0.9707571166156117,0.8859688633113837,2.884458370052823,1
729,0.2863007531439534,0.39961999816155486,0.07726657173081408,1
730,0.047396357250637317,0.6847936836457645,5.290634685641507,1
731,1.4320553095106806E-4,0.5206566100705146,1.4694337427794537,1
732,0.870076538087818,1.0,1.4716838879392347,1
733,0.8715784991585898,0.6256016162116179,3.9535573526131746,1
734,0.6758322022533406,0.9952027397538531,1.9872567869017663,1
735,0.28848423364574655,0.5326365726221788,0.5468362544377836,1
736,0.3706291383392304,0.8923472880078392,3.853881811636129,1
737,0.7455013014627843,0.23704234680023653,4.219790448240221,1
738,1.0,0.42830574453987286,5.201683898850002,1
739,0.9482737964017102,0.49796406381972497,0.38557820612163923,1
740,0.34146677672336906,0.44140744621742817,0.24925009501118695,1
741,0.5631826425050767,0.22069086386785058,2.160552982293442,1
742,0.7022966062173095,0.4628925576834002,1.9738277807169902,1
743,0.2354229753108785,0.8651843923067373,5.879136775970607,1
744,0.17764735840360557,0.2684107373540313,0.18091948183458184,1
745,0.154220721840465,1.0,2.3945849286731127,1
746,0.5172567172340704,0.8297431813569038,6.031628258512437,1
747,0.028372424877139195,0.5181776745444195,3.265355082978527,1
748,0.19614041067674468,0.7709943689408825,0.47912903678073776,1
749,0.9250090857586637,0.7063708985213037,5.230519956512443,1
750,0.3154857518953291,0.2409086407322434,3.2529272046347564,1
751,0.9732312930510396,0.3602155627532382,6.019548957837717,1
752,0.13421259744286082,0.7186053085178865,3.4542901576507763,1
753,0.9920076428987078,0.5191040847045237,4.88089832274618,1
754,0.14290517274659392,0.7480747948968115,3.540987995944155,1
755,0.0,0.9340398003171788,3.51567392765438,1
756,0.5471150284099546,0.442430328811395,3.1918197952672918,1
757,0.2579527848778737,0.42680924743637744,2.4531218290435426,1
758,0.47662962288728083,1.0,2.450715480664539,1
759,0.4523938265093668,0.6874928308804431,3.0934332021130593,1
760,0.6128467560299286,0.30543023428891775,5.071084184222084,1
761,0.6989772225385928,0.4805979926525494,5.980071067873966,1
762,0.022613293546763353,0.567706283994344,0.15624046321926408,1
763,0.9252415999236634,0.18241171883897264,2.9685699776727756,1
764,0.555510255156327,0.47869558627941855,0.08929788158665,1
765,0.7266902264649543,0.8179507423795125,1.692889030529228,1
766,0.3571268514810708,0.0,5.41605620203665,1
767,0.4590143632949652,0.12236679772261223,0.483519103241204,1
768,0.8518953658674803,0.4757277159123719,0.5297278855974002,1
769,2.3147023592278825E-4,0.2163476428695959,4.032525042189853,1
770,0.10736181305473391,0.27657992238255114,3.0837495972453173,1
771,0.8232613670790443,0.8959932063558724,4.386556620001662,1
772,0.6912690816101674,0.48410967853043235,3.3681997940231607,1
773,0.5389229708171147,0.01252589052269373,2.6285082448102006,1
774,0.43020583594838213,0.9882550566882607,3.8937658616776005,1
775,0.6949818946514873,0.9348052549633151,2.366232815215281,1
776,0.9989433674376579,0.6741258782075485,0.7504392191739145,1
777,0.06512861234164218,0.2559495485873848,0.2136381043463877,1
778,0.19764493585985138,0.9547025177280366,0.6043975972888174,1
779,0.1453389687290689,0.8238578108821342,3.6785484967360165,1
780,0.5954654130932229,0.14182273739221835,4.59806502399079,1
781,0.5653281909588307,0.6346707307438259,1.1805342512758012,1
782,0.37041737169140265,0.16713418122377613,3.5952659763845154,1
783,0.9796257115483709,0.4430113428803452,5.841931124306551,1
784,0.6873387635879808,0.6761651003029564,4.072661557767862,1
785,0.18511637847728368,1.0,1.9635671886063104,1
786,0.2059276455978008,0.16358554395096264,4.683228180961039,1
787,1.0,0.3369421665815155,6.008532417740418,1
788,0.9823558827159137,0.9487792913760262,1.9956020359379527,1
789,0.6360094238960583,0.0,5.191119484844181,1
790,0.13882653502865147,0.47833894431931784,2.9966203669937705,1
791,0.8927390480222537,0.37334222553763735,3.8087316438980188,1
792,0.11845786536227937,0.2526451634846676,5.7961066762664375,1
793,0.8621541463642939,0.3117048372382886,1.2929296648373347,1
794,1.0,0.5585367185569269,5.762282116042468,1
795,0.3617848669276849,0.15159275099534436,0.37304258359324355,1
796,1.0,0.26237388826678426,0.9376484092668123,1
797,0.7655539392936362,0.6896138080064221,1.5493300865126776,1
798,0.9306013078461918,0.3577737466122649,0.34180286918290315,1
799,0.8193125756363548,0.11112748378940232,3.2218842253844424,1
800,0.6380987513726656,0.038200307554587025,0.4633393678022189,1
801,0.4918068082100796,0.9388883669307141,0.6482730918367223,1
802,0.700864387745555,0.07544630221688649,1.7145599639549396,1
803,0.08629087232237855,0.7054875752266679,0.42718871405741016,1
804,0.36624757328209495,0.2978749577757922,3.1522565973281433,1
805,0.38814018699193015,0.7028815038201002,0.4172591859763457,1
806,0.6085577780149092,0.9251878190194263,1.4161019660723422,1
807,0.7080261012550753,0.8461656534738384,1.2563764905449453,1
808,0.06084287926305294,0.9828188178841838,6.124069208810147,1
809,0.4577129624712483,0.8762859666947808,0.20670093835514808,1
810,0.5272865015316865,0.26963155936478306,1.8682457524256522,1
811,1.0,0.058614948875577375,6.1643523245251775,1
812,0.12179565453487344,0.24365426670750212,0.8612102852062719,1
813,0.6238424024219422,0.18418556946911674,0.32099839605200076,1
814,1.0,0.9998126018872643,1.2782943747284015,1
815,0.6420899175168817,0.5719169523820499,2.7829028991123117,1
816,9.377926046068565E-4,0.9586432256814099,2.231242255950504,1
817,0.44684278325893073,0.40863702114661243,5.563777128698611,1
818,0.5208288060711307,0.8948953793296887,2.324983442792309,1
819,0.9306697964027434,0.614847133790227,0.7810575361559619,1
820,0.8499922259566132,0.18222483426643682,5.503566322650216,1
821,0.03348981957129412,0.2827162938073376,3.7840943179271744,1
822,0.5897515984066222,0.38209076672443354,2.8486424107740103,1
823,0.9453539966098133,0.3803022723206024,5.652851067098509,1
824,0.4804017783678281,0.8823172236331922,2.360677204273735,1
825,0.9997499881256005,0.5770342101432766,6.018388937861556,1
826,0.24077787687740787,0.3631469999885498,0.35317830396385913,1
827,0.15959443915798366,0.3122181424534215,3.055658215211059,1
828,0.6605062911463992,0.6252241004907114,3.584392746167671,1
829,0.627401172751929,0.7825327618360017,5.45783979961555,1
830,0.6804842698128141,1.0,1.303510340344621,1
831,0.17077393925033782,0.8022530663694412,0.7759528204877346,1
832,0.9643120789308433,0.4093548395752732,0.006488949133605537,1
833,0.0,0.4542935671670994,3.202055331435801,1
834,0.23944772760623662,0.9980431141154892,1.4206001123711909,1
835,0.3983721143618438,0.6840858480465061,0.7873633275036502,1
836,0.06221258698199651,0.132532469985851,1.408297498640081,1
837,0.5546982396369309,0.5815568202989401,0.7270491627074239,1
838,0.834744297447792,0.8129843236631785,3.8709155479668835,1
839,1.0,2.844560743619286E-4,5.431371015035256,1
840,0.0,0.7922248026265816,3.3844980127613735,1
841,1.0,0.8873752211319286,0.6165994354855138,1
842,0.8641352903553229,0.5228736548961002,6.097363739503601,1
843,0.9996852552990794,0.6528508397006146,5.2492534543465545,1
844,0.34332950777830124,0.8666814648379914,3.5604464424741766,1
845,0.40113244828678885,0.06185309974787704,0.3500445110161775,1
846,0.0,0.31851551841261266,3.7934550361749997,1
847,0.4859031413212767,0.7478754903550874,5.40371190181195,1
848,0.3302949004818829,0.5987127811562318,4.331303710914278,1
849,0.1869175622079041,0.7047142726681515,4.638728736538902,1
850,0.3813757600091429,0.284981240332129,1.7549912839798532,1
851,0.13053783172805375,0.31350748072877843,5.187952288857845,1
852,0.028250567267063733,0.2647584544813584,4.487774427024757,1
853,0.9611293788055719,0.5508847854713155,5.923030124667318,1
854,0.7507963816875319,0.0,5.804819018475203,1
855,0.3498363668146549,0.9333619866699303,4.535655157405925,1
856,0.35769637873161414,0.24109864666960454,2.015395976197173,1
857,1.0,0.9776202957380202,5.941338723466929,1
858,0.9997273678467874,1.728046249119924E-4,5.802833065935484,1
859,0.9790248913580809,0.10919980842314138,4.723397139873895,1
860,0.9999518918304581,0.0,4.652217465419532,1
861,0.9513288493351526,0.90892056308354,5.275259486486493,1
862,0.7419159337831003,1.0,2.343146178507313,1
863,0.149361888463965,0.7874411047274943,0.79640818076325,1
864,0.1763097831232489,0.24891878929008976,3.5690678532828666,1
865,0.9045619957851883,0.8525968694535957,1.4906444370972975,1
866,0.14740595520049293,0.0,3.9571066741629775,1
867,0.38112961760911424,4.94332444381917E-4,4.221356811785014,1
868,1.0,7.919000618756764E-4,5.455765334507272,1
869,0.42551465999100063,0.0,4.590765472460117,1
870,0.6766799901365217,0.9503439363896177,4.341553986168994,1
871,0.7325054554420124,0.24327643388042341,0.3181422483135855,1
872,0.9997430132912483,0.5156103453056957,0.03955527966909142,1
873,0.8707151008138472,0.7510554708233148,6.240812885567718,1
874,0.5418019341681993,0.045284525863990385,2.9708929295384547,1
875,0.3907443488633014,0.879147347354787,0.4812698614455157,1
876,0.9990056789805676,0.0692133576955666,5.562409271800945,1
877,0.9995372800309837,0.3329727229223728,6.214925256482781,1
878,0.7023519653754342,0.37467070217034004,5.97770429946959,1
879,0.6385686653333336,0.9926733281454116,5.973576666517488,1
880,0.0,0.9918666799483156,3.4124784985386594,1
881,0.40792704560469045,0.8186409852133897,0.9784341959779349,1
882,0.9294721684752439,0.5741789034411192,1.6392566916587934,1
883,0.8879177349896606,0.28889366151271156,3.206232845549702,1
884,0.8930959457804578,0.97436276726511,4.469722831434948,1
885,0.7540827095835955,0.17936396959873097,2.7514500402047144,1
886,0.389926232193825,0.44594151314487057,2.967851033134962,1
887,0.12174584225658763,0.26442135963508095,1.3768571230287392,1
888,0.0121054425557201,0.6149008552551278,2.3215501219685297,1
889,0.051218968353557486,0.6285180572720076,0.7209437438461248,1
890,0.7041221627485564,1.0,0.876372224569073,1
891,0.017834565090833972,0.6840450094643548,4.656549866206198,1
892,0.25711242659471123,0.6163541442180864,5.384339098116807,1
893,0.5243083000906257,0.21925435794358902,3.8121490173729757,1
894,0.8100420262285176,0.06006367833522019,1.3864650183190994,1
895,0.9997341363561123,0.632617493939652,5.338311188881532,1
896,0.9254778646747185,0.128491445131831,1.057720224612632,1
897,0.31595322329938275,0.6639608560772768,4.231342419697549,1
898,0.2939239294931373,0.6412466435607272,3.5820944820901235,1
899,0.444383772228009,0.686763399203645,2.9381105647763017,1
900,0.9937134767561057,0.26579787326467375,4.896492523561188,1
901,0.5672536193883599,1.0,2.1972387941861147,1
902,0.6677270505515687,0.002173940954493052,4.967590372259532,1
903,0.8232977504571608,0.6508575353798135,0.3892594803046946,1
904,0.4402723293166152,0.1415543023641603,6.073252358401202,1
905,0.03714054963765565,0.9417165966918492,0.8621882164743094,1
906,0.6398463702243394,0.6792286434052359,0.6413333583903079,1
907,0.6850722843812066,0.6699527081404053,3.0430686979280916,1
908,0.33994033122859396,0.41196621629548796,5.557140858246325,1
909,0.9997246609267428,0.3734753927707336,4.559129040474165,1
910,0.15427566195545603,0.5946614159818743,3.4394408129843974,1
911,0.26855183375402397,0.8733238976925922,0.7997026232728004,1
912,0.21770736744950675,0.7782095763648909,5.090043927596263,1
913,0.8215372722502456,0.3435228019960155,3.7802593751081788,1
914,0.4384161602866299,0.7595202868654576,0.42552729690374647,1
915,0.3203139622330945,0.7635559389589903,0.8355015849673214,1
916,0.8462231211324599,0.8419560549185406,5.212373558347128,1
917,0.9829717561356428,0.17955337050720285,1.7145436812355255,1
918,0.8716659426819999,0.38146156653953067,6.117475170665994,1
919,0.31106141635797496,0.4430134719198796,6.102084210015012,1
920,0.3990921230095748,0.09633281620582122,5.737155017141226,1
921,0.0683999598792622,0.9103313881216168,0.09482793477862028,1
922,0.6076488920670775,0.07254872951640848,2.8770068500590935,1
923,0.1873225594386547,0.9159218457755883,0.7505148832447498,1
924,0.3561237494049431,0.4792216936716446,3.782291777244992,1
925,0.7335323352964399,0.17334798393321094,0.3304626129094307,1
926,0.647068310800764,0.7126284083109902,0.6195104405238913,1
927,0.9999917588687074,0.26385628503429553,6.059394856798113,1
928,0.6444121186269691,0.9840466024197216,1.3394870492579487,1
929,0.7290504594502161,0.14032548058879077,3.553301149404216,1
930,0.9780081964946278,0.04534192787395263,4.71892427407885,1
931,0.45778244466912993,0.8759665054237872,0.05905710406512739,1
932,0.34250795371223053,0.049237752253591,5.464727665964452,1
933,0.5704080894550331,0.1890250229268977,1.1415721444551548,1
934,0.1478551741408605,0.9590666573124997,0.9060016512612512,1
935,0.05111047467028858,0.5292320713826029,1.8575942349857708,1
936,0.6701141792254908,0.25133093985355476,5.343470762102302,1
937,0.6786038518665508,0.5593618312643716,6.1729430747153735,1
938,0.5352074013400141,1.0,1.8329649953343323,1
939,0.10259974335262036,0.1197594006671236,3.218467195012406,1
940,0.6204405343483206,0.7732588930595665,3.688116392587261,1
941,0.0,0.13656363158467513,4.2121519075356355,1
942,0.6540734677649978,0.6655386598332852,0.45620688037296797,1
943,0.5680207085420285,0.15871321672961022,3.1594659038014816,1
944,0.0,0.12510635917779792,2.907443638593488,1
945,0.2242076402504382,0.12176811863997727,4.088145113864054,1
946,0.3702816722122072,0.024248879725545052,5.449062638174256,1
947,0.6491544870059213,0.6802699535090005,5.760167364712414,1
948,0.45657506457482055,0.9506502747312647,4.487326540570418,1
949,0.495498927134621,0.586280167372895,6.208969802797383,1
950,0.35354734915262853,0.50255810459419,2.8820763882030143,1
951,0.15718070179792645,0.4627524203411654,5.128994184012661,1
952,0.998466089042404,0.4047422154451356,5.09406766809518,1
953,0.5371476699272032,0.6522001041809897,4.6260606978172,1
954,0.15593572667285974,0.01653512499834522,2.957118585619964,1
955,0.9550525932573123,0.21514913164660363,4.177218044590669,1
956,0.8811753034291927,0.4375409141333186,0.4981421511801016,1
957,0.08422722333579863,0.058490044911459975,5.025010446885314,1
958,0.5972301262626503,1.0,0.5460658379026467,1
959,0.3929284642587536,0.556048856038122,0.4729789631761262,1
960,0.5009717220420091,0.8458458297925463,0.08932465182922897,1
961,1.0,0.9997017025493333,0.4848919106075015,1
962,0.8868608247444272,0.262049106464933,0.3835055958484823,1
963,0.05629744827432605,0.0667917858670628,6.189734223040552,1
964,0.41916790010402977,0.9997487934919607,0.9220141074004509,1
965,0.8700215798961656,0.9340870515446918,1.6815539980842709,1
966,0.8737474699262743,0.09449552065161423,4.6000467280046164,1
967,0.6769809703470215,0.7829561890122767,5.922424792264133,1
968,1.0,0.2520868814589766,1.2172781832481872,1
969,0.508978676135543,0.15006290152282586,0.41755027627723956,1
970,0.4930599901279158,1.0,1.1562608060266457,1
971,0.21801859279891603,0.9984980320662473,0.8208728237655945,1
972,0.050929881228691125,0.5629879378185341,0.8166310611611213,1
973,0.1808904174681644,0.9223052406100243,0.57845787852085,1
974,0.7345387098419741,0.8054350015951076,5.433878760648725,1
975,0.3273950191454068,0.9133222297582186,5.185385423790866,1
976,0.07744329535210956,0.3903097433041344,3.5917447678674987,1
977,0.7929590249516673,0.9078512536294814,4.24565672406783,1
978,0.7237282801485784,0.0,5.347489346979316,1
979,0.582304872854713,0.3834371851671065,5.755683425399704,1
980,0.26794250818431964,0.5017277458050555,2.7575072570125116,1
981,0.8592977281971653,0.40734229081219014,3.501974272250675,1
982,0.6143455197043363,0.8558470666821313,1.7894242001700165,1
983,0.454591399625124,0.07964842195834862,5.646349093986201,1
984,0.13973630655216632,9.303001037367128E-4,3.4179829012894007,1
985,0.3147037767800508,0.05385797220371505,2.521789708934738,1
986,0.12507438173089017,0.12470684316969254,0.8019182294504179,1
987,0.4195047850024544,0.6244527128681236,3.0917605303546516,1
988,0.6235521498187834,0.9919534260749105,2.5247621439706434,1
989,0.5963085999846063,0.5103400531382928,1.1168525098289015,1
990,1.0,0.0,6.05069090864655,0
991,0.4399614011591969,0.7935026516325625,0.9314310124527971,1
992,0.8486248935306974,0.550359141957296,4.010775244528273,1
993,0.1972946774279342,0.5859097495770712,1.3028792224814856,1
994,0.6140330000733298,0.7529096672920801,1.585649635562455,1
995,0.349805924681639,0.5008369596491818,1.5762516081444689,1
996,0.42214422972214327,0.5013869368258179,3.8401630703372565,1
997,0.29569972755250895,1.0,1.0057089276421332,1
998,0.6224910769401163,0.6688215576760294,3.3802057034025137,1
999,0.001268765698084195,0.8022252914718759,4.1083168323023935,1
1000,0.36194968525821164,0.4165023255955126,2.44949771509823,1
1001,0.008129288600919203,0.23800193270542352,1.7419870251276979,1
1002,0.4599792054598606,0.08504447701264281,4.930497102291964,1
1003,0.37688501027182003,0.3867530459075649,1.682055487729519,1
1004,0.11545132475664527,0.009577966829588098,3.16198723490441,1
1005,7.830646956686016E-4,0.81199240443956,3.2671545296910285,1
1006,0.44293415839809946,0.7435762884275798,4.628310267426432,1
1007,0.9239646944617532,0.8255986102351985,2.7380209356671013,1
1008,1.0,0.4826568812859184,0.38079009132408664,1
1009,0.9296703233567912,0.0,4.215617406176673,1
1010,0.8997093681451468,0.0234675588600594,3.0976074362854398,1
1011,0.0,0.8824628977323429,4.082855370304716,1
1012,0.09799328906931869,7.652118320189791E-4,5.776076162461198,1
1013,0.5929918694895139,0.3375614324378024,1.9264355157247615,1
1014,0.9879040660850682,0.36642352700737174,4.878976815958488,1
1015,0.5544961874509646,0.9242052229237496,5.04295147712049,1
1016,0.7150571718094839,0.8895960890805977,1.5873425042345686,1
1017,0.7328561785903924,0.9995992687061648,1.4515191375480145,1
1018,0.833820404172626,0.18992479279641325,0.6404556715942387,1
1019,0.6893234338766296,0.5088822720328496,1.9775334722330695,1
1020,0.09401886210768731,0.3611485905453367,4.804612611722758,1
1021,0.8581356379174303,0.3961755402934424,4.955958442855747,1
1022,0.972527225941077,0.7767821067462307,2.2670724878675084,1
1023,0.5770188366836649,0.07265108083675102,3.779178770352423,1
1024,0.658423781516807,0.2976242053934432,4.549707637687554,1
1025,0.6407377483711236,0.15374823114662428,1.8445271097132054,1
1026,0.516383428324518,0.5184314576827269,2.706799476302024,1
1027,0.8822854359705765,0.8748077649122702,5.475844725250078,1
1028,0.35957236852454466,0.489356329713818,5.736626257500749,1
1029,0.6867661217162385,0.19712702009305103,3.6787751976018224,1
1030,0.4405880896499247,0.6292396502863812,6.255863141600293,1
1031,0.851388038585119,0.1417533695801612,5.45333989007998,1
1032,0.4052065468076552,0.12012169837802446,5.252313917141558,1
1033,0.1293687223151011,0.26315681446608075,1.8966559617066565,1
1034,0.750990389838361,0.8644007595245551,2.925199369140597,1
1035,0.48215032387207746,0.6269864094105521,4.338416548044251,1
1036,0.8425225149555947,0.8198966233389625,2.281473277504284,1
1037,0.7466937351842958,0.5253856224841909,5.685508685597221,1
1038,0.6396298896759334,0.684891373585639,0.8087160107639061,1
1039,0.8774077436670739,0.28183462844634527,2.686644130297091,1
1040,0.31229168323590945,0.3842678661319431,0.6847536353669379,1
1041,0.058122748410975755,0.8892975459330696,3.1858960011563964,1
1042,0.29401087254863933,0.7355138990631708,5.861271111176279,1
1043,0.9993256555482458,0.5869950139977129,1.2311550193652252,1
1044,0.0,0.0,3.3843498202409177,1
1045,0.4623725116353944,0.06304211818305197,4.036156300281721,1
1046,0.6811733023100484,0.3285035425494505,4.743020331210957,1
1047,0.03489852811893928,0.995985277372784,6.1610053326203715,1
1048,0.3117299973374645,0.9428251491660816,4.793810926795295,1
1049,0.32107199453006074,0.28226100901157564,1.6943392459255973,1
1050,0.1885834879085665,0.2998408182096843,2.4947249719221567,1
1051,0.8348267781751912,0.1274414245989057,5.630396734659983,1
1052,0.23010917031126396,0.6510189779342647,3.9463703782387785,1
1053,0.0,0.5930152424116648,3.4696154762037996,1
1054,0.6909572981008015,0.9545189758506265,3.347636258241069,1
1055,0.0,0.25245672197493263,2.3906771970324643,1
1056,0.2980405123070301,0.8586310142144437,6.101471997871942,1
1057,0.44434006976156615,0.9042913789899671,5.672710618181364,1
1058,0.6469236953434012,0.20118789291217803,2.8739195768719394,1
1059,0.3459511420461001,0.9096649292064403,5.819829174483658,1
1060,0.7010979548195647,0.08108755104184891,2.3235366820394967,1
1061,0.3164029362011641,0.6574807364296036,2.5035980925430934,1
1062,0.8924360732077203,0.8132907687264364,6.0039227311990055,1
1063,0.4193482868639582,0.33300747107149037,3.968316089003202,1
1064,0.27466515203454556,0.8945324462429869,6.162033690665527,1
1065,1.0,0.5636060187351896,5.715640522943821,1
1066,0.2124339706849242,0.1784068794526357,3.243098885441622,1
1067,0.9910655663748824,0.781680059354774,4.853627910289865,1
1068,0.7389224956018086,0.49986300922669913,4.499354110704399,1
1069,0.33225969103928565,0.37997997216265744,0.20279557000403622,1
1070,0.2487554737305965,0.7218020280041206,4.384251847111087,1
1071,0.4249193914027322,0.746479082647331,5.884375430499473,1
1072,1.0,0.34754418308343377,5.993969310839925,1
1073,0.9151437029436312,0.48739497326095405,9.783587130891003E-4,1
1074,0.40873919921376145,0.4408000663804555,0.681011496530141,1
1075,0.4213408194188682,0.24271935578394915,6.2427442437112015,1
1076,0.7575379147075627,0.031845922287344154,0.6039159793706775,1
1077,1.0,0.7085271394191973,5.50751154971245,1
1078,0.8866780888509702,0.19618071860337383,2.9483943765148912,1
1079,0.29399919333047503,0.43507389952512854,1.8710942496492264,1
1080,0.07440841385115611,0.31322331959441024,4.634788919746233,1
1081,0.28846498721358177,0.7024822011181803,2.6765250168065062,1
1082,0.4570307087003617,0.578216072605949,5.915213964240139,1
1083,0.33872461579934954,0.999919918511151,0.7670465762112987,1
1084,0.7684338202760389,0.893269159489402,2.4608515457211104,1
1085,0.9976973059113787,0.23162924920028913,1.4863083697102524,1
1086,0.1334214812282447,0.9984223696049717,6.23004977308964,1
1087,0.2889011589643546,0.4755302848812964,2.1268553413764373,1
1088,0.8896144460189875,7.326523295375456E-4,5.402951710874704,1
1089,0.6438077395240436,0.5320170489049654,4.185691478511986,1
1090,0.4998166252403311,0.675458060469205,6.128515975133326,1
1091,0.23945047410999548,0.7054757228111112,5.932315060269416,1
1092,0.8245350573130371,0.41651335249649146,1.4260257274169257,1
1093,0.732030390792894,0.5238027738485999,5.545140050410907,1
1094,0.6183538038873806,0.16719606646446075,3.849058589031477,1
1095,0.9988140468754869,0.620525686807083,0.4585530721873907,1
1096,0.004916333659375107,0.6828813499935761,5.219783674375334,1
1097,0.5945156429454388,0.06743702271902886,1.7882703878886443,1
1098,1.3263849437239645E-4,0.656282509527629,2.7878683613120647,1
1099,0.6013549261769389,0.6088938172388165,0.35537366913478774,1
1100,0.35038174546477346,0.5598219061011552,1.3288511425169824,1
1101,0.0856835267162751,0.6013709909834635,1.8474334040524556,1
1102,0.24883856111307334,0.6662665035117311,5.055596588846131,1
1103,0.09182541094989427,0.01752397680633454,2.3628596801670545,1
1104,0.3433532769680126,0.8501552017634268,4.638620429385416,1
1105,0.44200421121219347,0.5431113359262875,1.2828235509875814,1
1106,0.9316001424567613,0.7048370334401118,5.77117055727485,1
1107,0.7086361074787255,0.8186399097706705,1.950176663775473,1
1108,0.6136803328486382,0.07471197887260782,1.6262428758887597,1
1109,0.0,0.3754472464473865,3.45740608059384,1
1110,0.0,4.812349184758122E-4,4.390472127898582,1
1111,0.6990052946193859,0.7580274715915434,1.8142792393520255,1
1112,0.47934677640089823,0.7663140500658459,0.14203731290944316,1
1113,0.3456920218686277,0.7325831327908255,4.553194619573524,1
1114,0.29839284019827733,0.847123428095602,0.87310083056289,1
1115,0.9960331380095712,0.36890625001428423,2.0711056617169503,1
1116,1.0,0.21903012202340794,0.13925416196799878,1
1117,0.7931765607704432,0.7952340684307798,1.0333116706009489,1
1118,0.49741438562567497,0.9999979761648703,3.1441224502003173,1
1119,0.29034205187461504,0.07326666924675977,1.9762840849183259,1
1120,0.03876011387013674,0.7010767177356932,6.079530159554038,1
1121,0.25238864408685974,0.2711569444578358,0.8277961334615735,1
1122,1.0,0.576715043396272,6.250580043246758,1
1123,0.0,0.0924044158652589,2.82919534938644,1
1124,0.7657430103105504,0.37428481581691214,1.4618854541829183,1
1125,0.5094117142963163,0.3049467703182912,2.095446520552571,1
1126,0.9734956362200519,0.08194904269746375,0.0021469189201717143,1
1127,0.9440850458942389,0.6614267251202833,0.4652146892752898,1
1128,0.4322793561433685,0.0012364274624973,3.8583173323611724,1
1129,0.5924823176999353,0.3484163287847638,2.3334330490945168,1
1130,0.9325282563638672,0.1325806587123807,1.2858732337528627,1
1131,0.03352520348355313,0.11743351547284929,5.276404800630591,1
1132,0.7689200251641165,0.02563575514413866,3.2678145862842105,1
1133,0.7661381756794756,0.8775541312480142,0.24967810565554177,1
1134,0.9999252835397117,0.954946940096335,0.038763216610733967,1
1135,0.6165693709879088,0.16116158135764,4.037467821152583,1
1136,0.4669278264818344,0.6629559543637945,4.781849795505591,1
1137,4.522988206185256E-4,0.82987501792853,1.96178503407157,1
1138,0.03085487708777772,0.8445136849344866,3.125363298789543,1
1139,0.5439006921869738,0.7621085652954066,5.900659257652561,1
1140,0.6270438640767907,0.14306878625790384,3.591375518880729,1
1141,0.8913121122227289,0.779019029222883,2.3714306915032566,1
1142,0.18325849864085333,1.0,1.58253401548402,1
1143,0.5464300729927016,0.3532049966081157,1.8191315319406158,1
1144,0.6676161966551206,0.43225091761783396,4.34160411776157,1
1145,0.05954337410850481,9.534056155321788E-4,4.596985943531432,1
1146,0.9839408052963693,0.3230651423816988,4.15855750077896,1
1147,1.0,0.4509277980995281,0.05969977174721475,1
1148,0.6238796540086746,0.7640097039524734,6.164747007351825,1
1149,0.518395445452361,0.03432553941971571,1.948668513910714,1
1150,0.2070675864306974,0.7870772230013771,2.1024807784618673,1
1151,0.7773199447327739,0.22703570295033873,2.495827279726622,1
1152,0.8592480861633587,0.22541998981778272,4.375573743721487,1
1153,0.2508650367070379,0.9591427786553808,2.308012006651735,1
1154,0.34400455227801285,0.5023466874692573,1.2090065841147,1
1155,0.7710683815379892,0.08282872430630361,0.19982600106662085,1
1156,0.24492715773182305,0.6989265175595845,3.614647753255723,1
1157,0.3860570894030781,0.42425309909753073,4.705601340641947,1
1158,0.852643477449611,1.0,2.0280708070562974,1
1159,0.5206680601447825,0.4353822825139507,2.6091424856540577,1
1160,0.8606166880916163,0.12794881114425305,0.5992358585378987,1
1161,0.8486073750337391,0.8582792031083512,5.882712364724347,1
1162,0.919543425780616,0.19530814856103101,3.420784686841031,1
1163,0.07574724305108524,0.02326176247708875,0.6983616431870261,1
1164,0.3635548537760851,0.22773580652675493,3.965444334516477,1
1165,0.5071364512483738,0.9260573088932618,3.260776400582953,1
1166,0.5146503709503182,0.5709140981907302,2.8568835003125894,1
1167,0.14401269970806843,1.662160965720365E-4,5.727861086780588,1
1168,1.4859675183635356E-4,0.17870258100083117,3.9914321551132583,1
1169,0.1537897562770032,0.015375398452704395,3.4708566300028183,1
1170,0.19367785555872064,0.9712965689467349,3.9284666226087466,1
1171,1.0,0.15755772630954082,0.7165676274316369,1
1172,0.809154183849554,0.7246576319562795,2.35529200242299,1
1173,0.15998397196460534,1.0,2.9618850367419074,1
1174,0.8913447373664868,0.12407446738764047,0.9422241602990358,1
1175,0.10825077460407927,0.8855623343851051,3.830894515007494,1
1176,0.7929608751478049,0.6262741233697076,3.229934456241683,1
1177,0.9994199988345087,0.7050652851428494,5.000041630637375,1
1178,0.8268627847026989,0.9999361586252585,2.9692687518484857,1
1179,0.8110031832512067,0.39881145028248033,5.194508816374169,1
1180,0.8198338972672707,1.0,1.1888355747634174,1
1181,0.6976788189008221,0.8130875552604054,2.1933685502154314,1
1182,0.9993694421899558,0.05649746499829191,5.244400915037714,1
1183,0.5086364351843234,0.8868233486196889,4.868202064280207,1
1184,0.625661522703516,0.9992981677789838,2.898954970376016,1
1185,0.5355227548536502,0.07077132928088208,4.343431652768778,1
1186,0.8623489471356485,0.7361372234263611,2.245984344469214,1
1187,0.8953164700320236,0.4832093196602507,3.7013351090188507,1
1188,0.4299711354109309,0.6384452508147626,1.6948565800936228,1
1189,0.0,0.6113361806376904,4.341866500707887,1
1190,1.0,0.4446930324753136,0.9699536311078454,1
1191,0.36423901021382865,0.9248869608309824,0.5549245391331113,1
1192,0.04534741189778301,0.24377012509163165,4.7694299890186,1
1193,0.636241204879021,0.38909759708349473,2.2151881436840517,1
1194,0.7238709357160122,0.2682958304618212,2.6536605040200514,1
1195,0.34856615841567196,0.9443865208950872,1.0560548507599872,1
1196,3.741044137408338E-4,0.0,5.198997210892268,1
1197,0.3466010769853943,0.18671407991629352,5.713364965063079,1
1198,0.2023144417224184,0.6491071653287568,5.587940461049203,1
1199,8.990017818373227E-4,0.9982900171307871,2.6175467759621114,1
1200,0.9992993565200726,0.24463916199772903,0.6238679340999617,1
1201,0.16579999958565297,0.48526262520779695,3.0318740461026663,1
1202,0.8309008102300515,0.6276106333636376,3.6065264143112867,1
1203,1.8308855138361724E-4,0.4398159307486313,2.848309501666274,1
1204,0.9626003998913382,7.355591305449219E-4,5.792340387275285,1
1205,0.6764264203462963,0.04929738124424426,1.771162166257079,1
1206,0.9788056571970709,0.9780000664686286,5.569390121717966,1
1207,0.46833622292771676,0.06492652571904241,4.520809432625112,1
1208,0.5909682456961336,0.8830452784259598,0.21241556237837933,1
1209,0.999270221465041,0.8222659992404008,0.16195122047222044,1
1210,0.6546319684085933,0.7967260644782683,4.637365881029177,1
1211,0.6553985511210826,0.13051276359735334,1.9354891131059397,1
1212,0.8149666216843579,0.8186913836540607,5.644587659204272,1
1213,0.5125560363415153,0.2059761389502771,2.606410917396895,1
1214,0.29280367815735103,0.2664024996168528,4.296006717899942,1
1215,0.0,0.6425741196192492,3.7821252560552283,1
1216,0.4476084839277229,0.0467093427177504,0.14504986102871342,1
1217,0.45842545877040913,0.3859947795747407,0.13005863104988105,1
1218,0.1294621397774056,0.27492463720604127,2.4842107513867973,1
1219,0.36434832707670917,0.658375355277719,5.960137158461327,1
1220,0.024887409786122965,0.0750356052511311,0.4578545890967946,1
1221,1.0,0.030286671568574577,0.20609132201019192,1
1222,0.9155669993745748,0.0,3.8777544235375085,1
1223,0.9478960213889501,0.6421445883418007,1.2144040977105452,1
1224,0.15773848713146557,0.698938034402636,0.8102404614272208,1
1225,0.5909443683494541,0.027072633884001853,0.3443981111317997,1
1226,1.0,0.9988973588956852,0.9351091877412598,1
1227,0.8101241992375336,0.5174704563924548,1.9442131283520865,1
1228,0.30755743992152274,0.7419984791484688,0.22666857760319067,1
1229,0.068960030128835,0.7221200945111076,0.9086024637079081,1
1230,0.9010719231059441,0.9839562757601973,5.285011914579872,1
1231,0.8624088816294759,0.8378121475923852,4.676261531557482,1
1232,0.557282459526378,0.3897716459054031,2.249954038553431,1
1233,0.4601197709774229,0.3030233201234624,3.546542665323212,1
1234,0.2662802323483384,0.343307342102711,2.502763307641114,1
1235,0.452910349756412,0.7143337233250766,2.043314099902434,1
1236,0.026015176537447636,0.650978112534707,3.4230422179570383,1
1237,0.24774455443600574,0.3027709808428809,6.046991641766814,1
1238,0.964814058896572,0.6760818682980868,3.502250427345941,1
1239,0.14788546700790708,0.0,5.614808101558807,1
1240,0.5510962188536509,0.6795475936521886,2.1420598607540553,1
1241,0.5481426167357165,0.015080543701756398,3.4018582781442386,1
1242,0.36389192194274733,0.011173001946129392,3.7794733444554427,1
1243,0.8197687991464903,0.2700468415224151,5.420943479015447,1
1244,0.11010497226484285,0.8376570690145337,2.2517663812612536,1
1245,0.7556124056040353,0.0,4.543841687646374,1
1246,0.7090590234503574,0.9447809917119089,1.5739469666309596,1
1247,0.550269177675237,0.6110813318527467,5.005789829102977,1
1248,0.848658595088671,0.31828795544958366,1.5722381415996676,1
1249,0.5753134980132271,0.9968656699864461,6.250333216644421,1
1250,0.6050761502408163,0.7644240592083265,4.237674066436866,1
1251,0.9997615988701486,0.0584317898211697,4.669831847856757,1
1252,0.9465567452713279,0.8184001618080052,0.6087103034998327,1
1253,0.9990824723523443,0.031708701272028225,0.601857091920443,1
1254,0.9053354456516517,0.5009148118897676,4.370178737448828,1
1255,0.47478332934378803,0.10718007723127884,2.760490395674147,1
1256,0.8590874119250194,0.15398664418697366,4.092888884452652,1
1257,0.975755294570358,1.0,1.2101500568513086,1
1258,0.12585408714439406,0.6738240041109734,4.407220523726889,1
1259,0.344323664733836,0.9999363344486337,1.0372223588547949,1
1260,0.6393477368052356,0.9586097638581179,1.8412436498461457,1
1261,0.9784850216650323,0.11055889042499335,4.542336531295402,1
1262,0.42770243120848617,0.32777034346822065,0.8640594958703032,1
1263,0.9992678073934935,0.9349749191855461,0.0020393576927881796,1
1264,0.5339933793385014,0.9019715193452136,6.064993155749922,1
1265,0.6206082119322793,0.38606442479387376,5.962261010387301,1
1266,0.2568449512770327,0.17827528082089006,0.04739666391216692,1
1267,0.11753981998995582,0.17112638086105333,0.9423751339375414,1
1268,0.7948158515407696,0.5058328715885406,5.429232653961998,1
1269,0.2890002194934092,0.968911085766691,0.7871564802210319,1
1270,0.034464766812971254,0.6041419553173771,5.3191943375509485,1
1271,0.5929590701569805,0.8815724684106161,2.384177523327714,1
1272,0.2311180468360802,0.7313698313808636,4.306189130109546,1
1273,0.9232568355142992,0.6502876496810757,5.672449559216949,1
1274,0.6214264933007806,0.0020131136317575386,5.693576576148037,1
1275,2.1184460683770854E-4,0.5270442875341754,4.241799937840083,1
1276,0.7592738337887059,0.49887966761762353,1.7647506131601691,1
1277,0.6347891337565437,0.8266167262626092,2.86076466758273,1
1278,0.9916145730574888,0.3815861289705441,4.52211050300966,1
1279,0.08381639305889522,0.5693524873161118,4.026044809458832,1
1280,0.47204246041074494,0.22768827701496092,3.3699842532151583,1
1281,0.4000866654546777,0.3638664036319286,2.1030763231926075,1
1282,0.191139595687508,0.37499362739897896,4.233411818494208,1
1283,0.18235621248441009,0.7439588598411453,1.3955463310347318,1
1284,0.16572047214573835,0.3128553645269505,0.5738620760456916,1
1285,0.5059015114881802,0.8499804816537485,3.9531016169125643,1
1286,0.7252927988753385,0.08940086885153607,1.8143287836984017,1
1287,0.9652873010593317,0.11638411755668228,1.161697850447049,1
1288,0.936372342892753,0.7316103859220601,2.6480556108738273,1
1289,0.0011536296894247202,0.5270626496727862,3.6503370112645115,1
1290,0.6914812164811825,0.6677885115584842,1.1716771997182067,1
1291,0.8120856139812749,0.7832915883315283,5.644976225480066,1
1292,0.40153811446755283,0.8507016990982952,4.354746672288085,1
1293,0.03098294300488434,0.7731663716526859,0.7736023632952053,1
1294,0.7738358345378747,0.6639277622378889,3.49030279361042,1
1295,0.7676652183008056,0.9165023480471233,6.0552537029168425,1
1296,0.5717803956256909,0.168354803416929,1.6721034575463858,1
1297,0.5615428284856361,0.6229372546828068,2.792986447598314,1
1298,0.7009217931754469,0.0,3.5492568726003055,1
1299,0.33237579269011125,1.0,2.301595277614626,1
1300,0.7867879402114774,0.4978733942132581,2.2691756799531406,1
1301,0.7783408857591058,0.13439670968134482,3.170224314796554,1
1302,0.39934745201261546,0.22789752143859549,5.820971223451768,1
1303,0.6218861716151369,0.8703169194457882,1.18129504222371,1
1304,0.07401288819866894,0.9935123309664964,3.5908115600287647,1
1305,0.10735811823109463,0.7249719744869931,1.577942282355424,1
1306,0.0406645788452525,0.631375629654394,2.1100820568010707,1
1307,0.3837184388222621,0.8465042312653014,0.5172558073221171,1
1308,0.8261873516055568,0.6922463744759747,0.27118365274728295,1
1309,0.1013215753303194,0.9995066598168725,1.8017338057127326,1
1310,0.32358791126946346,0.7910798839744697,0.08843299056632925,1
1311,0.3461374697658474,0.7643247405222401,2.2435116311551355,1
1312,0.7125742198158938,0.3344080867018559,4.867144654254322,1
1313,0.1687582617605486,0.4568403865840948,2.011644449153016,1
1314,0.8685620304035853,0.8626777384308663,4.251338286241613,1
1315,0.9863289012380777,0.7009906412636101,3.2804280744445062,1
1316,0.8058583899005468,0.10705652862912009,3.7218595395827676,1
1317,0.5570121608380442,0.06091266367380987,2.199840495710189,1
1318,0.3055288449462961,0.16779073805562522,5.315168187263868,1
1319,0.14810621077152125,0.6991261155331655,1.3781682123937005,1
1320,0.2708205389789963,0.7213921691662923,4.324024251623144,1
1321,0.4736501438240475,0.006588328750623969,2.074410910961791,1
1322,0.5455201932165832,0.014789597084778748,1.773494574380511,1
1323,0.5777576593983093,0.6156948333261268,3.4444725680532975,1
1324,0.9730864112206931,0.041483588835511495,5.566301295997004,1
1325,0.477890121554501,0.22538009226446593,3.4183664893001326,1
1326,0.2293827068749216,0.20731549471483207,2.833596973079182,1
1327,0.050811160694575995,0.06016596012456429,1.8078622900056567,1
1328,0.07726482331379567,0.15992373062043755,2.843502191089421,1
1329,0.3286189563512438,0.42805393049076296,0.37809614318254525,1
1330,0.9356316742390488,0.477029326451436,5.934617830333439,1
1331,0.8466469148175794,0.7502055500365193,2.6459337798032156,1
1332,0.10551126614937431,0.16535346836795936,4.399431872536301,1
1333,0.08297302114314901,0.9086305851052069,1.2446427442664652,1
1334,0.6126496401721179,0.0893932725663684,2.92337321081999,1
1335,0.5101709872999688,0.2826604543088322,5.8266309365762705,1
1336,0.0,0.9267789868610576,3.0601042289863245,1
1337,0.692761988221792,0.44965679228090566,5.718235625079323,1
1338,0.0017917419805289778,0.05671215089934446,1.9303312773243517,1
1339,0.5972597826153144,0.19967751803157924,3.9963617074382682,1
1340,0.5991147447076182,0.6602712568698439,4.008766656657226,1
1341,0.724478550202333,0.20212060999209078,3.34084726920671,1
1342,0.3486762063713817,0.8209257950537541,0.031241621600570646,1
1343,0.5157351016924739,0.92759886155815,3.0925065831111316,1
1344,0.8179622891562398,0.18134766202264918,5.51606343437348,1
1345,0.9563928518701111,0.0,5.427930006005775,1
1346,0.35362937944635037,0.6091760162242156,4.474471446905355,1
1347,0.34719436411460136,0.4075981845589944,6.125659089392566,1
1348,1.0,0.43311093153974967,0.4123061637846448,1
1349,0.5677254575567182,0.2516411119209115,3.6231245170098516,1
1350,0.4105866617981658,0.42496629077620723,4.426672304393,1
1351,1.0,0.9624411302622778,6.14227404973997,1
1352,0.2955737810141724,0.3222044617495386,4.7847215821755,1
1353,0.7863467999126873,0.4957530454700214,3.3637770213953027,1
1354,0.9506149010935233,0.6850707540056491,0.7614306688024093,1
1355,0.4900476280847345,0.6308010566782398,2.699702740462078,1
1356,0.319253526706452,0.5206321498699621,4.973413204415971,1
1357,0.5231160300920771,0.0,4.566213514578351,1
1358,0.0,0.22661845365779223,3.6203538985946,1
1359,0.1178813254347543,0.8281794921044275,0.6784388814971186,1
1360,0.03571564432202781,0.869200943750375,0.5206626666613163,1
1361,5.006319446756765E-4,0.5140049037119565,1.9433214906928333,1
1362,0.16139453827015438,0.34174210916698244,1.330379451068601,1
1363,0.9420043693864528,0.2557275323518593,0.6346982263372664,1
1364,0.17006665175431124,0.7993660090080317,5.299184946979774,1
1365,0.27804873125997365,0.4409585727035806,4.926045891265076,1
1366,0.10964200619294223,0.8584114583152423,3.5055641276022147,1
1367,0.3334390589067901,0.38666660840207656,3.736916891944072,1
1368,0.8898439790309948,1.0,0.4968036219225508,1
1369,0.5692817727048469,0.5803048948080533,3.470021606106538,1
1370,0.00832201704181785,0.9458446550711516,1.773184808504213,1
1371,0.29909820091462447,0.14684143940236938,2.355077485975033,1
1372,0.7848796544131322,0.7077257903382239,0.7391557244033679,1
1373,0.17309667942116938,0.728548587950545,3.4568147507902234,1
1374,0.7091710596713715,0.7606665309181045,1.9274990122068631,1
1375,0.7110051341874831,0.09443881077365301,4.484855513653167,1
1376,0.5925020678852312,0.09293867093373702,5.617029871434929,1
1377,0.5761047252707137,0.8644106254051093,3.506099879413229,1
1378,0.9540988337183007,0.7051760801648443,4.064947903184856,1
1379,0.5449250265705361,0.6774981204185276,2.157719722173038,1
1380,0.6950549322128913,0.5997038469502375,1.5789680224618974,1
1381,0.09508638431855049,0.7499515382660129,4.778262576898832,1
1382,0.512255746284982,0.687808281785096,0.314693189277312,1
1383,0.4537161006711498,0.36281130507265635,3.830132114130717,1
1384,0.1757444276543571,0.6784869783858756,2.6497416597871952,1
1385,0.862683287596086,0.09654386200211428,5.109251355539372,1
1386,0.8707629361127287,0.9812883095625156,3.90960890366808,1
1387,0.31992328625389777,1.0,1.6565415137747999,1
1388,0.9723283596161929,0.8631242032737286,4.083287388731025,1
1389,0.6573550020806935,1.0,2.686030423811895,1
1390,0.09133452105219196,0.47803290770243795,0.7399424581489796,1
1391,0.45144100714613894,0.1349319558979944,3.2473214126072225,1
1392,0.35927101151961427,0.8641016131341935,5.815446249856607,1
1393,0.19407751062194384,0.2891810022590915,2.619904264923404,1
1394,0.8532510895572387,0.3719126900691192,1.3778782208040468,1
1395,0.9995339660421954,0.9994594958709715,1.509620772722741,1
1396,0.5463508239122774,0.7875626979509162,5.113703266296056,1
1397,0.9931831519686478,0.02032981793538175,4.336573373373407,1
1398,0.4775293507844276,0.4107416093355244,2.17867733772458,1
1399,0.08156147049569527,6.505415608970928E-4,3.6074279779287197,1
1400,0.9999973303972126,0.6089724263441554,1.5741333364724033,1
1401,0.058302994682788135,0.3894343643041377,2.7638652204937073,1
1402,0.715276632463374,0.5882618773120257,4.2541687068938705,1
1403,0.5524620841769685,0.1817043104560786,5.689508971812526,1
1404,0.9958508994652793,0.8559274502190467,5.783079797789278,1
1405,0.6609249171041396,0.8766358282647305,1.5194480312482166,1
1406,0.7965342219356184,0.9499042842788458,5.652006054576562,1
1407,0.6218677939779379,0.40709185968130673,4.346982669149631,1
1408,0.3968979845438991,0.28226422394937256,6.150881438355334,1
1409,0.8938697254520725,1.0,2.40497199523084,1
1410,0.0,0.8607445361599073,3.6891682372932144,1
1411,0.26824025341840424,0.25529252710999856,4.031706238546224,1
1412,0.442089292106976,0.2815659223421006,1.5620138181613363,1
1413,0.3005729809166093,0.5840326843624324,5.282727004939366,1
1414,0.9711119480292064,0.8513580781192825,4.976667987678572,1
1415,0.6281858785855027,0.7716172016078151,0.7111331948250892,1
1416,0.09224250026758257,0.7136992677191444,4.179767807705602,1
1417,1.0,0.41402466764457324,5.705914054958553,1
1418,0.7079579174199452,0.2731207817668133,1.56688383001878,1
1419,3.6558529707100335E-4,0.7027937088435874,4.755166033402569,1
1420,0.8136776905787197,0.4968287141706359,5.111855162013338,1
1421,0.5673983267203375,0.9822725297638928,3.315135584293355,1
1422,0.0,0.9995387015296223,3.158683705212772,1
1423,0.412078980638714,0.622036185098583,0.7430499235728635,1
1424,0.3108340006425678,0.7541782776126857,4.1240521510651895,1
1425,0.9737843038277074,0.14124726783174024,1.0394746044897705,1
1426,1.0,0.0031681830434729815,0.18872837736273362,1
1427,0.4835860071734851,0.40578449734274674,1.8978280785975958,1
1428,0.6289759040488572,0.8123302887129115,2.687921949409921,1
1429,0.2643506378441227,0.2844513793409397,3.676223457214161,1
1430,0.5748324119523613,0.9769133581637554,2.8605471241547136,1
1431,0.3462487733294375,0.4479925238362288,4.002052465533821,1
1432,0.7312111371088347,0.05494535058927029,5.225630834412229,1
1433,7.11286239564941E-4,0.6192028146896346,2.1982202802318547,1
1434,0.577863090647929,0.052485942342386106,4.683508209325666,1
1435,0.338236906730499,0.4048300008152129,5.264079179972998,1
1436,0.22568342231324465,0.7611935599140213,4.886055987122496,1
1437,0.0,0.8650370664924695,2.753885925471807,1
1438,0.48576576727648674,0.9930926152337849,2.533866499782109,1
1439,0.9479476947049278,0.0,4.230460156242468,1
1440,0.7470098018061617,0.27627774474313327,1.3183490200730938,1
1441,0.2506727505627911,0.11035108134781024,5.097623430812693,1
1442,0.6051074712934175,0.38555911686454714,2.4172819560343384,1
1443,0.631069606508914,0.539863460625838,1.4545337946223018,1
1444,0.2338182128532177,0.018343524029759164,5.624570202120032,1
1445,1.0,0.20319843125080056,6.2572093945682035,1
1446,0.08387723948610443,2.4430277472407597E-4,3.819013244650281,1
1447,7.386140137405567E-4,0.7552427151324667,2.575369003900258,1
1448,0.9601885913605295,0.578396107431667,5.353852761159105,1
1449,0.3284234777733464,0.762894431938629,1.692384618568317,1
1450,1.0,0.9882061596023747,5.913394372690049,1
1451,0.5653636789969767,0.9443931890922587,1.8742985321358303,1
1452,0.2582726118639715,0.9855268612003787,1.020839512307654,1
1453,9.82053892548664E-5,0.44632329139710664,1.694801064423414,1
1454,0.5678932922939336,0.009608789428564248,2.5674595030784144,1
1455,0.28021214563567776,0.015282997288096966,0.35651286348109573,1
1456,0.01372929237035973,0.24948396083679453,0.5681606546622986,1
1457,0.23191102362598973,0.7171769850671637,4.8395828982681355,1
1458,0.3941128955482612,0.7662324963200803,1.4783861744612268,1
1459,0.6950324035018625,0.46140827907060206,3.552100671349471,1
1460,0.0019285039914648575,0.6544611554084596,4.641347473788286,1
1461,0.45597358092461737,0.597030801694894,0.4646706991580516,1
1462,0.9967295690840668,0.39952285144551936,4.785823756149528,1
1463,0.3024752972087873,0.818977918095621,0.10503925473121413,1
1464,0.4398691907957079,0.3992894087621401,3.256003765713169,1
1465,0.9993130182193974,0.9614756950215161,1.925477998358006,1
1466,0.8050087034456616,0.46861150068242446,4.245672952600154,1
1467,0.41550619325584714,0.5545121707044579,5.787259470282564,1
1468,0.6071874567629171,0.6649294332250164,0.15084432655271882,1
1469,0.17940735172595235,0.0,5.46751719035099,1
1470,0.9998877397438387,0.0011488512731086672,0.2443693054916454,1
1471,0.09442130571591194,0.553870264637693,3.0986883324327454,1
1472,0.1177288540282353,0.11606632250060289,4.386750481296314,1
1473,0.4478007046372034,0.12658349926549717,2.481350186716079,1
1474,0.10296260091664872,0.8644740245971483,6.090190052835612,1
1475,0.5876356426258568,0.643151139108009,1.17764809925044,1
1476,0.5380683554356103,0.23834158034092082,6.029269832110208,1
1477,0.2775470334574811,0.0,5.2305135683871775,1
1478,0.8161132114436931,0.6004298415883297,1.0651678303476522,1
1479,0.488469498001954,0.47313261157795683,5.282971279022038,1
1480,0.43014210314386464,0.26630021093352974,1.0614162835016987,1
1481,0.0,0.7421433106281878,3.406965783768092,1
1482,0.799586200296346,0.07491922529050744,0.3659252965683303,1
1483,0.4055435531255956,0.9305512725347707,2.6994113751508086,1
1484,0.9973183730821817,0.7625931881533925,4.721104506837826,1
1485,0.09069713787880676,0.08630606544371547,0.6180602383834701,1
1486,0.3256133380590471,0.8195711089760723,0.546592974164761,1
1487,0.06774654721549025,0.09476568526901921,1.1685318325031262,1
1488,0.7246662156630033,0.23400544042456964,1.4393521747762803,1
1489,9.327616151819057E-4,0.3166362436721458,1.914892853203594,1
1490,0.0,0.8169866304894916,4.032593294130647,1
1491,0.9975377501517889,0.0,5.163314557062358,1
1492,0.7208610526221031,0.18245315047869406,6.048650105427296,1
1493,5.516761251986861E-4,0.8700499372551751,4.075754385873067,1
1494,0.839939072783389,0.34745672373027525,1.0654285206455423,1
1495,0.26551552752077245,0.011853958696279608,0.5124582742150375,1
1496,0.20788582392633725,0.4902632751724103,3.1932387872502126,1
1497,0.0,0.26984305817013826,4.16921009231569,1
1498,0.850268418193801,0.9984964410751241,2.9516347114065193,1
1499,0.1532486507415033,0.4461670310106938,4.67107666776629,1
1500,0.6864129242132362,0.5601526280877351,4.591372552009469,1
1501,0.1665558233429777,0.7851334548503496,2.782551262223507,1
1502,0.794230944703038,0.8396216771705105,0.9932314037445309,1
1503,0.6967648904732082,0.9329613018119595,3.06449986690081,1
1504,0.0468186272575587,1.4955710435838156E-4,5.886942321123695,1
1505,0.4134664374173243,0.7472601286764644,0.3771609482994389,1
1506,0.9248498169616847,0.39801530946115166,2.4535941083777866,1
1507,0.9756296741444737,1.9153915725702002E-4,3.413502369203021,1
1508,0.7167917992149052,0.6408177325458253,5.4341266426302965,1
1509,0.8345679968993424,0.3786441780611111,3.7813778442141177,1
1510,0.13398611764438742,2.0207782955068693E-4,6.08619629246235,1
1511,0.9639866479622251,0.7633527100364244,1.1896821868200993,1
1512,0.4431511103179642,0.3599609631870256,6.033846469623412,1
1513,0.08917936308668468,0.994788196998033,5.973571972979106,1
1514,0.40999056397969874,0.3532321409213022,3.062412019452435,1
1515,0.8478717737159513,0.21531145898640747,0.28184764797365824,1
1516,0.7920477519305682,0.9428822221607999,2.3000640977624793,1
1517,0.02937508615632314,0.0,5.047754130833712,1
1518,0.7836686771370339,0.0,4.7304627443002465,1
1519,0.238145293607984,0.5940092454279249,2.193447112854328,1
1520,0.5887769039372802,0.9211179627533705,4.924929965409459,1
1521,0.8040085837369491,0.06372403195671413,4.613719836002199,1
1522,1.0,0.5256397116674498,6.265730207411032,1
1523,0.9808903352659759,1.0,1.2690176957434602,1
1524,0.15764547391367284,0.4635843957285705,6.141468968694537,1
1525,0.6054595911951405,0.45709399389095745,0.775681073576668,1
1526,0.20279534299513868,0.6950298403408558,1.2977219012836632,1
1527,0.6024546421202378,0.18416080924801342,0.14532515964502057,1
1528,0.4419151284481616,0.3796595946454278,3.101105988410296,1
1529,0.34029281086416224,0.10840737052595811,4.539738212736895,1
1530,0.3320815032680356,0.7551156441431401,2.580513358125192,1
1531,0.9427355503354063,9.925024390823466E-4,3.63327691880831,1
1532,0.6391057280193722,0.24213706370632743,4.652350604368895,1
1533,0.6729191578170848,0.6797825252484226,1.6874921903250637,1
1534,0.01787965736162897,0.9976897307233858,1.469562929434499,1
1535,0.17083375302284176,0.8611380663713324,4.311702541377178,1
1536,0.08644580708337739,0.3370919278823199,3.8596230271644147,1
1537,0.9796335194295616,0.9456356990861173,0.8043625143830645,1
1538,0.3795826985341123,0.3616042861494861,5.601940088659143,1
1539,0.49760535636469505,0.9957670614833587,0.26401622980022815,1
1540,0.7130256244739483,0.6053018015667133,2.5655041821635223,1
1541,0.544465970086823,0.6754692554708412,5.2347055099747015,1
1542,0.37164462430697803,0.2703725508274018,2.037943283675028,1
1543,0.4509111777998449,0.3872719757653742,1.31468165738367,1
1544,0.323031659400979,0.08515928197691615,5.133931270888007,1
1545,0.9449173389247031,0.2540316932702983,6.198084050660415,1
1546,0.6338948177231957,0.19548910398762134,5.547042775748716,1
1547,0.004706888017403738,0.17320025221435656,0.40016753610453815,1
1548,0.06514972924047475,0.7231945920516023,4.921673120963415,1
1549,0.9206604223609594,0.8901823320916538,5.6438323464203375,1
1550,0.5585517105860406,0.25381566126114635,3.043199888797368,1
1551,0.9999586191822679,0.8373713122277003,0.42084249450271827,1
1552,0.5995370950741229,0.835051243047079,6.026393696863652,1
1553,0.7459096042469636,0.005130675186401418,3.303489532013054,1
1554,0.5629607412865311,0.708884233532731,2.6383211394537316,1
1555,0.0,0.36089174400549134,3.204372804455525,1
1556,0.986159309469127,0.5588139635449804,3.3066193444806204,1
1557,0.9793943817306341,0.4372785777768802,3.845545584229931,1
1558,0.6641003589644746,0.64773011581978,3.9508453081953347,1
1559,0.47269830477847397,0.052551854580736856,0.8728571986182402,1
1560,0.31003382565308957,0.534930289669781,2.075734509340975,1
1561,0.41601694915100573,0.007476294748944734,3.891581355963302,1
1562,0.6452325093287669,0.8412674845822565,6.223779751176641,1
1563,0.5771458128710635,0.10943842057399042,3.906224760497672,1
1564,0.9811421257011604,0.004795083470460328,3.917102227204057,1
1565,0.04315631581439162,0.3820314739156226,2.0986839907680017,1
1566,0.3231536547017924,1.0,1.5382588143598377,1
1567,0.21446089212895866,0.16411447574031857,5.156101924224151,1
1568,0.9963598645834223,6.147641896456853E-6,5.351427529134995,1
1569,0.6737658376808542,0.7069779049660787,0.6524143610601871,1
1570,1.1280624577331415E-4,0.7977751682474074,2.304632730441845,1
1571,0.5645677808359083,0.2984596870334175,0.5700035993173097,1
1572,0.6762964093365544,0.053599080994486764,2.4610068347932788,1
1573,0.6093745402576165,0.049833271769840246,5.805117348688047,1
1574,0.49366002086127075,0.6833481712301818,6.238409424417773,1
1575,0.2895574773289171,0.9957386311719236,0.8513869137654464,1
1576,0.9904998115414703,0.18156332967955435,4.365893069106951,1
1577,0.03974795017485098,0.6091599206056024,4.1541383439485156,1
1578,0.8959845124536446,0.9555695064399619,3.7013849338034093,1
1579,0.9133466032565928,0.11599477440883323,6.002995288888114,1
1580,0.44052523303045443,0.8814960758233725,1.1141478148984998,1
1581,0.060214308329179324,0.11538672737180979,1.4585086064292694,1
1582,0.23455814568385572,0.9311219830203717,1.1313531153220764,1
1583,0.20585845488326052,0.6803437822898769,5.742559641743778,1
1584,0.42169631155582105,0.29499816260132566,5.049591752725155,1
1585,0.5159866783054553,0.21899676274837984,3.5575912193493204,1
1586,0.41078553886160335,0.6002213849838797,2.6355583586344697,1
1587,0.6702115212894107,0.05335803911806189,2.2410501603376627,1
1588,0.0,0.07281176541003273,3.4824733109706836,1
1589,0.6949993030590209,0.1873696756207395,1.4011230984238279,1
1590,0.29505224632306715,0.03942291167581564,3.9873562965213614,1
1591,0.12141469654771726,0.2188275228341525,2.3777921608626,1
1592,0.17675663683834847,0.6939681935931516,0.11740953885539906,1
1593,0.6326407552962078,0.7638334627711356,4.506254896143561,1
1594,0.4389400322771617,0.37889487002521466,5.838448418642048,1
1595,0.17607452582114064,0.8793047330226251,5.033652529436961,1
1596,0.5997767333828982,0.2502147570179312,0.19557860205815825,1
1597,0.7492856592771923,0.9488704631994034,4.625864173399779,1
1598,1.4109911999651132E-4,0.9761021806961484,2.7473030031397223,1
1599,0.7415335687537992,0.3632222237787827,4.006484512953319,1
1600,0.25459772730190433,0.5532088635378736,1.7728476894232827,1
1601,0.3206349175537882,0.12755923821303805,2.058903699098558,1
1602,0.9696737824638562,0.18810159857263045,0.5912536003241147,1
1603,0.9038090479035182,0.9239872214453811,1.9774001245592472,1
1604,0.9679605160660788,0.13823457230388106,0.2653555805440609,1
1605,0.03557549268713849,2.7715083098375467E-4,4.3735263899209835,1
1606,0.546952016785592,0.9998213132837366,0.49863564873869093,1
1607,0.8000237460848755,0.0,4.956534756502065,1
1608,0.5053254646815807,0.8401280064338432,2.8617070180033735,1
1609,0.38635530718401,0.304926822061513,1.11616554016067,1
1610,0.8636584528561968,1.0,2.185388562550755,1
1611,0.6980777513209183,0.870871026374041,3.0215893443186608,1
1612,0.7782273845050857,0.9104621576127946,5.478035460569765,1
1613,0.667015234763913,1.0,1.9365166954155746,1
1614,0.9024775748748779,0.2611895620039023,3.665549053029716,1
1615,0.029427334470468268,0.6365606473985489,5.8099761821044105,1
1616,0.27458392035907675,0.5887751335221065,4.9324781435750635,1
1617,0.5255054754106263,0.7003674886114332,4.44782811362773,1
1618,1.0,0.4675656570762096,6.112670269314421,1
1619,0.005476549411552108,0.6281032350910619,1.7981698669320292,1
1620,0.6117608844075555,0.9817288713230997,3.407907411988959,1
1621,0.7166026601030272,0.9447838609193794,5.786212955844471,1
1622,0.46823305996155734,0.0,4.661790172454437,1
1623,0.9019057902206066,0.0,4.774442247384994,1
1624,0.22473893719965812,0.6199600192988495,3.477206452258599,1
1625,0.030149510630147643,0.8515565914666573,3.876729862072247,1
1626,0.09563255631685738,0.28951655748071303,2.542571147197823,1
1627,0.949141949202754,0.22318934155023973,0.9366022119815797,1
1628,0.6979238465105706,0.44733481769201333,5.272919747609491,1
1629,0.634132437107131,0.775432440278963,3.925944367687466,1
1630,0.0068089915657643645,0.7750117439556777,1.436995334751324,1
1631,1.0,0.3666139196249591,6.156794967194996,1
1632,0.2366282435661222,0.2335184269685474,3.118501500344383,1
1633,0.06986020943095088,0.3423961188958274,2.7459385403889427,1
1634,0.44304294432734576,0.9992959935709771,2.0998808031616094,1
1635,0.8737768873095129,0.32456110136349653,0.5939614355797204,1
1636,0.08680298056877929,0.3966608050298984,2.593339529063422,1
1637,0.8441664938287231,0.5867445209735728,0.6700164936264194,1
1638,0.09624759112506875,0.8787348240637435,1.6175899895523749,1
1639,0.689190084843099,0.35390638309932493,2.9319537486308374,1
1640,0.9027943510166454,0.6807891957197532,1.5956907976584067,1
1641,0.7875598284873278,0.3535386479628246,4.905994161179977,1
1642,0.8279057593421008,0.12858764364863556,6.162642699675689,1
1643,0.13178210605961269,0.7486246931803625,1.2526236027324877,1
1644,0.44992129428356226,0.450176294308068,5.81391807524601,1
1645,0.24190198200433344,0.4118316840772213,3.930437605900252,1
1646,0.01840563840665409,0.3816305307333883,1.7184312291240809,1
1647,0.4319677360859508,0.6920084541533732,4.017729539302006,1
1648,0.15995091987607213,0.6715472745739718,6.214317476344519,1
1649,0.41093951023122327,0.03791086868455401,3.2561665019285697,1
1650,0.802883276226209,0.29003964831544704,4.0150869137227785,1
1651,0.46883138639155236,0.5286365788274504,0.45512474253479673,1
1652,0.8279448976768383,0.6364984327650086,0.22743320104839765,1
1653,0.46234733416428914,0.61227770176485,2.0154459664156956,1
1654,0.25429016014530603,0.04456998386437588,0.2682371600865738,1
1655,0.0,0.8388915192525844,4.539846324071746,1
1656,0.7940182310326463,0.11985748526847567,3.3939086567727936,1
1657,0.3019202701845108,0.32940976025183394,0.5977720171128345,1
1658,0.5820039684158745,0.5356703439258942,0.7064580177272797,1
1659,0.44748786849296135,0.7432273929915238,5.254074413460561,1
1660,0.9032340288206593,0.7580066783841145,5.583165016591261,1
1661,0.5115844792248889,0.3401078360894359,1.0650203383354724,1
1662,0.7165185088965353,0.2608048861242728,5.236970738047075,1
1663,0.37296693370306877,0.49541262325025687,4.829865117280697,1
1664,0.027609786191607526,0.9264598340168726,5.443706572783538,1
1665,0.8610834061125394,0.5777971946817062,4.715106631402203,1
1666,0.6860834485266405,0.29099061278577093,4.996463355448509,1
1667,0.9582314055794334,0.42225280071355736,1.8502658453138774,1
1668,0.3390331348030953,0.18417885475005852,4.881650391481333,1
1669,0.7104665001144514,1.0,2.1718023438079337,1
1670,0.21790668818234576,0.23382036342022516,2.8163100666929304,1
1671,0.7315545201992939,0.5209107024231662,1.5640715968197032,1
1672,0.33989507273117625,0.5832863283520432,5.311449479121803,1
1673,0.8378626658824898,0.832881422265011,3.9609464558788474,1
1674,0.16855063032002562,0.3081946468413521,3.9078315673848474,1
1675,0.544841263902376,0.8286314478111232,3.0190021337992254,1
1676,0.0022586702293575225,0.04015493002512991,4.306893249015572,1
1677,0.005336581102972462,0.9710313584479973,1.1508849986898106,1
1678,0.02595900561698524,1.0,1.9338661617609643,1
1679,0.15444848665078192,0.13260130213099527,5.374726227345447,1
1680,0.8352544084907423,0.8598495906109364,1.382129898375715,1
1681,0.3258500307404503,0.22037290897780423,2.038156425231996,1
1682,1.0,2.5481849095426994E-4,6.2171094607921935,1
1683,0.8497525950867997,0.7523480172566258,5.02116140014414,1
1684,0.881726330687347,0.2736013960167967,4.35529408153454,1
1685,0.6785644986455676,0.7267294010874187,0.5865125966425724,1
1686,0.6806893654012663,0.4962342481845722,4.050094806800052,1
1687,0.4973896799353839,0.16931812602282076,3.066646032677078,1
1688,0.28928996574435745,0.7407186874017296,2.99647890830617,1
1689,0.12069346481523673,0.6546666002457688,4.222524914794633,1
1690,0.0,0.3063955978911363,3.835279957045237,1
1691,0.7198282656776709,0.38517521580733255,4.799849577862219,1
1692,0.7818291721779942,1.0,1.2954001255766119,1
1693,0.17070020672225808,0.856015809922791,4.4657945849122935,1
1694,0.7856794438436159,0.001167349744862324,5.759826839452891,1
1695,0.10517653169440046,0.0,4.03131980553073,1
1696,0.24528518061730248,0.9827797373023249,3.402121736139324,1
1697,0.9474673903112971,0.4259953898110912,2.659545981237859,1
1698,0.0,0.5063621825148029,3.1043597247450454,1
1699,0.26046143441594305,0.9698053603755575,6.1620319737031215,1
1700,0.650309111618458,0.8649907450486096,3.9880365781476965,1
1701,0.9480551935213254,0.9231646213069982,3.514591233081869,1
1702,0.0,0.0,3.73749011521769,1
1703,0.7466986207227816,0.2602126760070142,5.697845538096807,1
1704,0.20230688043783085,0.46074794519564527,1.3029026008665523,1
1705,0.7317320716775991,0.8021051736422008,3.730309683807008,1
1706,1.0,1.0,1.4731063637184485,1
1707,0.03635448203760675,0.5823404739415078,1.06585255537317,1
1708,0.3248213417998962,0.4334286536229499,5.979436300448768,1
1709,0.8821668800793835,0.07572428974049185,2.721724007817759,1
1710,0.6834143587824316,0.12910526144743892,5.191028334261062,1
1711,0.8571194123428748,0.20823692709160385,5.883474780929176,1
1712,0.30318341159154594,0.997312047994633,0.41969497973687503,1
1713,0.8755351575167204,0.5210302643370395,4.701436532605268,1
1714,0.4152651389588618,0.26373524646543406,5.776588714585162,1
1715,0.1345629075438478,0.8913535498595712,1.960460383884149,1
1716,0.6957874953359946,0.7237649230472396,1.1483135375088716,1
1717,0.0,0.1331656087679963,2.9819497164785127,1
1718,0.03382513468613703,0.2642519449483561,0.3735891348104733,1
1719,0.9456279766608835,0.6672678950012144,0.5722027916436886,1
1720,0.4635779313061125,0.49550070899005716,4.255776209992174,1
1721,0.6944974445124812,0.46058948043343373,4.9047585702745335,1
1722,0.4870522358743715,0.08157715000514308,2.113810923977375,1
1723,0.04198231677654971,0.34641080700579835,5.260256009532857,1
1724,0.4594325716363111,0.9189910588196213,3.234506511017005,1
1725,0.622216691550922,0.16220101766001496,1.0775360732916268,1
1726,0.8209811277030881,0.41112002620551996,3.551567470281479,1
1727,0.4699579159928656,0.8520548190183271,0.8021605168262744,1
1728,0.0,0.1563035373741847,2.4679023076642017,1
1729,0.18191489743251762,1.0007437737504367E-4,5.246465918699374,1
1730,0.32582125729707634,0.4352477962159839,5.274287717421833,1
1731,0.47258949103898223,0.045397868754960886,1.7820617320011967,1
1732,0.37588134122588507,0.1926434607739611,2.630201085798282,1
1733,0.6236816692423814,0.8644201072329338,3.993961588220677,1
1734,0.9994360717771776,0.7675223212827402,5.69063980447461,1
1735,0.6849841018870344,0.4354538514936028,0.7741241190838997,1
1736,0.4495970430596981,0.10963736227054798,0.7361529501924314,1
1737,0.01974301024072022,0.26324008610435434,1.9344328025143849,1
1738,0.9994936063068893,0.9951063693177008,0.22722206553161128,1
1739,0.4261931621947121,0.8140460532669408,0.6515728279673876,1
1740,0.99989782819291,0.991320678940562,5.202280886509986,1
1741,0.4215886726203883,1.0,1.8042661532946618,1
1742,0.6393015296233303,0.01810153370897597,2.9306506911940806,1
1743,0.6465371548787151,0.11440749675091652,1.1036421886629006,1
1744,0.8869798996049266,0.8846172380187598,1.75981521570327,1
1745,0.4822059265537557,0.19758866884369136,5.159630218647434,1
1746,0.5463323771464536,0.8152801189639929,3.970736605573373,1
1747,0.0,0.5883226328924501,2.859397724452296,1
1748,0.8904382337002166,0.6849359165445538,3.048558248755483,1
1749,0.10927948463889967,0.9905637310000008,1.6016248626823482,1
1750,0.6507142816311541,0.3394455613001316,4.929037570293849,1
1751,0.6460784330898861,0.9294259708327772,4.214784884342006,1
1752,0.09214381695593311,0.7713654687646269,2.51164250467938,1
1753,0.35766043563500544,0.8130173514832598,2.947890762193402,1
1754,0.5879496272140637,0.8792379994900789,5.5609019755296805,1
1755,0.4505831566395687,0.9974150467022314,2.5529352646731955,1
1756,0.30798414275054614,0.2042363407299257,2.7532427400952617,1
1757,0.6704681022374328,0.5428541555944995,5.931227020895369,1
1758,0.8231065517397141,0.2093145150005405,3.5227747724691008,1
1759,0.7524178517732727,0.23009645927272834,0.40020069477041587,1
1760,0.021746109205668884,0.4843249919038136,4.390039293646019,1
1761,2.778393698115292E-4,0.4697709985651335,2.09164282850859,1
1762,0.9787183768204363,1.0,1.2549738548792482,1
1763,0.12082519580826423,0.005209118587105557,0.4569655711775321,1
1764,0.13930631691010534,0.41799348456474045,2.167440893759512,1
1765,0.5699504117116687,0.963736265018448,3.4872530648464846,1
1766,0.5459912133489643,0.5113612760889141,2.690077843778647,1
1767,0.0,0.05428451467856098,2.288177707427921,1
1768,0.8172137145066634,0.9932626533599659,3.4589882006928385,1
1769,0.534658420211118,0.10471678851319126,1.3525339499740112,1
1770,0.9169649083531322,0.21665956624966076,0.7793253484798571,1
1771,0.815919528900153,0.27838745163612405,1.9114130258936424,1
1772,1.0,2.1079019975822781E-4,6.004324464560485,1
1773,0.0015392878550265442,0.1659068260624616,2.256128761852126,1
1774,0.14314667290181898,0.2121910926565906,1.9282962429678971,1
1775,1.0,0.7253016432164759,5.998119417050745,1
1776,0.40175819786851386,0.5286310562300219,5.090996417863036,1
1777,0.6307484840078444,0.07120047128734974,2.0756668258313464,1
1778,0.7563520938335441,0.5343800906215385,4.565876020975154,1
1779,0.9647582729689929,0.7103806049937469,4.598929426203248,1
1780,0.7114368280198939,0.7292135842781825,2.1978539662892405,1
1781,0.5369724948353501,0.376073970119426,0.8732809936793371,1
1782,0.25688150656781983,6.68971867901584E-4,4.8733045160951365,1
1783,0.8636648213838697,0.9299911950143478,1.6841315202684217,1
1784,0.07812307945197693,0.12777074404546793,0.616247621829534,1
1785,0.9998830465270959,0.8875225962788749,5.658046522810665,1
1786,0.40764184268683445,0.5300719023374105,1.2633434443692726,1
1787,0.5624805746782066,0.1009917493092275,3.435840944661371,1
1788,0.08804970521441241,0.6044369547279533,2.9051967407849126,1
1789,0.1618288500451981,0.05189703108410813,5.326259545699088,1
1790,0.4475451277322236,0.6690583050481762,2.0164299564282926,1
1791,0.9231433999028671,0.749504198933599,3.001893812581767,1
1792,0.0,0.6768920945036109,3.000131865808112,1
1793,0.8671653283790289,0.08465501709055571,4.051391578145997,1
1794,0.5653923986796642,0.37127574418081055,6.021572443455097,1
1795,0.4537740952433786,0.8174673062788557,5.767276167834688,1
1796,0.482852055728575,0.45568101844808245,3.465378064770934,1
1797,0.5199621158158712,0.23907039298225302,5.017188104556146,1
1798,0.3936858874790602,0.8914837952712672,1.9270104149650154,1
1799,0.3967862317629704,0.768865324886689,4.109623446886321,1
1800,0.9942936373269939,0.45315102643315736,4.352208768573936,1
1801,0.4974413355104912,0.19674974909013881,2.772293151763011,1
1802,0.5145404304365319,0.9448103048389177,1.375240177716783,1
1803,0.5681247860147106,0.3680373484077419,1.756437666440574,1
1804,0.07087232218490518,1.0,2.328641871024785,1
1805,0.5440716814322824,0.524605974898673,4.595567007449882,1
1806,0.12167605262693007,0.09548115289733289,0.9074550739096154,1
1807,0.19659563726789775,0.7431216979410551,3.9275744743058847,1
1808,0.7312858766925799,0.0026960732336016573,2.9874527290116717,1
1809,0.6320065782849631,0.00143905033763454,3.689956725419697,1
1810,0.5009335913391149,0.3421306980012178,4.064992707633394,1
1811,0.2717711794919595,0.6538706407824714,4.711496353417326,1
1812,0.4788857742339938,0.13379730784976795,1.3948505525543826,1
1813,0.9655400637199871,0.18672354952547562,2.9858378190569623,1
1814,1.0,0.9370261500703806,0.18425838934219005,1
1815,0.3042117794703459,0.16698264985797218,1.0352197685349833,1
1816,0.9109651913643797,0.27895613238854805,2.9924669700344317,1
1817,0.5744016012332702,0.7906349594582817,0.7986479475916765,1
1818,0.9039525278543982,0.004660867639153272,0.25351887736638007,1
1819,0.113501218746316,0.10715242452426323,4.80684299325178,1
1820,0.148262274199068,0.721112796851171,0.20209516724756604,1
1821,0.3062589684632953,0.9843909376689972,3.7920435069862948,1
1822,0.020829211098624182,0.08057846498402232,3.1552750494170727,1
1823,0.425712970672435,0.7238455887679827,5.930165860829731,1
1824,0.7715027346478078,0.7259926003304964,5.048357837344316,1
1825,0.45510464104238574,0.9808540696879784,2.3721947709767393,1
1826,0.012101485653639164,0.8671456467787347,4.973022355977874,1
1827,0.7841654338862074,0.14924298499716596,5.435459199372781,1
1828,0.9391969699286574,0.5558285661172013,4.0827837087990835,1
1829,0.535211832628619,0.18603063877724235,3.0698727270858037,1
1830,0.2813311822845741,0.2853403486714662,0.8591259274982165,1
1831,0.3935125247039418,0.19204203398257638,0.5460703130474233,1
1832,0.10394503605216238,0.06718766228896618,5.466874800235651,1
1833,0.0,0.06770563744936905,2.753111670899747,1
1834,0.8971240606311611,0.8466170163458343,1.8328449604845862,1
1835,0.583835181703287,0.1489951191836898,0.6032077255765835,1
1836,0.679242281477152,0.31387942510413175,1.5727465520466724,1
1837,0.15267165226368568,1.0,1.5162474443621097,1
1838,0.7451632347599397,0.3878913370329212,0.3481359397606759,1
1839,0.3855889919153832,0.6535614524738407,4.839492954714942,1
1840,0.6998568060439272,0.31126051644547975,3.0221371857258936,1
1841,0.5318363387915324,0.47363761419384937,3.1060942840922565,1
1842,0.9279833262055961,0.37654516134351124,0.8800087390398325,1
1843,0.7771736540586512,0.02111234178488459,2.689178569926042,1
1844,3.293342392132893E-4,0.7492029632993615,1.9864980104982344,1
1845,0.85038077238808,0.19400012170723682,0.7619798021312403,1
1846,0.0,0.2767774171315301,3.4095522657246193,1
1847,0.5450647991267757,0.08077275015716437,4.974577367548856,1
1848,0.9901289694556732,0.9985215760951259,3.190610027787836,1
1849,0.6489526353695005,0.6241258992338176,4.841411359518581,1
1850,0.27116152041671315,0.7546662123130342,5.807815371002766,1
1851,0.024100728426518253,0.584944009994218,6.107545835129092,1
1852,0.2224946887396543,0.7486671735759152,0.9650857025598945,1
1853,0.9555985850331938,0.18236617547812708,3.6853973053877613,1
1854,0.9994387569279778,0.1016056180790732,5.991375704548891,1
1855,0.001650706533031248,0.6696472546418183,4.964131463363578,1
1856,0.28889840313613885,0.9946026592547367,5.75156456914289,1
1857,0.8634814146514826,0.7576039360606187,5.135060973796562,1
1858,0.10031616704583693,6.333395795546271E-4,0.3817550217024836,1
1859,2.175315813635428E-6,0.3128609413497866,3.9720884691585474,1
1860,0.9663300774784216,0.22727371429009857,0.07551036005746095,1
1861,0.6265218978611466,0.6778066009750864,5.684172746550142,1
1862,0.6100780950610647,0.267815104785273,5.551677062980051,1
1863,0.998890408794078,0.876128591184087,0.6420679557830136,1
1864,0.05060757732585342,0.652540155831122,1.3117058932440724,1
1865,0.9547546500778005,0.5061746919779841,0.6270460536741918,1
1866,0.9370867835428731,0.5761171114462097,6.277590840602937,1
1867,0.5176867738898485,0.47398016891848843,0.4354807319497356,1
1868,0.9223522974534205,0.4507511268539769,1.7776129423826212,1
1869,0.5737445290125657,0.6293670332730295,6.213190097700325,1
1870,0.7170568491651563,0.9993722781021289,0.4669336078661463,1
1871,0.27832270210376786,0.18947644012936904,1.5992120593449102,1
1872,0.24302420225255353,0.5978293915636503,1.1747737221033245,1
1873,0.42021516174813195,0.7480926501615003,0.4335026419978096,1
1874,0.4403009457831204,0.18778512874236525,1.5117074380690037,1
1875,0.9318301744326133,0.21517350184151643,0.5401305812833128,1
1876,1.0,0.8564961566362589,5.4195682246355,1
1877,0.12398757346869686,0.6043075550024269,2.0624797900974303,1
1878,0.770390734817954,0.8104290325216299,1.9765023439187612,1
1879,0.7342572079583134,0.9123729041935968,5.001700003229864,1
1880,0.8574278444199926,0.30538234228003186,0.08441971740331589,1
1881,1.0,0.7692255839709146,0.36414458221144697,1
1882,0.6866413412541466,0.2832448484922527,3.417247509108321,1
1883,0.33063512825370434,0.0,4.161211774946424,1
1884,0.20823134826086726,0.8734562220254801,2.445726911799185,1
1885,0.8285968389735687,0.04166823710533774,4.39935952480741,1
1886,0.12016029218500651,0.3069322771128777,0.39078114032618655,1
1887,0.8224122943193365,1.0,2.1679313813996806,1
1888,0.4967104143860941,0.9484382621678962,0.5564038870618826,1
1889,0.03155295173122447,0.13268770608092376,4.811735886985845,1
1890,0.8406899498095451,0.32557899390782613,0.18029022215099544,1
1891,0.9993702296106942,0.9009034641658596,1.5445324608133426,1
1892,0.1414486315683966,0.03559202101735707,2.9159983983705624,1
1893,0.9157716237938784,0.0390782070822608,0.9640940268078226,1
1894,0.7487302336560484,0.13127150849492233,5.186427373974383,1
1895,0.4505072648423401,0.0,4.71524315678943,1
1896,0.01903411399947336,0.9389625755804305,1.6491448297978208,1
1897,8.929650504668456E-4,0.7826818825443903,2.9928559258239633,1
1898,0.26540654696246296,1.0,2.4721859258859733,1
1899,0.633923813838261,0.0022203128151911822,5.7633641925718955,1
1900,0.1353399568269144,0.9351263576490486,4.532482635386777,1
1901,0.8085105872080913,0.40346593409500636,3.3726544133845855,1
1902,0.3009063531041396,0.6372213841071133,1.0778771710284905,1
1903,0.2793427748381738,0.6533157519380146,5.957069747384777,1
1904,0.7745357117985076,0.7473206436174733,3.775460955312758,1
1905,0.43388811790665816,0.5308304723101207,5.888345137200372,1
1906,0.8402184706796682,0.1411853609976271,5.474094236962567,1
1907,0.38994521625701284,0.8621011143343663,0.899813252097094,1
1908,0.43826940552317706,0.0013542271908188576,4.365635655461596,1
1909,0.5346509808498777,0.9440761896846254,0.5743827491898406,1
1910,0.5375633792897667,0.18884493924890475,4.620017697413044,1
1911,0.0,0.5468500074066901,3.9523305590393547,1
1912,0.3759466233112395,0.4517498287841311,2.3643076197622173,1
1913,0.9943263271273344,0.7657997785739235,4.450809196323651,1
1914,0.8022618987478082,0.5071901949566885,0.639402882798107,1
1915,0.2505621325199734,0.004348963153113118,3.2855451873135317,1
1916,0.8247945991284683,0.2385858750417153,4.371269547736612,1
1917,0.8824988582296812,0.6294713689611836,6.270732412002846,1
1918,0.15387581652454327,0.016841286566412605,0.612263941179835,1
1919,0.3306237766166826,0.5295260602527543,3.391831823077288,1
1920,0.9730995459720164,0.713531730435053,4.559897128521611,1
1921,0.5920112358815108,0.3175928989326399,2.690180543064323,1
1922,0.0,0.9990131970099049,3.4567348370794897,1
1923,0.5264028619135321,0.5633394860419445,1.878524840530328,1
1924,0.49938994230850187,0.21314305591176466,3.7724423969279637,1
1925,1.0,0.2824873837775623,0.3070965520863032,1
1926,0.6459808859648885,0.9340611550037357,6.087360141177945,1
1927,0.9000751382408039,0.434042156946969,0.3304942096057547,1
1928,0.7041315031976297,0.18299274742361948,2.842093412067499,1
1929,0.34970580480145363,0.03678476524459223,1.3197132709410102,1
1930,0.347928234279959,0.36308376097174605,5.851436590056249,1
1931,0.27409211608490625,0.03163766480672611,1.1607642894662669,1
1932,0.31812529860813005,0.7125970464020648,2.053025688752421,1
1933,0.8611416470759259,0.5031027101075233,3.1634295231474754,1
1934,0.5064165298552294,0.7980408629969591,1.4540714511968047,1
1935,0.43413342673484645,0.8385119304234463,2.8149206955773964,1
1936,0.3152803064789354,0.24606506750117152,2.2509419064365344,1
1937,1.1762680436621915E-4,0.24020984670065212,3.141126241764718,1
1938,0.8778992803333213,0.754666315388655,4.483046492414852,1
1939,0.27356146932765,0.12864984259801537,6.121459306647326,1
1940,0.3233312646642464,1.0,2.0343845068596034,1
1941,0.9317836632598514,0.3177860073016439,0.7211373050137927,1
1942,0.8805065910553131,0.8918094173321094,3.124790948226928,1
1943,0.3092394788648755,0.610471137709921,2.4225134361474923,1
1944,0.03942509677727172,0.4717705891133079,0.5891515978791885,1
1945,0.15050854332682842,0.29851764000482706,4.60416533213532,1
1946,0.19934270651063896,0.22196339760918601,4.682651238095625,1
1947,0.06372914052536277,0.4385485665620828,3.8917797006317874,1
1948,0.2751120978206495,0.7952867567864174,3.341728917473264,1
1949,0.8193277216888103,0.9867409307326572,3.8883055134710283,1
1950,0.3379948152997107,0.8203784233151874,3.027807446100902,1
1951,0.840255060690923,0.40330120544343284,5.786424956076503,1
1952,1.0,0.23906630093357717,0.6464358590334343,1
1953,0.5871954830761975,0.3549594958487001,0.44532634335287163,1
1954,0.817527768275182,0.9996982029746226,3.5232954742453355,1
1955,0.0911729956376956,0.9989457235127893,0.12945445883112855,1
1956,0.6778726060698831,0.2994501411237658,0.3799921063130426,1
1957,0.7458343072122493,0.3216725260977246,4.439650101319959,1
1958,1.0,0.5220817274460245,0.30104913959458723,1
1959,0.8711574711963914,0.4906136904164145,1.2601851627017886,1
1960,0.8921825570849221,0.77612854172334,1.3066464172342511,1
1961,0.6872195146265869,0.9856509812963554,3.5160946762848306,1
1962,0.4567185216336705,0.3925284406803471,2.954668016012666,1
1963,0.9993184926290744,0.9838223091068535,1.196607685679491,1
1964,0.28912131560937493,0.8269789619149017,4.728751053510015,1
1965,0.7081555098473555,0.12409178770720809,3.557635201613295,1
1966,1.0,0.7843360921028176,6.220163642882241,1
1967,0.0,0.9969617026380487,3.219364742550029,1
1968,0.03866919038457448,0.9860232686005261,0.9649485023863098,1
1969,0.872227379446596,0.17430036696123952,2.8035049755818497,1
1970,0.38477323951374515,0.1483530198459683,2.7662976142843823,1
1971,0.6816453467093153,0.05728379495222443,4.122904267361154,1
1972,0.037990501055037096,1.0,1.4717890461050303,1
1973,0.4020322508871934,0.46286646162812434,3.746173484407999,1
1974,0.42301108583556307,0.0,4.9304829044889456,1
1975,0.2502384453092926,0.8999095265120963,3.5256890581617863,1
1976,0.0,0.3557454439031224,3.5296164465819224,1
1977,0.21788583012393087,0.4268237759118817,1.9439239826639492,1
1978,0.12169030239296078,1.7051545542000573E-4,4.9144006683870884,1
1979,0.9987013388924569,0.6556344620174025,0.8834567790863668,1
1980,0.8893168256822925,0.39393496072888223,5.966641120294928,1
1981,0.8306801331995946,0.8196919832606517,3.787979153211223,1
1982,0.5136316678550786,0.2472793582258212,3.901641293542098,1
1983,0.5756203743875759,0.0,5.713474825666199,1
1984,0.04190369485342891,0.6073912082487184,4.496953673202451,1
1985,0.5758612638904045,0.9141239910565417,3.936468991770918,1
1986,0.032401152753204376,0.5963378040990073,2.813835792033703,1
1987,0.7350239382314322,1.0,1.1725702958042008,1
1988,0.21353705206946808,0.5704975331262735,4.810811831719762,1
1989,0.3680785665903181,0.46613378905084935,1.8534132027234778,1
1990,0.6602203657251868,0.009648066881506243,3.414142190480312,1
1991,0.6213785176496465,0.8842723761361844,0.12884620004386532,1
1992,0.4902942233856727,0.5971612210607257,5.893570397642268,1
1993,0.45955936242983725,0.40631273200005813,3.9394327818002295,1
1994,0.2848127159259732,0.24296113764576124,5.271585395128893,1
1995,0.1935709029199899,0.10575232008679362,2.9508143235149964,1
1996,0.07120222306413519,0.8445135907400049,1.938377145993146,1
1997,0.0029946797423526473,2.997023257323198E-5,4.518765784128832,1
1998,2.9687758282763844E-4,0.22063035996828245,3.963282563743286,1
1999,0.46801857713656886,0.261811762378668,5.660928623844723,1
2000,0.512201414771813,0.0,4.927508220067729,1
2001,0.17925448211350037,0.521844400092326,1.3493193452217451,1
2002,0.1868257011492333,0.6621719140665893,5.3591722864984535,1
2003,0.8121395610763904,0.5076903801555304,1.251840748867839,1
2004,0.9995718707808546,0.6370423434748208,0.4494448094913295,1
2005,0.4152226505488689,1.0,1.4805695515634187,1
2006,0.28140300790779094,0.12380405930173116,5.351369887304709,1
2007,0.3410091179993052,0.7013328508391206,5.671645123589233,1
2008,0.9002630747213328,0.10165637883282767,0.7846845112982345,1
2009,0.3470926089744017,0.932883769999146,6.072363006289044,1
2010,0.44417192089066343,0.11854940135698895,1.184691001716767,1
2011,0.41022229371616276,0.4498521316379225,4.044362113305042,1
2012,0.939453646094375,0.4848465847530195,5.669475262728929,1
2013,0.6044606895721295,0.13969054381226328,5.958101566016989,1
2014,0.08441294328627809,0.10141545241196533,3.817956785717,1
2015,0.3954121726051058,0.001366354689961835,2.98242521746402,1
2016,0.4921745609190484,0.7094795007478548,3.417162388770223,1
2017,0.34423866449589946,0.051765426503344474,0.45797309182357754,1
2018,0.4055360692241488,0.3407939274788936,2.2115728237517147,1
2019,0.724180200380465,0.566598086335544,4.357204320297023,1
2020,0.4654118469066602,0.28623503850748777,1.1648510210092662,1
2021,0.23182756670657312,0.7076174460371163,3.1944588496882336,1
2022,0.5621565762065113,0.9986695257479118,0.5325813460848062,1
2023,0.05197338308949373,0.39280505525832465,2.406537754894525,1
2024,0.9400287187734961,0.09351770498225649,4.481452699314119,1
2025,0.9932333222567024,0.12070143684512001,1.0088915247095254,1
2026,0.07578390429929961,0.0,4.683831569558555,1
2027,0.5235445683752615,0.4553180441170278,2.3874052351676474,1
2028,0.703559156710403,0.1091680140628988,2.982403293815296,1
2029,0.06087878862005817,0.4876248218140012,2.553073193843356,1
2030,0.032040594928916075,0.7355236952137182,5.0466678362880115,1
2031,0.25756113020977844,0.9728386161245703,5.207112843358523,1
2032,0.9812900476825572,0.015593458019712937,0.5498364193300322,1
2033,0.2621194964015117,0.8047897884065515,2.982890271828492,1
2034,0.35605567102183777,0.8856529093505099,4.65909984490709,1
2035,0.7010886170716979,0.3096333605039707,1.4807310473478217,1
2036,0.623400758318979,0.4670572388836738,5.708165812501013,1
2037,0.40435115124062837,0.13991152864741305,4.129822020852123,1
2038,0.6319072894455086,1.0,1.548182053073177,1
2039,0.11744316263322299,0.9575000711193897,3.683302173906564,1
2040,0.3480253672546763,0.12644423051008746,4.608567973724937,1
2041,0.5625167141586032,0.5300482604537864,3.0872387271152064,1
2042,0.7839140160668043,0.2182054892125837,2.1600178800791854,1
2043,0.2895920902597096,0.8226855281707296,3.669670811836897,1
2044,0.5246121223779415,0.7258812742654343,2.5791758237620077,1
2045,0.7620889278053035,0.32671028119924794,6.183531267557822,1
2046,0.11223604041625,0.11828647057638964,4.857746687836919,1
2047,0.0,1.0,2.7981816139953266,0
2048,0.6528463019122168,1.0,1.2448080968788249,1
2049,0.9864079939930822,0.19149138454666242,4.002545548825628,1
2050,0.7584054585788463,0.3886892399548338,3.7632988180893103,1
2051,0.19741611877358484,0.020160339940353017,1.9870348935254414,1
2052,0.7084458006026981,1.0,1.6620194329002407,1
2053,0.9998637209873744,0.07571297794800821,0.8950985000268988,1
2054,0.8211322429456583,0.24796354454430122,4.922374589345201,1
2055,0.29264927167755567,0.015098582264629946,3.248572715034957,1
2056,0.2656223830950332,0.9940524730471473,3.7012995442251833,1
2057,0.10611040586717486,0.22413657583420885,4.321263297065414,1
2058,0.7404100558570869,0.007144538019040636,5.075038105993985,1
2059,1.0,0.5815145023152322,0.695459487386207,1
2060,0.7402597955565395,0.46702991181330744,1.0510065163427336,1
2061,0.04939610755544926,0.7175336002598355,3.7000966728604707,1
2062,0.2593037458334427,0.5310289987421241,2.3564251989567024,1
2063,0.2960178212317026,7.775113674795654E-4,6.025263357087997,1
2064,0.26342691644796407,1.0,2.2179259565454723,1
2065,0.4165132859005532,0.954781592671267,5.6836004704321965,1
2066,0.7173405824608733,0.04762654987562708,1.970728069298257,1
2067,0.0511804982718011,0.488907548632689,4.424455888750216,1
2068,0.37593788679882223,0.9953710256924208,2.240845130156254,1
2069,0.4304062746955608,0.3231628273033407,0.10640948081911518,1
2070,0.9369097890083701,0.5424632271002413,3.7738684323847647,1
2071,0.5090765512310683,0.555793041784919,5.542022710081626,1
2072,0.8981252434659415,0.4887617734999222,3.3949531670152915,1
2073,0.6574784439151181,0.6410853194216896,3.3034401244939704,1
2074,1.0,0.40736292812754726,0.5727530871032833,1
2075,0.6609105387809343,0.24455182489692973,4.793456262440014,1
2076,3.7568065587492315E-4,0.012244054560477493,1.4937990558545582,1
2077,0.7387331121479068,0.06478284345326976,3.4747803763229674,1
2078,0.9300121485119154,0.35135626463832703,3.060878908069721,1
2079,0.8047743993123831,0.9372155649337917,5.084090044908654,1
2080,0.1566645562609129,0.7970750480662389,2.9433332203078644,1
2081,0.8219583520644026,0.7070379553857177,3.540419606095099,1
2082,0.7503750036202088,0.6540612147193812,4.160012948391119,1
2083,0.684415932329942,0.19552685520467672,1.9222292022019252,1
2084,0.8072043239578572,0.3052239239263439,4.581095923394666,1
2085,0.40789341787271155,0.9992225628718778,2.156597162528409,1
2086,0.05175945705006128,0.2030846809618765,6.061597033717105,1
2087,7.221536042257942E-4,0.5159557231968523,4.156377640263744,1
2088,0.4430018723490889,0.5232784788838573,1.921790751687528,1
2089,0.3496391071816642,0.8330314159960978,3.0044925527189807,1
2090,0.5734760401031819,0.5895477495759859,4.960758445544373,1
2091,0.27354689354569095,0.6146336378162269,3.1818414020644648,1
2092,0.5063049598735434,0.7150734145411706,0.9148604280654163,1
2093,0.25461869599395176,1.0,2.7591724582912063,1
2094,0.6990842436709267,1.0,1.989920091675049,1
2095,0.06908819575116563,1.0,0.992836268927177,1
2096,0.3181772671949252,0.43242942475276913,4.544118623504088,1
2097,0.07750937307969127,0.790580637777479,4.252802354801045,1
2098,0.04762995173818028,0.7861567808229519,0.44571505577469156,1
2099,1.0,0.510010773469898,5.03880908659916,1
2100,0.9245962383823992,0.6220265799855947,0.497903973807542,1
2101,0.15524116777728775,0.5474015702214811,3.3394290156439324,1
2102,0.6348794544864839,0.9039489474957285,4.202265120575905,1
2103,0.42421184934770473,0.9999725168128277,2.5575575737473586,1
2104,0.7626552800411263,0.7100263311376291,5.849931480932756,1
2105,0.24027428395289105,0.9995385464675599,1.281364663565472,1
2106,0.04306503749872236,0.19122676339228087,1.8495551170792885,1
2107,1.0,0.07343826806744011,0.2952551597315193,1
2108,0.8757521603752644,0.0048814783458551924,2.3184874886073845,1
2109,0.2528124731830944,0.34647511105140155,6.2100343613258016,1
2110,0.7105699489588541,0.43316432724867004,4.027441635807983,1
2111,0.8573992620500123,0.45566620982259387,5.979459670364124,1
2112,0.592780359718522,0.9534028372010359,4.56212127222876,1
2113,0.8810733730734989,0.27774770141456995,0.15133908176296604,1
2114,0.8683404890069226,0.1223729582522453,4.699367968431408,1
2115,0.8602366392604281,0.3015878213401282,3.715395495560342,1
2116,0.09591132019982916,0.5810145778084002,5.537681631014528,1
2117,0.3623361562653876,0.9957478988494362,2.571454503179486,1
2118,0.19181787013073434,0.06909259925639746,1.702131004050676,1
2119,0.9468346267938056,0.002782139864516636,3.8931117345466886,1
2120,0.9982015823170747,0.6010083070516644,4.743823468987621,1
2121,0.09883740830572785,0.8064486001636276,3.9186850487463762,1
2122,0.31447972453571477,0.9965504222907374,5.470920722446074,1
2123,0.3840824189073075,0.0031383193613506288,3.3685967974987054,1
2124,0.36617176119543,0.6856560552439218,2.638990023669559,1
2125,0.9362483823836075,0.2651446366961104,1.6708969720806763,1
2126,0.36013434835821023,0.999389192099891,0.3385946448888041,1
2127,0.9198871860484902,0.03891061581988498,3.278443457165198,1
2128,0.3953087056149331,0.38769036056560446,1.8577683039900843,1
2129,0.9850978851128706,0.4372758996627814,5.919713792680858,1
2130,0.9471131212189157,0.17738812620438626,5.976980200434219,1
2131,0.6837513272663451,0.23922874041250097,2.968175447618702,1
2132,0.6665996185552012,0.993393412559113,0.23107266357787432,1
2133,0.9227512249969065,0.2539044333626756,1.135027823472984,1
2134,1.0,0.9291804081107115,0.8506977154014757,1
2135,0.8999658262503428,0.768713053611683,2.3099913895279007,1
2136,0.10815860709120131,0.5503413855214515,1.0781017616474882,1
2137,0.996658420375116,0.471073414935816,0.3738455899739422,1
2138,0.9946966732887343,0.20396979568873821,2.255553419040661,1
2139,0.07662294424516651,0.6908191701299483,5.683565300389509,1
2140,0.5672415096868888,0.18628328262096486,5.394354914621335,1
2141,0.43821904000424045,0.9533031927674125,6.214700274179811,1
2142,0.07206922415872581,0.8640537719071263,3.3545886499069795,1
2143,0.0,0.4213969735535442,4.184060665314785,1
2144,0.20177532453625582,0.9986288748440062,0.5690061247836752,1
2145,0.907281305294392,0.5396234957155448,4.921265791276405,1
2146,0.0,0.4101380634411638,3.5331583185524544,1
2147,0.8329363413124781,0.30959866933501135,1.377183700725329,1
2148,6.102886153258243E-4,0.4881838362966085,3.3805203659332443,1
2149,0.2643974335647918,0.9067542512551166,1.139483249902436,1
2150,0.27624561622105875,0.05195573324705221,4.311482144426604,1
2151,0.5281138984218101,0.4313586907255757,5.450686704860203,1
2152,0.1276280660951836,0.0,4.437405003011413,1
2153,0.8773459166790842,0.3899206400722361,1.489568269977288,1
2154,0.16061518483312104,0.42994423067184706,4.780033394122682,1
2155,0.10201583456473244,0.2563712026674615,0.6536060675587606,1
2156,0.8996255955374242,0.46066971480555335,4.039528448077768,1
2157,0.17036059268087803,0.9080398382798972,4.090868339132885,1
2158,0.36344811865152243,0.0,4.838642395896644,1
2159,0.06467744775263706,0.8192128356109254,3.3502591807377096,1
2160,0.7544702192269833,1.0,0.2860638817527475,1
2161,0.0,0.6591577631119755,2.905890857270981,1
2162,0.8248028725110078,0.7519548955473944,4.71519754760247,1
2163,0.5758266166697176,0.29431555577875873,2.4030075423364803,1
2164,0.21975752383655742,0.4173612506536153,0.12751753169474106,1
2165,0.32134871877250026,0.31683910076853244,1.8454826425364728,1
2166,0.8513278876820523,0.9153615909710244,1.715933596024673,1
2167,0.164593985255604,0.6722737155546067,2.429903050670794,1
2168,0.21370696251555718,0.34802593752839367,1.892668636502473,1
2169,0.1622859244987688,0.7637413933486898,5.502345088057144,1
2170,0.45483860870309306,0.5520396336780705,4.576526267031807,1
2171,0.6326831557971235,0.9704723414079939,1.5818816841464745,1
2172,0.5725684920347152,0.07458408704460924,2.9011325528602345,1
2173,0.21834205156856692,0.25828288831831414,0.7900694269750985,1
2174,0.7690216135308185,0.9377959871974307,4.649066033322201,1
2175,0.05149537174209591,0.0715410235921029,4.710979977753763,1
2176,0.9008819288775397,0.3875366623494894,0.5849448041043345,1
2177,0.24873785135649426,0.30744807372700383,4.732347721122045,1
2178,0.6505958130249259,0.9998820884236148,0.279578006202034,1
2179,0.9692611715788135,0.3966861287751384,0.6536422103690357,1
2180,0.11122682189653876,0.9464631079105712,6.161984513360273,1
2181,0.027591752860748588,9.954326875588567E-4,3.84708219451497,1
2182,0.00640920726458065,1.0,0.9930303455367862,1
2183,0.7558175162541431,0.7026406567874172,4.823035196535514,1
2184,0.7690358381156954,0.8427305740346714,3.7172237844514306,1
2185,0.24063328878952933,0.42076233165696564,3.629483924702874,1
2186,0.7879972504872391,0.3974583934312413,4.391188019900361,1
2187,0.6743062106858202,0.04214662047219134,0.35057765015963427,1
2188,0.16131392363767108,0.5744316578616713,3.979728173365424,1
2189,0.6484302345046472,0.7442309954969109,3.438298629148518,1
2190,0.3964452196214841,0.6559591413021271,5.254796605733195,1
2191,0.5277176157988449,0.30307109301850865,0.37663372660914973,1
2192,0.34973664227439355,0.40078933609983897,3.4008639581972395,1
2193,0.603282732093302,0.12530178306509326,3.5644408943365695,1
2194,0.8478481099628206,0.7673860237761532,4.5621846008771545,1
2195,0.41614912736405796,1.0,2.0631902286916706,1
2196,0.8158390396083592,0.16623666153825745,1.98500562905942,1
2197,0.47216466997648615,0.9297654020435517,2.000584525058519,1
2198,0.999858671668228,0.6841925594528383,0.5272765175609376,1
2199,6.76720476815459E-4,0.3841962059919327,2.759345127625312,1
2200,0.4210867473144924,1.0,0.6945400026144364,1
2201,4.363181304716413E-5,0.9988629818682597,2.5417903514338134,1
2202,0.9322073586791357,0.0,4.034597952302424,1
2203,0.3056118457048898,0.18214178021532537,1.9466940058267592,1
2204,0.840015215367354,0.21282455845183926,2.708045262258764,1
2205,0.4861068850733498,0.5058615119603949,3.227415550039538,1
2206,0.16506987100426485,0.20974131652009675,2.982141435183591,1
2207,0.811698424276802,0.953814083818644,1.4100774239314873,1
2208,0.2924870923071632,0.17899208102767195,1.9096400879147306,1
2209,0.4308813191362022,0.40850412402005803,5.520407138382824,1
2210,0.029009184893011505,0.43994345133741464,5.778517263810242,1
2211,0.6792923588463275,0.20182904288578746,2.26856340373422,1
2212,0.12500080946283437,0.8149263691001805,0.9302534437470213,1
2213,0.11735595478559151,0.9478177550643853,4.67865695944919,1
2214,0.1468164793497047,0.9625341640251893,0.12414024505733443,1
2215,0.8776210334587633,0.6271071331389122,3.3441383106792055,1
2216,0.822438073736248,0.4266457494975541,1.1120297909982324,1
2217,0.18271611573891153,0.07850596610499774,3.0362935872120924,1
2218,0.34227372283044305,0.44560626387737273,4.091446416924285,1
2219,0.3132841748870222,0.5171301647404084,4.711764726744724,1
2220,0.3547320236221573,0.001045090846128919,6.203664171108828,1
2221,0.7036071284526241,0.7589769726269849,0.8421572310815229,1
2222,0.015372607999922325,0.2168059437783392,1.9586523425938063,1
2223,0.5658626366952838,0.15231796695771765,4.764601326147968,1
2224,0.8687733396934372,0.742054250590691,0.1361162476718869,1
2225,0.0782910999977339,0.2616086326671148,3.576524251249409,1
2226,0.7915012810770671,0.19070818451408042,2.7789849069476023,1
2227,0.4596816570917312,0.5887772157312684,6.021201885728741,1
2228,0.870595760090059,0.5258639884818073,0.5807496726216305,1
2229,0.45366012502338354,1.0,2.464515848580687,1
2230,0.5198081717586598,0.020791869725198905,4.987170601700687,1
2231,0.9290074011029227,0.41844102954520274,4.604863415731907,1
2232,0.09987364800798317,0.21640049019315594,6.200495480745561,1
2233,0.21243450349467113,0.0028312588639685375,5.79995884144918,1
2234,0.3974543615743242,0.05958632205077707,6.232407887778383,1
2235,0.48144008850196435,0.9671526399170859,6.182445875077588,1
2236,0.28982537335791053,0.8516170168070126,0.4522301070305011,1
2237,0.5187420731676003,0.7449258695459762,2.1445378940289683,1
2238,0.803643351521669,0.6881764617810524,5.277324956638747,1
2239,0.2053362724056776,0.0,5.278840322745139,1
2240,0.5004420638184613,0.0,5.390670037090293,1
2241,0.26075014827552156,0.0817407169820231,3.8662372281357205,1
2242,0.1878742013025993,0.501583604474634,3.3989706684465886,1
2243,0.11295115698992612,0.0,4.148303577535926,1
2244,0.9118597164207675,0.9993014939633317,2.6524681968736052,1
2245,0.16211992237192774,0.9831144418705773,3.9470815358611566,1
2246,0.8567560970201429,0.4741932437053432,2.708066693380943,1
2247,0.5665279648046064,0.693191819989902,2.3042598808458026,1
2248,0.999576088614535,0.27867010491701655,5.672324628477339,1
2249,0.0,0.9730732811352553,3.378189002284609,1
2250,0.9996942333839776,0.6399904413223776,0.5340215088912922,1
2251,0.6244661300103822,0.08759129602751783,1.1322128202601105,1
2252,0.9166444915720426,0.09471688449998844,2.1929253239587263,1
2253,0.7379453841473158,0.5564638444247406,5.751036837775412,1
2254,0.9203671397869382,0.26130652161827006,5.291725367286904,1
2255,0.9232529669138447,0.4360514837256204,1.0694530168373446,1
2256,0.8486283567804561,0.6679778049323708,3.1487977225288466,1
2257,0.0532523982512933,0.8388842419852709,1.8006152822589674,1
2258,0.6755999650109922,0.044326860667397085,2.342319486848184,1
2259,0.8844679950466322,1.0,1.6337958998355582,1
2260,0.8073555553582253,0.790567188886345,5.215179158992892,1
2261,0.9038801880998739,0.10064281164857314,4.582606282585931,1
2262,0.0,0.006957229416249526,3.4137901860242112,1
2263,0.6670068971393464,0.23492106988669473,2.4301111864810023,1
2264,0.2388085244611697,0.09939787833159011,1.4177020962157276,1
2265,0.3196452509102228,0.47687726899968486,1.7864198825483397,1
2266,0.9993056122221584,1.0,1.3319306429467506,1
2267,0.38804717153821183,0.9635575080236453,3.7668838869817733,1
2268,0.5882077220104739,0.6289037370627345,2.4730532529647364,1
2269,0.9185503970598852,0.7286610861991599,2.8953440049775576,1
2270,0.7513542065493237,0.40203040099259807,1.7879286123689682,1
2271,0.8946072028169588,0.3425311601103832,6.182358075876429,1
2272,0.1590496160635977,0.4245464970865266,6.17842790445362,1
2273,0.3193999847282384,0.4256963401268654,5.675194614283691,1
2274,0.37554561509926226,0.6937962520544496,4.260987723653165,1
2275,0.0864775209775663,0.6295866345495906,1.9579590739081512,1
2276,0.5582160125367879,0.6899552188173099,2.67363597330584,1
2277,0.0,0.990383330874274,2.728804407290291,1
2278,0.0,0.9460968375559191,2.9235666331071872,1
2279,0.6636778360834841,0.9945038139037098,6.050420521044329,1
2280,0.06406534281340368,0.3331464750217734,1.1087957336595633,1
2281,0.6077458252998996,0.9836060387956876,1.6061944523252167,1
2282,0.9626051703840783,0.8980950162098481,2.077714902970973,1
2283,0.1677584787022322,0.011508718276522813,2.5075646736707147,1
2284,0.11976683641994518,0.06643619608343049,0.5752757929702865,1
2285,0.03610367714700615,0.1607937813515567,5.16341249318242,1
2286,0.027780167532680717,0.013265665628564235,5.862666640296824,1
2287,0.9253599608013026,0.1662781172080395,2.3218984099986777,1
2288,0.638059668255203,0.9972527335611643,3.2655637662092767,1
2289,0.011729448360110788,0.8291675275209305,4.943931103644645,1
2290,0.0860532640721328,0.8145325316827396,5.0614299730822045,1
2291,6.99203883141412E-4,0.15165325563248447,2.2551239503675724,1
2292,0.7635399863989445,0.7306294092677833,0.9953548384058637,1
2293,0.3445719879521328,0.4429924695090081,3.9563935249474373,1
2294,3.0156745012431454E-4,0.9533322096290077,3.003918621871844,1
2295,0.9442538501524214,0.21801814006855083,2.2542899377791534,1
2296,0.988202829207478,0.4989975320631446,5.352631502647676,1
2297,0.18559379858569736,0.6133117628901211,0.9753827455654324,1
2298,0.2847601175593032,0.9628698898751351,2.6770982262736367,1
2299,0.3407351496415782,0.7294015923526612,5.977822911623236,1
2300,0.39828507937770014,0.05847737121087254,0.42048509602873707,1
2301,0.021557586612178065,0.2465305079489985,5.054712188838992,1
2302,0.5551544593774144,0.07209188884450422,1.8559189916109378,1
2303,0.502219627050613,0.9902506357868069,4.084790365104873,1
2304,0.8052024297875113,0.3744834641570017,3.689645507160676,1
2305,0.0,1.0,1.8238471787886912,0
2306,0.8706019289371588,1.0,0.786548931177881,1
2307,0.7833213383512727,0.47586281946761205,0.8101058215447723,1
2308,0.5358195361947208,0.44947052314314395,4.175122362793881,1
2309,0.6612219611120347,0.28902027940714187,3.4582068994248742,1
2310,8.133174477444817E-4,0.5865994932000275,2.055246697772385,1
2311,0.5559325746153057,0.6512087457430309,5.759693673429297,1
2312,0.994145643533952,0.391254392571185,0.5926091297770779,1
2313,0.6225694999382639,0.7903688550886767,3.7451465702028783,1
2314,0.0,0.4302936839181591,3.1309830255083893,1
2315,0.7618433253442615,0.6943345702653078,0.3934611571591341,1
2316,0.994176255842568,0.0010429588758709871,4.846464686531864,1
2317,0.40119414996788416,0.009937673218379477,1.7440787853325856,1
2318,0.7936642781244762,1.0,0.30258589007388004,1
2319,0.5228651066989703,0.6951729121695402,3.7199275697542302,1
2320,0.14799417613892046,0.9985831536359722,0.8520535460347267,1
2321,1.0,0.5061946363009809,0.04926456852343877,1
2322,0.6007703762772031,0.5773885833576021,1.3506489433335807,1
2323,0.0,0.312961396509448,2.1067371919712974,1
2324,0.39773471433587415,1.0,1.6235593254423928,1
2325,0.0,0.004992182637256398,3.7048018340654147,1
2326,0.4898153205672391,0.12614369140428236,0.06921995602388549,1
2327,0.5914967216750295,0.33282136394080347,3.8854582390132926,1
2328,0.2857265558098628,0.35640948018381596,4.677649067451014,1
2329,0.2252243036368946,0.8078091073178896,5.1964704807229,1
2330,0.11972240792510196,0.6917382253080886,1.649804236430774,1
2331,0.5147879221859092,0.4855076869347909,2.7587835898486435,1
2332,0.8867394935021236,0.9972738035796119,6.017431395346867,1
2333,0.26347442643635943,0.4876509279442075,4.051940158420247,1
2334,0.2270192131746235,0.7096832270743069,0.19790623883012037,1
2335,0.5068539080664961,0.3593052320484346,4.384427003086147,1
2336,0.30338152518499634,0.9979462982912671,2.5406922444013973,1
2337,0.7220123356334629,0.9774728507356193,4.560932227681742,1
2338,1.0,0.5584589890399458,5.565345461384661,1
2339,0.5803834462793607,0.0,5.662976062660696,1
2340,0.7584102863470997,0.3921431631909655,1.037096265204407,1
2341,0.17125635504477485,0.19046811842429448,5.440282890532004,1
2342,0.14467762034689566,0.3292217444368764,0.0020601055712231864,1
2343,0.37077386280004004,0.14820737849607668,3.9628031721660917,1
2344,0.7924287772791409,0.515387001049921,2.9684725738950424,1
2345,0.8013313560983837,0.4475946339720939,3.7813086567182035,1
2346,0.9110239357829647,0.3080353889846323,1.5705418200999222,1
2347,0.08681493352067368,0.42862582024384893,4.003000424459023,1
2348,0.008346903109551608,0.8035461382984701,2.6837882392078174,1
2349,0.7027385771029037,0.6774515628628671,0.2093901521614373,1
2350,0.7789384146246041,0.056501588243747486,6.243925231435365,1
2351,0.1273387497551444,0.36365924227698093,1.4095494667327648,1
2352,0.20652719255505336,0.06489528454655696,1.285746861115721,1
2353,0.846169259293454,0.1775937509364907,2.7400975179364737,1
2354,0.4032713931024732,0.3428409669915557,1.2969633587199296,1
2355,0.9277891220503631,0.9617611286029201,0.5937194604914273,1
2356,0.18884712312018018,0.41360415918059035,3.513478490002027,1
2357,0.03489915925180116,0.13461229011129006,5.841477785681924,1
2358,0.30652101884972743,0.10356390881382348,4.999126492563145,1
2359,0.8677838650197999,0.5320935600406344,4.421584498217023,1
2360,0.11746888986120639,5.805631637472724E-4,4.5098583847019675,1
2361,0.4370477860376082,0.3588575064023627,5.048182548032131,1
2362,0.05163459798008107,0.8416632749124476,4.460191064036501,1
2363,0.3051480265001814,0.6653820174697291,5.615092453560388,1
2364,0.15791865772933922,0.815253039187757,0.06900461599157816,1
2365,0.0,0.9907647383181779,3.014083414847593,1
2366,0.8291671983139948,0.1826699994954145,1.2254803844388875,1
2367,0.07212114719959231,0.5594378858757787,5.848823660117491,1
2368,0.0,0.8107551629890786,3.9218164621383855,1
2369,0.6197397990754288,0.8024673865451092,2.8405318274769122,1
2370,0.6008773867320932,0.01975539094389699,1.990233881171147,1
2371,0.17356922957059395,0.12909435070811576,1.3179412898452123,1
2372,0.394873848521915,0.9402827307216152,5.057501017061071,1
2373,1.0,0.05429451168675941,0.5058441896680648,1
2374,0.43390758234674254,5.278770963004163E-4,4.619287129604515,1
2375,0.3503725492568604,0.4664866015013485,2.6866344009140524,1
2376,0.5277179966981208,0.8004213559016514,3.0024194609555446,1
2377,0.48931731938912704,0.6531856148100413,3.241728501198719,1
2378,0.0,0.21451898377273076,2.923577102875508,1
2379,1.0,0.6884699036986925,6.177631308254361,1
2380,0.8535539143075904,0.9498906772036987,4.027890530446321,1
2381,0.0,0.9107507252790983,2.2955265043101654,1
2382,0.8892882030796488,0.8057700135495685,4.615831646561115,1
2383,0.3940190726265203,0.8156189006222516,0.4021727696166423,1
2384,0.24376444748083456,0.00608539347682456,2.4813170737767525,1
2385,0.9350222809544037,1.0,1.7908087713929066,1
2386,0.758842627576873,0.14001018972938925,4.882487541680496,1
2387,0.6168035605920965,0.0,5.812927568384872,1
2388,5.594093858924674E-4,0.20131013216034171,1.6815641491094633,1
2389,0.23517007563525089,0.04882918253210629,3.753707789946042,1
2390,0.39568125502156654,0.2326858670215085,0.7598230027427526,1
2391,1.0,0.1172824146409494,0.7061881124405727,1
2392,0.42388953449938643,0.0,3.9770486256701396,1
2393,0.5580610826540072,0.00602467621708881,4.396261024449532,1
2394,0.1745625370790057,0.8763718749300805,2.010709942786258,1
2395,0.8684757576867572,0.06161761550979574,3.7157662447175075,1
2396,0.303988423496861,0.6425237455225562,5.569911796497973,1
2397,0.56497751775088,0.7717871663713476,3.1005491990050986,1
2398,0.5868562068415496,1.0,2.2908156090359566,1
2399,0.0,0.23518092250203138,2.525488708837315,1
2400,0.31182159293351236,0.0,4.679066706728271,1
2401,0.9995206524021778,0.18898746572812167,0.9612469277824223,1
2402,0.6803219723690324,0.0803050987115277,4.2141210737605554,1
2403,0.7356446322569143,0.977694626171537,2.1759553324766827,1
2404,0.08753536872477508,0.32448024806131803,3.764909683577364,1
2405,0.2100501212647002,0.8344046917785017,0.03475381140768191,1
2406,0.006724537966190394,0.391168072399274,1.3047119615771314,1
2407,0.012502785573086055,0.7425215371288206,3.8615735457330898,1
2408,0.9163182609238629,0.0,3.3675786099331093,1
2409,0.0,0.7319352750680792,3.607206964514639,1
2410,0.8444042877985217,0.3015157322796653,5.693750157213826,1
2411,0.27932409625210897,0.1326462868372224,2.5090730213446886,1
2412,0.4034982343584859,0.101373943202487,0.7605803446577434,1
2413,0.14554760269024633,0.27874377220592433,5.83520961692644,1
2414,0.08710216464595996,0.30244954340497576,0.6917293148960596,1
2415,0.36698695070085563,1.0,1.1553184605246938,1
2416,0.8051615379950595,0.46474072963972457,4.920277012298394,1
2417,0.1313271829480062,1.0,1.3336811796879366,1
2418,0.5291827712119799,0.9982179376337114,3.2712200564320795,1
2419,0.9745412894145641,0.8219678323679633,4.554254124807306,1
2420,0.3745181126719841,0.0,4.8130577542710355,1
2421,0.740014567931797,0.8913285131463021,0.7195341546446372,1
2422,0.8173330010560621,0.31646671906712587,1.1874695694531066,1
2423,0.26518157620954425,0.17353058060672794,2.024579919663863,1
2424,0.9503644666327262,0.0962697467871018,6.053712488587842,1
2425,0.4108454123893135,0.31907920001129236,3.2000087738748797,1
2426,0.935137717128042,0.9975062112269816,0.19596136788762775,1
2427,1.0,0.3679051173517991,0.16887892474968041,1
2428,0.8526755135713882,0.684689294576612,0.6066414034416064,1
2429,0.3854943654336473,0.3673918895758804,4.778810405977294,1
2430,0.9998731612347597,0.8774241505720501,0.7983267272252009,1
2431,0.8663691928560621,0.44901492433524753,6.189334372881038,1
2432,0.9475376290666937,0.8272441300987305,4.236861865533659,1
2433,0.667890246647643,1.0,2.7594299341623065,1
2434,0.23450357939795943,0.3811791726294998,0.7321246858283912,1
2435,1.0,0.31809230790678256,6.241342918109537,1
2436,0.9302792045282992,0.41212812214944455,0.19711488917315206,1
2437,0.8975604381496576,0.5885873125818033,2.3191297982831878,1
2438,0.8253718458697601,0.9995486223866452,0.37645693013964937,1
2439,0.968685375112107,0.9960703161531886,1.4366149121214091,1
2440,0.30538918593759024,0.25743024512471885,0.3005025370536985,1
2441,0.7968320396898707,0.2918108108566578,1.4849363302397796,1
2442,0.08329295054269482,0.4031914559146929,5.899891493833602,1
2443,0.1683396214765952,0.800179147905566,0.6476725940913852,1
2444,0.2510507989211207,0.13065678674039816,3.0832254051168158,1
2445,0.25974041148532384,0.6108562492908362,4.404963861895376,1
2446,0.18004002066938846,0.0020238615192643907,2.362949133733354,1
2447,0.016862501388373745,0.5515386235625374,1.5804522546830786,1
2448,0.6773223868941334,0.29437199525749486,4.57376513012078,1
2449,0.3241591542191986,0.0014113596718729178,2.5464150864498505,1
2450,3.2009671761920665E-4,0.0,4.130182055086042,1
2451,0.5233666983386238,0.5961615840916108,3.317628210071354,1
2452,0.012276814169445203,0.9015924027746108,5.342515090813865,1
2453,0.999527732010107,0.7459277364521733,5.049727852519406,1
2454,0.18520460298595257,0.9069697544154424,5.186944561247239,1
2455,0.0011903246764301673,0.6731062220905191,4.108082875553894,1
2456,0.9210418806505916,0.44752085372182554,3.364602870235729,1
2457,0.006485925036000302,0.4998896017444961,2.0510451739571307,1
2458,0.1552002444076366,0.1944283512196149,0.3508856703927774,1
2459,0.41723755934477386,0.8727183468861754,1.6745548513025459,1
2460,0.572316908653423,0.8723902327360233,2.138154200623671,1
2461,0.005413537245350404,0.18732676410825094,2.5495889405316303,1
2462,0.3024494001079256,0.21435734773029874,3.0447160547164933,1
2463,0.6679742390300768,0.3319771752769439,2.2858080681368533,1
2464,0.23364731882196627,0.09820541572563722,3.4853787148680646,1
2465,0.008987235878986055,0.08575150254994533,3.370169946869186,1
2466,0.2103253330785469,0.889146199817282,3.1278442712775174,1
2467,0.8253192702590176,0.9034424322697213,2.4759417921665956,1
2468,0.0022734656314448804,0.4325606772840335,2.010324808492988,1
2469,0.836660473241225,0.0,5.124852998353173,1
2470,0.9836335200517781,0.00847518102637172,4.713472773586488,1
2471,0.7161019760962917,0.9388289999756619,5.249193942073061,1
2472,0.05829841242547194,0.34699328880732677,1.6868114012470254,1
2473,0.9952268513190606,0.8989806923597311,4.636036887241316,1
2474,7.415804166898889E-4,0.9565389143092528,4.121333628457115,1
2475,0.9882257844459087,0.8968777296221075,4.066979206606897,1
2476,0.9225672842672596,0.7790540677790875,4.385332758079901,1
2477,0.7420561367034694,0.9396497783493021,3.2193321065105382,1
2478,0.4474960888430096,0.09882686027487207,6.131478599174434,1
2479,0.27958926438940207,0.5289316511581751,4.799886376555094,1
2480,0.3545534387969315,0.9155647019413421,0.2893728990913046,1
2481,0.15302411197843815,0.1250050853305888,5.47779001884292,1
2482,0.23810433723058858,0.09634674063698419,1.4223593377315031,1
2483,0.9051004589342057,0.35930976037655105,0.12395019542489649,1
2484,0.8677526249212829,0.14234960983978454,6.140180908832794,1
2485,0.7731445724974333,0.21359568640589566,4.198828007680702,1
2486,0.9979553807384405,0.09853623597366373,0.7862566923557365,1
2487,0.0,0.010663736294419638,4.272776530048163,1
2488,0.9646974218986926,0.35404655192120893,5.662592488960979,1
2489,0.20706227487738796,0.1417592877240959,1.0621311224745709,1
2490,1.0,0.15281847480955013,0.9814403994332661,1
2491,0.2984017798928367,0.007724336233583783,3.2513579630936102,1
2492,0.41793584941785117,0.045791761468839225,5.001879628098304,1
2493,0.6370510788164747,0.5405419142443523,0.3559039980505186,1
2494,0.2841719682708682,0.7235119340218804,3.618834016000035,1
2495,0.262540956925206,0.3656354029426963,0.35507086497676094,1
2496,0.11955749392891611,0.8976825857751054,2.8430763534167522,1
2497,0.18068344586487686,0.2915384022834284,1.2443057734626335,1
2498,0.3169700877686367,0.2592101584740045,1.2727013036269386,1
2499,0.9991986168593824,0.999480536762396,1.41281989023484,1
2500,0.09265124396333355,0.43594251859306565,0.8295987446205273,1
2501,1.0,0.16727341106248858,5.297870849955721,1
2502,0.8447179618667529,0.44192378862854237,1.0859929008024216,1
2503,0.807350249537903,0.9065397674774771,4.52203247214651,1
2504,0.9883477519392744,1.0,1.7097513786021385,1
2505,0.7919418765508595,0.0,4.994929514046888,1
2506,0.49963074187193635,0.8288992755965015,4.894935652919718,1
2507,0.38640145416502814,0.8714123188398101,1.192130315692511,1
2508,0.9972092359209577,0.4599533028184663,4.862429401327084,1
2509,1.0,0.6690934048843836,4.84531472647741,1
2510,0.45093898242738195,0.8796015368070144,4.629206289759429,1
2511,0.8029099563514701,0.4013797908964638,4.021585532360129,1
2512,0.621220806887803,0.2673823348671027,5.706417757459291,1
2513,0.8415794279253509,0.39314255396706743,2.328528249216323,1
2514,0.6187314997126174,0.8880988867808969,3.450410617055126,1
2515,0.9707985457583105,0.0,5.341343697397583,1
2516,0.43714334421211515,0.881137461724714,2.5031315291702154,1
2517,0.29784095790380144,0.9967716984897722,1.3883309684795526,1
2518,0.9278578941237303,0.0,4.94556717042314,1
2519,0.3582692967090366,0.8343921986694908,5.571828815252443,1
2520,0.10954161854072454,0.9647347909880445,0.41937663260074887,1
2521,0.8885848174819334,0.8321559285682002,1.272767034343171,1
2522,0.056157415751892654,0.38941218614556633,5.717542441647323,1
2523,0.5376985530651294,2.936209197591554E-4,5.325875464993778,1
2524,0.8016467126227209,0.5599030832156378,1.911860218127182,1
2525,0.20218616528196973,0.29390615268793613,5.980901087736914,1
2526,0.38813684478186605,0.0019835883222505905,5.644819650133947,1
2527,0.8832299634809297,0.6570920876947316,1.530821700232727,1
2528,0.43698575899095754,0.6626866033410548,3.5582026978377486,1
2529,0.0016032651749651229,0.4713852629424869,4.973749793896936,1
2530,0.546308958041477,0.28745704608748146,4.679664998640542,1
2531,0.19832417336426217,0.01656118648971285,0.008992538888557888,1
2532,0.3247840113562773,0.6946114672966934,3.2400783115604326,1
2533,0.1180418671809246,0.6819635210885325,1.1591385348008734,1
2534,0.45811045632429453,0.0010328566774689021,3.6828607825252715,1
2535,0.5395034736234254,0.8308771043721082,3.441546747739293,1
2536,0.6897034830316046,0.615278387198408,5.751319578139252,1
2537,0.016523205663073363,0.2995555231686773,5.041667653671663,1
2538,0.8200289407579027,0.05863740059261217,5.405254315687826,1
2539,0.8352686002310404,0.8118609586539662,5.066426994818122,1
2540,0.7084633798385518,0.8025946065352878,1.5040256060350536,1
2541,0.45527377616047543,0.26671297936188587,0.7111546922836081,1
2542,0.7862888996931785,0.09670860066049099,1.3750662303090997,1
2543,0.6138511229273117,0.06809242198188495,3.5128281568556052,1
2544,0.9422488155646275,0.06509210567240002,6.022552824449808,1
2545,0.5472036729220798,0.6971379729077101,5.985993966537636,1
2546,0.5795352794705413,0.0,4.209163981362821,1
2547,0.6035888782072759,0.4002806330198945,2.045938132984798,1
2548,0.9976107105317863,0.31690831207718106,4.952447194411023,1
2549,0.9988676502035237,0.7600908653683701,1.477466691326559,1
2550,0.08317910657169966,0.9592835081109833,4.3621057478443355,1
2551,0.28386501605795517,0.7579910375090849,4.460840178235214,1
2552,0.9481016605736285,0.8685410203405134,2.665716021524884,1
2553,0.49133295639697333,0.9460479488563915,1.217240055918822,1
2554,0.070371941791931,0.6688605873099813,0.9537610350448542,1
2555,0.5380553815102094,0.39178484948347275,4.779491226831107,1
2556,0.41656094000369037,0.0,4.902416372794724,1
2557,0.39735741397532726,0.9999508479624988,0.5458493295196956,1
2558,0.9847074196192159,0.22458752253500047,3.820578519161178,1
2559,0.4110585279395966,0.5446706552463548,3.184596131446656,1
2560,0.6769026439086924,0.25080292629068224,4.191537168140605,1
2561,0.4713435714847555,0.00837609358454956,0.9120910152409604,1
2562,0.31578643851815763,0.3952119165681948,4.588741232046989,1
2563,0.24841679920126628,0.5513299512731218,4.088233992048996,1
2564,0.657385940057603,0.5279298156452614,1.3542917095258387,1
2565,0.17918620162249307,0.7791571653550086,2.3910069669962866,1
2566,0.6446778259960947,0.20297431846433742,1.2308251631018507,1
2567,0.36589896618497253,0.0,5.1920969821564125,1
2568,0.8412147383688342,0.18082564980991725,1.7628938598697326,1
2569,0.6574029620787485,0.8035907704515132,4.2507563756971685,1
2570,0.4920671667230424,0.9405501312266339,4.915645961051147,1
2571,0.21987598133434283,0.4317263284905,4.0974572401726554,1
2572,0.7675827103442612,0.7827270580357764,3.873999318042638,1
2573,0.5891675268977958,0.4681270569817624,5.498757564142964,1
2574,0.6221955846337437,0.26027998701416954,4.614149934097613,1
2575,0.26006372762404273,0.277389594018181,2.973643523624295,1
2576,0.7559679872846073,0.42041176918392786,4.595315776646925,1
2577,0.3961991773772346,0.21511360233564725,5.802382127938238,1
2578,0.3295295912684558,0.9980968981267344,6.144899584694817,1
2579,0.010230605299386079,0.15078407881456482,5.0645988200147,1
2580,0.7430610932886763,0.20501431856710367,4.245236666718662,1
2581,5.490860241837414E-4,0.29809061370249323,2.657827466399905,1
2582,0.8021883729827849,0.7050149505467362,2.386231493323332,1
2583,0.0,0.0,4.121931554259881,0
2584,0.43553282012235867,0.6288311213150368,0.7593974306385198,1
2585,0.014038846628678518,0.983575838050667,1.890249693437838,1
2586,0.23365998769247182,0.2996892828685236,2.8741088506251886,1
2587,0.13205388051255684,0.1282910955299482,2.2453267025488093,1
2588,0.4272652665397508,0.2809789127672453,4.839279376069477,1
2589,1.0,0.32432537160920655,5.256910364751576,1
2590,0.9958764168324741,0.17107597402372618,5.459598145609892,1
2591,0.8940675259567338,0.05290238593180787,1.6289835958127874,1
2592,0.0031197142191835138,1.0,1.563116717237889,1
2593,0.7079223188156711,0.0605131821162151,0.7641302224785531,1
2594,0.09406235593516314,0.2321735798912256,1.8440688203995905,1
2595,0.07485290948588957,0.882588186407597,5.643894583478025,1
2596,0.35501069515035694,0.3218610138957965,4.524222968815464,1
2597,0.9775343117643674,0.43546058416527117,4.858543408488049,1
2598,0.03814722168140483,0.483053691298085,5.223220352042883,1
2599,0.4123299003033203,0.9993847099272655,3.3501430193442627,1
2600,0.24229988545734826,0.4774266100299187,4.0733197621127895,1
2601,0.0,0.6372016271756603,1.9644536569919036,1
2602,0.0032077627977394685,0.3427090231927031,2.5625745155269755,1
2603,0.1722798420916749,0.0024679644799650863,3.413794157852957,1
2604,0.6981596301020973,1.0,2.2308472302642435,1
2605,0.16919879515300038,0.7953295331563438,5.350741924028018,1
2606,0.8857458788095502,0.33778942872383744,4.630871092720435,1
2607,0.5962695580174924,0.8422715682418033,0.5984872617964879,1
2608,9.810651009657377E-4,0.7982808850502012,4.706901686123907,1
2609,0.149553072095906,0.16458279337623208,4.696700046160247,1
2610,0.1647607323597287,0.0,4.108669874911336,1
2611,0.8666998054865299,0.42201649910466904,3.3475890533653785,1
2612,1.0,2.0318212454444902E-4,5.813005979684006,1
2613,0.2872206050822256,0.06219374460306861,4.537597601349083,1
2614,0.01414410977418894,0.2739967650105935,3.8082571050227063,1
2615,0.402188457709903,0.2605479037912948,0.5953067210156742,1
2616,0.7365738966307243,0.489521693287817,4.730740698799395,1
2617,0.7843470936582065,0.7225406393387016,0.6778880186062181,1
2618,0.4274657333116148,0.8070645123671389,4.479812434854845,1
2619,0.3552687811064994,0.32436065187151786,5.165822267396534,1
2620,0.8775389367770872,0.8785699051587107,1.3166568085882837,1
2621,0.0,0.9990643154594354,2.513559588149559,1
2622,0.8455856319012481,0.40050155654593167,2.004304153471486,1
2623,0.4155237346762273,0.2862519575623401,3.700279300166975,1
2624,0.5200187869159493,0.22230109665450334,1.4506948817046375,1
2625,0.9632956343259839,0.16488928064143765,1.8849023198471198,1
2626,0.13642185317256966,0.4073432630379007,0.6943726701782503,1
2627,0.9672654162901069,0.038716340974370496,1.9638232855781295,1
2628,0.9916569474092493,0.29178175924992994,1.6048885792809828,1
2629,1.0,0.3105849423279237,1.3797403824614853,1
2630,0.4651040528703711,0.3272123278211804,3.277548570683155,1
2631,0.42723059966079996,0.4680763602100335,0.31886570900558475,1
2632,0.6865611553245221,0.36469241612308717,4.727113840807975,1
2633,0.17428619222102723,0.3994204803492382,2.669038250345585,1
2634,0.8801309220377158,0.0,5.074016286494787,1
2635,0.3173391836978236,0.6917480929329082,1.41516906681762,1
2636,0.8379570490022269,0.6372788791334093,4.532643117435317,1
2637,4.1816664750525436E-4,0.5027802834102507,3.3922490517924064,1
2638,0.23185173271022597,0.613826034794525,2.4868434300530535,1
2639,0.2923907241898032,0.8637582915116852,0.6777381183424322,1
2640,0.2567594296581115,0.09469149860830035,1.6453873861497308,1
2641,0.34557669852420164,0.06600360775686279,5.716068279462702,1
2642,0.31281081874225586,0.545791995950048,5.648829214918135,1
2643,1.0,0.4363399339237061,0.7065217477278758,1
2644,0.9994402989411098,0.23304777610552657,0.466050880057976,1
2645,0.7042846191372332,0.9931894312238928,2.3208315258800374,1
2646,0.9645625710609979,0.37596691248431047,2.0316434241477754,1
2647,0.5368174244165959,0.8959831484683766,5.929580195434762,1
2648,0.6871776608187432,0.6962842017434475,3.569303251335292,1
2649,0.6813241197016973,0.993145691336676,0.15436164229206023,1
2650,0.4347012537209033,0.15178944769425812,5.88629573807782,1
2651,0.3548660386252282,0.6385238866234532,4.932809691236765,1
2652,0.13556423050170377,0.0,4.037531134223693,1
2653,0.0012739973441046192,0.5592024088110077,2.3332992172795817,1
2654,0.26094658052845665,1.0,2.370620437984872,1
2655,0.9078344228773815,0.7338005424714789,0.6130872108498129,1
2656,0.8600381631829241,0.8997910595127548,4.055746711319036,1
2657,0.25744023490351536,0.2581146996538809,0.7300080712937924,1
2658,0.4019540647010792,0.5473928754590762,0.39553685171026176,1
2659,0.41408583115220265,0.8407557193592333,3.0646155860991886,1
2660,0.19193673579231738,0.4272104537059087,0.5940805568664659,1
2661,0.44227707126763327,0.7915765221214528,1.8627332960499547,1
2662,0.12841086817447772,0.15117932995801703,0.7301265142452881,1
2663,0.7803390361257182,0.0,4.2538851860257525,1
2664,0.7622116536575606,0.004984634709276323,3.5571076846299317,1
2665,0.6874123255175151,1.0,1.9234480778056005,1
2666,0.23758735585504587,0.5908548538746028,1.380698108041611,1
2667,0.4378659239301551,1.0,1.1687651483631738,1
2668,1.0,0.9980745874520599,0.6298779466759751,1
2669,0.07949053013080529,0.5156826021754108,0.6281387273070286,1
2670,0.941143198163967,0.9290527319578374,3.575355455291595,1
2671,0.1057784875467604,0.03675079628130723,5.0035881438465255,1
2672,0.857494483480391,0.7061443329508826,2.485845213026872,1
2673,0.778835139013302,0.3703726126985786,4.695828047882117,1
2674,0.08518283798259389,0.2097383046684751,3.782332415110682,1
2675,0.18448708800711314,0.7249844256279566,5.125171377544057,1
2676,0.6478348578267671,0.20188975098842957,0.21908364965872185,1
2677,0.00605326146998543,0.5196475404135468,4.96916365905555,1
2678,0.05074679085718321,0.1581504238429416,4.979560943204644,1
2679,0.6085543409921476,0.059347405633351745,5.43950036081057,1
2680,0.3695270180261831,0.9937328606378513,0.42746673017795034,1
2681,0.6377299237856777,0.4523401891962295,1.9559179263465036,1
2682,0.2702608442316967,0.9253197646090673,3.1486426420082134,1
2683,0.2074566874039244,0.0319652642665482,0.06466902266383276,1
2684,4.595483223418745E-5,0.5868702665920734,2.5746469632121216,1
2685,1.0,0.7866972971296353,5.593379350055127,1
2686,0.9594477088988663,0.8826189135389745,5.868191715466624,1
2687,1.0,7.064456395461009E-4,5.5159446781923895,1
2688,0.13617451429779578,0.0,4.965959943975292,1
2689,0.8960214779290134,0.5541926663563148,4.0543626250660205,1
2690,0.7089466449207277,0.6843540453893628,5.506083045444645,1
2691,0.3668820228074072,0.44848790528179605,5.487102587519868,1
2692,0.6961710041093729,0.0,3.2552648519684197,1
2693,0.9476540395449848,0.7741808157504292,0.6195121520915917,1
2694,0.17505963505367456,0.8785348832934261,1.8019830727342367,1
2695,0.0,0.3038380073577074,4.02902809150249,1
2696,0.005338623944985185,0.37351451807330144,1.6222059894736223,1
2697,0.5301568158735489,0.0,5.696889157373658,1
2698,0.8668615402529559,0.6891457409340607,5.133184491986541,1
2699,0.1252820729706308,0.9139919204582928,3.7962465187629904,1
2700,0.46155700773700986,0.40442633064633204,3.0224316392119515,1
2701,0.017378960897972928,0.3140447558921082,1.546315697942378,1
2702,0.7724344851030513,0.9481148307389724,4.435654012682115,1
2703,0.056564593316798306,0.15838936897223296,2.68739117571007,1
2704,0.9624008737533601,0.0,3.9399628599730003,1
2705,0.9049252523021014,0.10487974944957816,3.7281760093598266,1
2706,0.525934194595665,0.02179310324937294,4.564139639369853,1
2707,0.020272917338992738,0.6775355716060047,2.188882842410013,1
2708,0.3636542420271144,0.007743594479018596,5.741968107185603,1
2709,0.8933985893638909,0.5814906630877742,0.9301108372933494,1
2710,0.27872567959069994,0.3543777910616608,5.238692569409321,1
2711,0.9929549251570137,0.9884077056111151,6.019786394160068,1
2712,0.05624571428764027,0.34722070487189377,1.1951226889044837,1
2713,0.7756352282725324,0.6451057113931833,5.654125226261077,1
2714,0.13310412972580407,0.6760647074047487,1.9824907752728782,1
2715,0.14722920415503313,0.7167975842987989,0.154925425064293,1
2716,0.9352513062440547,0.5885099911744068,2.7159083478026687,1
2717,0.5330390975080991,0.08649780396920109,1.1118472782376594,1
2718,0.8573832029888259,0.08157206308308185,4.912192991338413,1
2719,0.25009311677919727,0.0,6.109694357300135,1
2720,0.6747652588438082,0.11234178801195807,4.222188262470881,1
2721,0.21579843282468011,0.2501021857585334,2.9770405833380673,1
2722,0.2932045788288263,0.1330942376452678,6.056365666445854,1
2723,0.0,0.5132362367481815,4.510692605179801,1
2724,0.4275798501499449,0.578633693618415,4.5879647603443345,1
2725,0.2839725732528055,0.40208140719665764,5.524157811142904,1
2726,0.13951742840812392,0.2985371056747447,3.8535100554385933,1
2727,0.324375877174495,0.9247256668010831,3.5689406033359257,1
2728,0.9627031568911931,0.42917327611071543,1.3667357815288745,1
2729,0.020143000395284397,0.049761978328268563,1.1191173410814164,1
2730,0.960995804567203,0.4898185485750379,1.0595199356395337,1
2731,0.3135595783117306,0.08812968675528181,4.267269283286161,1
2732,0.5174576349747928,0.7210192705172573,1.7662565074880219,1
2733,0.3700435915526517,0.6403752325136698,5.544305818326422,1
2734,0.27710544455158354,0.9362609338289966,0.5015857434580924,1
2735,1.0,0.003903936145619899,5.688088254122133,1
2736,0.9442247187231719,0.26562662524798075,2.561899191321305,1
2737,0.48422330688273396,0.4339854330188278,0.56873738287414,1
2738,0.7359755488264709,0.8171717282208042,5.8621311926053945,1
2739,0.02687512319573978,0.08890472664883159,5.048377033055905,1
2740,0.09991800815484701,0.2703922235108085,5.715809328936945,1
2741,0.6639752559080014,0.7819893304081539,2.2415091723069938,1
2742,0.7360921047568787,0.03562223622387608,2.602935608073443,1
2743,0.18007703572654418,0.4731219533943146,6.03459638460965,1
2744,0.5826028736186627,0.42323904185060074,5.7454265633648305,1
2745,0.17968336973811636,0.4184119203530784,6.21179188649355,1
2746,0.800120108145379,0.8812483451714972,2.0933546478624425,1
2747,0.37272723815680364,0.7191474442460508,5.133521544246726,1
2748,0.5856300545078074,0.0643481166604196,0.6273187889296881,1
2749,0.22833906547447486,0.13101155047436613,1.5964081969942425,1
2750,0.9134781960301717,0.4454239446816424,1.2335993513487973,1
2751,0.4252653544685026,0.48566776617488566,0.5990017136969985,1
2752,0.006890110961063482,0.29947594129708155,1.308684702268662,1
2753,0.809746497611883,0.7910986988226629,5.121072410003147,1
2754,0.6557707212426471,0.389870408816542,1.030724700744029,1
2755,0.8029504398490012,1.0,1.2812469728931513,1
2756,0.11274273241060394,0.21495512002678183,0.8099910138044376,1
2757,0.3249410323509893,0.07171022049702513,4.550242478833363,1
2758,0.857702793308179,0.5341612887315652,4.965456132352104,1
2759,0.8480466762362258,0.8956296830008943,0.6747729742461431,1
2760,0.3161599713726756,0.9979699027155355,0.27387338511934434,1
2761,0.5935459700526713,0.29185007879606617,2.4424858580092654,1
2762,0.6444904829963933,0.8635750068909042,2.3634813708323548,1
2763,0.4616689236497355,0.24076930393414592,3.9964396574825827,1
2764,0.8691822332562152,0.9929678123672379,3.4665940322794366,1
2765,0.9601719858039469,0.7499930903167057,6.056830242071212,1
2766,0.0,0.029841206531015352,3.1893237422668745,1
2767,0.7094303692614043,0.4900979361729783,5.232288318597942,1
2768,0.30088350956792104,0.08978056893229962,4.762970955443981,1
2769,0.8392075623628436,0.005335884166724875,4.322759341106296,1
2770,0.774718708495165,0.06561308203960814,4.346633820267048,1
2771,0.11355598010226392,0.43399983157151245,1.2499801393655094,1
2772,0.3199699165716017,0.12620828018222288,2.440393203695269,1
2773,0.4863224803481781,0.020362422312261066,5.371645175152414,1
2774,0.99524419419069,0.5918490429102141,1.4419121687996905,1
2775,0.42315085299515204,0.3438823985746581,3.881819223087013,1
2776,0.0,0.982471716168526,3.0444503575954927,1
2777,0.7140824965569212,0.5305423698614058,4.149899706966339,1
2778,0.05743387284644605,0.7425343352309964,0.41528848707605276,1
2779,0.8626870771665909,0.4800113722009295,4.842311419646746,1
2780,0.692865069320671,0.9246377933781279,1.3769399536479952,1
2781,0.5492277394148745,1.0,1.8142154222204334,1
2782,0.3511823828304166,0.5498781539593469,2.775075154384391,1
2783,0.7382546790791003,0.5664267320910304,0.6981482730311848,1
2784,0.49100373788183527,0.0796182809755037,4.449695227660336,1
2785,0.9260051497645906,0.09778512196511295,0.7814871277294109,1
2786,0.7623019795981415,0.2144270874567987,2.273932263664502,1
2787,0.7900935368289074,0.8515669436052008,3.607185566406649,1
2788,0.5126377031119327,0.0,4.871207551621942,1
2789,1.0,0.0034927179869352894,6.216065562388347,1
2790,0.02619392468627269,0.6054713520692889,3.9351092574127144,1
2791,0.6420248260678197,0.8051137660566918,0.16383433197395514,1
2792,0.515412686869356,0.9196581744291357,1.353813083408882,1
2793,0.0,0.3541508787232739,2.9612801358421734,1
2794,0.19660180358387053,0.6713746412998454,3.480327876580453,1
2795,0.711512276792471,0.8294991165109682,1.4947076003426465,1
2796,0.8652569626033122,0.416358030741309,5.650309330764485,1
2797,0.02354792175251178,0.7674955349207974,4.012520904859936,1
2798,0.4373692476306386,0.9999599201856599,1.496559659758024,1
2799,0.7439440315558747,0.41352738533576083,2.0616558806394347,1
2800,0.5870133729675187,0.5041982426999244,3.1289246908156545,1
2801,0.7802989085624186,0.8017873105179835,3.742582833876168,1
2802,0.998944072602676,0.5745953931041977,6.1936570311759125,1
2803,0.3582182242406656,0.19699118350790548,1.2921747485161204,1
2804,0.982753361780979,0.32188221602073014,5.051090568105844,1
2805,0.2215930155550835,1.0,2.4359724066724953,1
2806,0.04489151927509547,0.6691540314079034,0.8390217532413543,1
2807,0.012249608644465596,0.3742832910028468,4.265090980016777,1
2808,0.3348045358715646,0.20198228972545867,3.104323183112176,1
2809,0.9922078346769683,0.9850687813782794,2.57543360896592,1
2810,0.089304520942756,0.051518931716372125,6.161260904244529,1
2811,0.6702699403928497,0.49037933399538036,0.11540514863296106,1
2812,0.8209933118286088,0.8567021431279014,0.7189030050499035,1
2813,1.0,3.71842343307015E-4,5.84380059077719,1
2814,0.6995194375263329,0.9800347125794756,2.0882946145582593,1
2815,0.7960574123373466,0.9400567528536605,3.4981457673968643,1
2816,0.0,0.999479907313745,2.6276973508195933,1
2817,0.0,0.9784955833374693,2.193297908057418,1
2818,1.1457871329818728E-4,0.013645365323084068,4.170891445279747,1
2819,0.2385015171263203,0.9256407941514152,2.4898073068656297,1
2820,0.5099783357150293,0.20896921956808062,6.187804586669441,1
2821,0.9697029361352755,0.5281086001619425,1.1731766218174662,1
2822,0.19148413364940767,0.10234565783882703,1.6502861004824803,1
2823,0.3089169747057361,0.26804341112872426,2.937599631188129,1
2824,0.6870951076231997,0.0,4.409639640955168,1
2825,0.6395883517006982,0.9902663360622289,3.1368012091702853,1
2826,0.14799365037715687,0.8740551560273825,3.092272082632526,1
2827,0.6252300296523942,0.699077186878144,2.5584383487699522,1
2828,0.4424519736601219,0.057060040942205695,1.3143186500632262,1
2829,0.8493206682466093,1.0,1.0253263892104882,1
2830,0.9976047214736009,0.5945963300991235,1.9523634488363735,1
2831,0.3969020268411412,0.48716493849054066,5.832467426694024,1
2832,0.8143365049066688,0.0,4.993286590074562,1
2833,0.8059026797349113,0.1194370043241241,3.342657524885158,1
2834,0.8779068430284884,0.0,4.367568353790611,1
2835,0.10799872810523997,0.8638707767532205,2.0967118580239616,1
2836,0.2500020428192462,0.991726802749852,6.270928060739435,1
2837,0.4257230840100334,0.3114318537876752,3.959653798078972,1
2838,0.22163452273945386,0.521062727448299,5.836359908875718,1
2839,0.2501553865572453,0.8665815201264775,5.595053421204519,1
2840,2.93758666818648E-4,0.3672342334421242,1.5945257332791232,1
2841,0.5330715122832225,0.6338204218733051,3.43484048400477,1
2842,0.7817808530415092,0.42041698505755637,4.446444439905807,1
2843,0.26237030392595434,0.6903857934521302,3.771945146732139,1
2844,0.95550250844174,0.7221501369269823,1.5060335221270944,1
2845,1.0,0.8316631688949576,5.867735465479967,1
2846,0.0,0.43561117748695655,3.9042001545143163,1
2847,0.2902799334084716,0.007256075597212054,3.7545848769284302,1
2848,0.5109384476347848,0.7926685050710887,5.014518399977609,1
2849,0.9952057505164,0.07906304502999265,5.154802284116762,1
2850,0.7746962167914313,0.8773167456815647,0.19271617502769733,1
2851,0.3472588166702229,0.1062353532836764,4.6885390989887314,1
2852,0.997767403836717,0.7129476675679716,4.864793548478817,1
2853,0.28295561469367875,0.09668317311703778,2.144768213478657,1
2854,0.6040182734654816,0.8111543306720232,1.952140976850437,1
2855,0.2518674963867203,0.9462195036020584,3.8511859141319995,1
2856,0.5275404380873577,1.0,1.9100700926690484,1
2857,0.2922154099133019,0.9278798910001966,5.08704197759419,1
2858,0.4300582554486276,0.24487639614846815,1.6979889229850431,1
2859,0.08640866903695756,0.41969601296806236,2.043519194278641,1
2860,0.9673792409086258,0.06712014150720956,4.443675300792899,1
2861,0.670610463204457,0.5165252191670499,5.727220355361867,1
2862,0.7587287827481112,0.9994883001142347,0.3880377708821994,1
2863,0.9798000851239513,0.40148828152460436,5.113346774881753,1
2864,0.8192851836851293,0.9783675156155869,0.08799462248694123,1
2865,1.0,0.10855838796508953,5.915797717380346,1
2866,0.4366600252901859,0.37026049401126093,0.38751865484620296,1
2867,0.37741678574369175,0.2592824725189002,2.759499301920429,1
2868,0.4901226897273013,0.44848812748347894,1.299736238052023,1
2869,0.7234705537904901,0.4141019872427622,3.2587542265144185,1
2870,0.9740099414106937,0.7916859048826823,2.2478841460559242,1
2871,0.9465993531254142,0.12187912352702132,1.9295965885688011,1
2872,0.08709450424526816,0.6378551918113985,4.434873907071115,1
2873,0.1948631322607325,0.17338644190609448,4.399371191827265,1
2874,0.5184848125073007,0.3774488784976568,2.6893018990563644,1
2875,1.0,0.5335878815843031,0.896275234001278,1
2876,0.976109159259412,0.06482417362495754,0.0011945195375844264,1
2877,0.055386271256817665,0.3805033743943784,4.2749305948934735,1
2878,0.6573755502446754,0.9771516940232737,5.18099975197008,1
2879,0.9493260360220519,0.4515415854264143,0.8432493885920774,1
2880,0.8451371637757933,0.0016949392360478318,6.253174313909228,1
2881,0.5499959700594125,0.36577264079622607,2.031155719136058,1
2882,0.9927222230071513,0.9718971648990846,2.437082470924986,1
2883,0.720335925805023,0.015296884010517058,0.6736989099332474,1
2884,0.6770889019226517,0.6368261542711218,3.9862665477891386,1
2885,0.6114460992308739,0.0,6.233679263116961,1
2886,0.06215154798974583,0.7180499963056228,4.01478648358032,1
2887,0.24269974431612706,0.7102150379295009,1.7722071286649992,1
2888,0.948044968740755,0.18894171428461817,4.004276519153594,1
2889,0.0,0.758491756731169,2.9010813798274717,1
2890,0.26508964946070757,0.04453098855375849,0.10144951021213,1
2891,0.07938147418760994,0.9755277295364656,1.1007540925725277,1
2892,0.9261422535071993,0.0,5.079329663810704,1
2893,0.6171000325768455,1.0,1.4219500523600097,1
2894,0.8064296953583883,0.18606579084304717,3.7930050848810826,1
2895,0.28482790215249076,0.8512309177772192,5.206561260693243,1
2896,0.6486247652483627,0.7894300323817698,0.7428600555962169,1
2897,0.6293923664141772,1.0,0.7738523333888757,1
2898,0.7849053165310064,0.7396941918293236,1.1036598913742606,1
2899,0.11175990922919413,0.6345500328434781,1.087478868554644,1
2900,0.16118624046246868,0.06114639989359179,1.4384618040621353,1
2901,0.24849436471600778,0.9815452977225525,3.7950184477138764,1
2902,0.9136600642671989,0.0,5.764827263118656,1
2903,0.9051858529476381,0.60068995787244,0.18384479819851385,1
2904,0.992988641450981,0.6022008083584782,3.239693371537121,1
2905,0.9863090120143437,1.0,0.7619999197089367,1
2906,0.021144024146482625,0.28480844462016625,2.018391855715862,1
2907,0.7746311312693284,0.6043809546664795,0.8690247378809537,1
2908,0.9978866766235089,0.6403397616508032,1.1792747015241272,1
2909,0.1293758135255708,0.44924781317639073,5.220727429353773,1
2910,0.8367047990927652,0.5337035857215662,3.9540308518097196,1
2911,0.6153161225450882,1.0,1.774246354547913,1
2912,0.2964734767452625,0.33300746085401983,3.4081131931423827,1
2913,0.9345189799973019,0.1376056569254788,3.041083057770967,1
2914,0.05833863847759012,0.0,4.192512059958423,1
2915,0.9570779705133052,0.529231531817963,6.217659562100497,1
2916,0.0636084947928416,0.24662730955943057,4.167477486144824,1
2917,0.60121376977927,0.5019401104019351,2.061945687459282,1
2918,0.9620717019889192,1.0,2.486872923438967,1
2919,0.37524201722407285,0.6718030591955341,4.696501048218842,1
2920,0.33346412571285716,0.26165034377217844,0.2483110639338388,1
2921,0.850560283480872,0.4653610534344356,2.2495739070893226,1
2922,0.06939307371633488,0.1207305165217223,3.9647759838210925,1
2923,0.8969257252796555,0.028503235610863365,5.503270101237396,1
2924,0.0034055657499112595,0.0394195246066966,3.80653612977113,1
2925,0.4140588130834367,0.8841020476987055,6.204354085039949,1
2926,0.17816357995332924,0.7682020091950449,0.557921134742833,1
2927,0.6401098754051341,0.6293953643131559,2.9341433717718632,1
2928,0.9874909514457119,0.9561916278137739,0.3545261252724753,1
2929,0.4664705322642572,0.5856316167536928,2.064303600377852,1
2930,0.44889644656077526,0.16035599586955415,1.6116593189046622,1
2931,0.7514315229183898,0.34945680074658,5.2283210180666915,1
2932,0.26834592533236207,0.9363123358350455,4.262247316839734,1
2933,0.6410241993512995,0.4593067463141405,4.5714518190091,1
2934,0.38356061848126444,5.984860729954871E-4,2.852742877722969,1
2935,0.9363525677830328,0.999776955069421,6.000634552818585,1
2936,0.6354315859446169,0.9555274113279191,1.7955814828066021,1
2937,0.950331671895188,0.4810490465264982,0.056427613236982456,1
2938,0.3274744172339924,0.6558874499496214,0.9922470823955788,1
2939,1.0,0.2970478718095044,5.478577720672351,1
2940,0.3615889814833023,0.842295002371711,0.5328938856260922,1
2941,0.9007850931344465,0.0,4.464558613830031,1
2942,0.003978800755806746,0.6387688476488266,1.358256561165464,1
2943,0.9621014134965541,0.7346231088875743,5.410351601132614,1
2944,0.125664432625302,0.17598798424509085,0.9257711073263192,1
2945,0.8869721588407059,0.8945653356283021,2.934906262773768,1
2946,0.43938696153272244,0.04688874682751521,4.923956803810736,1
2947,0.7754433260625835,0.3773514269778257,2.36299139315146,1
2948,0.2241458203589027,0.6841914624884872,5.73056036091798,1
2949,0.5829759795445264,8.975588700706438E-4,4.300195526373561,1
2950,0.9162448042275031,0.003265152005531848,0.4849595634053037,1
2951,0.7323195658678769,0.46332417143053234,3.7875860164663675,1
2952,0.0,0.48770360579669175,3.3314551561046755,1
2953,0.398173120471446,0.0,4.285441959994216,1
2954,0.4983199385281281,0.15997562529631934,0.6483679279662804,1
2955,0.40769256495781,0.25508708412596287,4.694371206888932,1
2956,0.7086506773576039,0.8039996184663951,4.607233291293527,1
2957,0.9046677305049665,0.3740335649650194,5.332981667003048,1
2958,0.8267196600040881,0.9984466667407139,1.5735075335937438,1
2959,0.6744400631940494,0.8125623288526549,4.640266541231009,1
2960,0.6571365207518813,0.5355216186150699,1.7928696109092255,1
2961,0.3077216273763138,0.7399904578379769,3.381675979226516,1
2962,0.9998672230045682,0.6092956691272917,1.7375391609747717,1
2963,0.9835529355524626,0.24272054797127876,1.6159545884378004,1
2964,0.001145047319045399,0.8417920133217274,4.630238095989808,1
2965,0.720530163303695,0.37590502234802936,3.987789660450366,1
2966,0.2828895639686804,0.22841947205616,5.356423338205117,1
2967,1.0,0.8301409431868949,0.11162696587431654,1
2968,0.19970973661697441,0.9170016477401475,3.4136003435046334,1
2969,0.05989429619308516,0.8030695083994275,3.4759613324277256,1
2970,0.3595396900972639,0.667805586617469,4.3212842180852284,1
2971,0.49885706140029035,0.6854590934094041,4.950480940082656,1
2972,0.6969055123804139,0.3887339274172993,1.272828370953694,1
2973,0.2019344790640545,1.0,2.0180478276766283,1
2974,0.9374839067624168,0.013372568276757821,4.773025648736007,1
2975,0.2783914004894212,0.6031021409561472,4.239272874594864,1
2976,0.0019958182493875847,0.12379456683307417,1.0183134321061948,1
2977,0.7397705946041885,0.4163574837999188,5.414841678903126,1
2978,0.0,0.4775915459870819,1.9235036484616765,1
2979,0.5993217250552634,0.3777911239519008,3.0087387148899682,1
2980,1.0,0.9945128674412315,1.0054417161902394,1
2981,0.07041175335260177,0.24830796994785026,2.8216771727655345,1
2982,0.6776591603882874,0.2192396110223801,4.392371277546806,1
2983,0.6909742161470753,0.7091252257502648,5.676161414014827,1
2984,0.4969536283817682,0.6760329848757659,5.209780619078742,1
2985,0.047158967367727275,0.5072730985100588,3.0794613129431414,1
2986,0.6923678881259883,0.2877774636721902,6.093160367910707,1
2987,0.9706383467012947,1.432332404908437E-4,4.915556471965484,1
2988,0.6685769269587146,0.7755895899495837,1.9760482673822162,1
2989,0.03401939674918546,0.5083484649143039,5.738318019370626,1
2990,0.45575631353228474,0.5703345771801125,3.4425541116454794,1
2991,0.05819893604817546,0.47593428413852445,6.140715383623556,1
2992,0.5198130591652688,0.9958812442104967,1.0646460180503978,1
2993,1.0,0.3120919982810081,5.541126215764432,1
2994,0.7127656513673761,0.3305942632672293,3.7752770484693277,1
2995,0.3468780286379749,0.19585087922621275,3.1839412156918407,1
2996,0.6036238764772512,0.4572193607155834,2.529167198671862,1
2997,0.3175663511437696,0.6967691310308055,5.380313695543838,1
2998,0.31769073773956874,0.670767363891701,5.899405913916072,1
2999,0.4814141781910759,0.2697380044453895,5.241854503680671,1
3000,0.7145950286901411,0.2523765643906634,5.8721353934118214,1
3001,0.29532687515208084,0.37365735139747047,2.5855610591070586,1
3002,0.4824627228716006,0.056665722164491755,5.664486498580729,1
3003,0.8295247070776625,0.3695342863134371,3.9006574277629564,1
3004,0.3356159753473221,0.3414976492299785,5.801923272632763,1
3005,0.774969784683141,0.4763336591496711,3.3274209249463205,1
3006,0.7672639354831771,0.9523122501797892,1.0884016547679132,1
3007,0.17870076456030654,0.7437645492372977,5.54082567800461,1
3008,0.0,0.087097019256068,2.5517372184222737,1
3009,0.33133015514273056,0.0909051761941886,0.6240217438416785,1
3010,0.9919341834109853,0.8974190454111433,1.4271541193327657,1
3011,0.014183371425690714,0.7779226323002805,1.4842033631333202,1
3012,0.33162826616275576,0.0031855788363531075,2.800568917461931,1
3013,0.9765245753055125,0.650230502201521,0.9062326161249873,1
3014,0.7703449545040929,0.8117939104718096,6.005825882621292,1
3015,0.43014011181934575,0.918128134929495,5.4611930674491065,1
3016,0.4089065525994277,0.0027019569475935827,4.3579819431908735,1
3017,0.030578760686338077,0.8229975107968267,3.729075017582323,1
3018,0.08771373429221478,0.06065949168333171,2.063205408055483,1
3019,0.8793950945737997,0.2701732616609223,2.581631910987388,1
3020,0.45125384752537034,0.008319698177116202,5.052956595302337,1
3021,0.7523472595180443,0.17157224614874228,3.610305614607726,1
3022,0.21702344088321024,0.03653251717699256,3.0558556227206184,1
3023,0.6385859218545551,0.010616442500382265,3.6136705481732925,1
3024,0.21614701027558492,0.881305442282446,6.264603221353286,1
3025,1.0,0.9998757300577575,0.4711838061232972,1
3026,0.011358210568354983,0.4791342511384549,1.630621910726544,1
3027,0.4700868130935227,0.7426532746059382,0.4826258883607889,1
3028,0.0,0.4917788359797954,2.90149008660535,1
3029,0.5120314079567791,0.36826805302523535,2.057866138656295,1
3030,1.0,0.3089533256906489,0.34361077347990787,1
3031,0.789493287847162,0.13030278603473272,4.916669746230507,1
3032,0.5825783037351809,0.9680439984197802,1.6574859435014904,1
3033,0.872326477271496,0.4131610044700438,0.6086966842871742,1
3034,0.8501952376435494,0.9158501033963412,4.451020582373968,1
3035,0.8403985257311903,0.7240488473441224,2.0581239207378426,1
3036,0.09950848920169766,0.39500880069030586,0.2331659569212737,1
3037,0.9970588372535787,0.18081536443156052,5.761874983286438,1
3038,0.4712201482207762,0.34490227044416283,5.620930065821029,1
3039,0.6734710304156211,0.2801694841837006,3.5179010734150364,1
3040,0.5142642275521424,0.31241568319057617,5.404543489631562,1
3041,0.2636355550801249,0.17453446054201163,2.3284394901711547,1
3042,0.272267301342313,0.23550013234555311,1.4031376221127523,1
3043,0.04293401208181887,0.7745477085652371,3.423964236726411,1
3044,1.0,0.8622504701184126,6.268326031765725,1
3045,0.49252149965473535,0.753641566265501,4.104350898183464,1
3046,0.10378605452423598,0.8081456081947744,2.3441041494704935,1
3047,0.6844515288737132,0.3022851165283014,3.2078155064305514,1
3048,0.24245543887619742,0.6952572955407084,4.831915768932197,1
3049,0.029717192563866048,0.6806840145844024,5.7541810218318155,1
3050,0.07102697445018577,0.4714880505964879,4.739831324614223,1
3051,0.3011132879480979,0.999160554078453,2.5489306573722956,1
3052,0.7588655215972823,0.9231169107771461,2.6138889703473307,1
3053,0.3655624382006697,0.24152891975493979,3.2907280743450333,1
3054,0.2539291756782834,1.0,0.4806356523092889,1
3055,0.48540709961633055,0.25177656915545354,0.6214204315736837,1
3056,0.8583216575391402,0.22187622383251618,3.995434804706679,1
3057,0.19564863096578955,4.5131601265649727E-4,5.997030611877485,1
3058,0.9577412335326027,0.95381437652173,5.384136122009675,1
3059,0.6926325696931614,0.7373199066337893,2.50971414436904,1
3060,0.13202239780571376,0.2735263881269555,5.615843816515143,1
3061,0.08221762591688317,0.354650363593496,0.6637683850867758,1
3062,0.4886205479160371,0.3807563101612912,3.7422122426776556,1
3063,0.16818086693037884,0.25540625384219495,6.117530462754449,1
3064,0.04418954998460155,0.9908678177213274,0.666624966149636,1
3065,0.8066384537444231,0.19609489848522801,2.711783280967244,1
3066,0.0,0.5288762885726132,3.755508568407496,1
3067,0.3043385860539,0.6965574178910927,1.2669457133287052,1
3068,0.2851661583074775,0.6774594801125822,3.939472249797613,1
3069,0.0,0.7818592859224285,3.1135084810681892,1
3070,0.31179288005592615,0.8388224877560252,3.0301351032054593,1
3071,0.3540629575459887,0.9821162263959612,1.2877540543199542,1
3072,0.4454424253090518,0.04162121473171189,5.566773262778964,1
3073,0.7241175208460294,0.842712700419334,1.250513553841926,1
3074,0.48196438976286565,0.2806949353014466,6.034320532582763,1
3075,0.21995323345419274,0.2835549561497356,3.3385755276809466,1
3076,0.3092414041485583,0.8783605844805552,3.0214818931753737,1
3077,0.03134615649063036,0.50372469580721,2.21531726037832,1
3078,0.16417991655880307,0.7362356178258352,2.3706070933245575,1
3079,0.9739858435590191,0.9519588420114845,0.34827766081536643,1
3080,0.7628835177904479,0.48528830063974143,1.7447987573787094,1
3081,0.9570525125762724,0.6701073944820032,2.454990942049977,1
3082,0.9992522602018554,0.42490840050381556,1.0373722544606403,1
3083,0.5407683507072244,0.5386040290291128,2.756745057637847,1
3084,0.23968118920662865,0.6115410884388954,1.9673962635642164,1
3085,0.8669139972519508,0.22880497269271552,3.660314318617368,1
3086,0.0033331948368803222,0.4115995705251063,1.5013711473781441,1
3087,1.0,0.007316208215693701,0.32670155131648054,1
3088,0.08917249184143633,0.4850424374944869,1.2699067122747216,1
3089,1.0,0.1860307284026577,5.551624720226608,1
3090,0.0,0.5865976681509819,2.9381929265000073,1
3091,0.10441011128389491,1.0,2.148531763618343,1
3092,0.6026618331021141,0.050590111902490964,2.3102151013384904,1
3093,0.8419804160197488,0.5772719243732279,5.3967337014466885,1
3094,0.10514484872673177,1.0,1.6406587907767127,1
3095,0.36856609338295515,0.39702615705241096,4.1473484758324,1
3096,0.8051815759331494,0.07942332078570184,3.088633628521401,1
3097,0.3109577971412677,0.49022859015032866,1.9797117208586241,1
3098,0.6944845880357224,0.9991636647432662,2.072019793715337,1
3099,0.561440622188659,0.17259549310522052,2.1271688567518594,1
3100,0.018218211007649174,0.9148775833777133,1.474643129247678,1
3101,0.28012270091092667,0.6359890606671219,2.1530118609489386,1
3102,0.6913588620805788,0.4013960277613656,3.3915508999589874,1
3103,0.4936057432919481,0.7639262022879366,3.1795471021707535,1
3104,0.2406337442455051,0.6452775541929434,4.377028295964896,1
3105,0.9545221587670963,0.8366918884755087,4.167570220885916,1
3106,0.08530501701320226,0.46437899398279364,2.354329225756193,1
3107,0.09696947961235192,0.18251062630918885,0.2967914156214838,1
3108,0.34227162841522185,0.39109978236302284,1.1849200154643065,1
3109,0.6009489191340595,0.8641381275558296,4.927940253938512,1
3110,0.7657542914405483,0.30944195507365346,4.456702820435387,1
3111,0.15909269178827806,0.38228132179658575,0.028647524851520667,1
3112,1.0,0.2652978555008929,0.621126599864585,1
3113,0.04255157345333078,0.44462014179920817,1.209935416301691,1
3114,0.08410826874209956,0.5940784256435073,2.5583961542736486,1
3115,0.02155911953283088,0.7570953288923647,0.5584830396220511,1
3116,1.0,0.5448039050232872,6.110446571799729,1
3117,0.5587970697680305,0.1677184411407373,1.2128763311363244,1
3118,0.2958299105677251,0.0,5.286470003885971,1
3119,0.8647260902426919,0.1077873315292764,0.0918249813641232,1
3120,0.41606177766964625,1.0,2.4071596251369876,1
3121,0.4883288959062789,0.4472574144144832,3.4141708749803827,1
3122,0.6776513931314326,0.8821674047337913,2.7939179339270863,1
3123,0.44289341061491955,0.48174168861735833,3.84288701277212,1
3124,0.7625828182043243,0.3861381395006767,4.8364313360815165,1
3125,0.19148971792526429,0.6957947026037371,3.968093192258075,1
3126,0.1606334141241975,0.9321927118934598,1.5838817085535666,1
3127,0.2763959567375943,0.5760159195538563,4.605844055491228,1
3128,0.6576592222864159,0.23768544815050507,0.47497908219659934,1
3129,0.18979917249432277,0.6479078804916577,3.340858475382024,1
3130,0.24895649117313615,0.8145980367040108,4.6830152626664345,1
3131,0.2561821163350397,0.8053881183623923,0.1297994809266636,1
3132,0.06208883483863907,0.9070306838040112,3.6600215596964567,1
3133,0.202683042804395,0.07829471869884225,2.8286479705011156,1
3134,0.9569356788680928,0.7001189417650961,4.374875227904462,1
3135,1.0,0.9986002271618843,6.204631214003982,1
3136,0.06891029495444458,0.08760126914397748,2.571419191106429,1
3137,0.7379146207438118,0.6411681296139413,2.8217776566833055,1
3138,0.8217363477976022,0.7797189690044996,5.578336752564806,1
3139,0.8084259524112991,0.47149948520448526,0.04539510304323091,1
3140,0.20035274891809723,0.690421078965091,0.5736002377059364,1
3141,0.7638428808228334,0.6619102531502021,5.154567868735426,1
3142,0.47042902120789587,0.22191460794341072,3.6637789121059465,1
3143,0.022235129096877727,0.6691606873283402,5.072340587846341,1
3144,0.0013133177688162954,0.2386224331654781,3.9109273854655964,1
3145,0.6201919895692322,0.6933595115973751,4.1780186446157,1
3146,0.9738670535989259,0.27716891772255986,0.12963686653235623,1
3147,0.4405167649459323,0.9185767830610548,1.6463702982752393,1
3148,0.9990360319297772,0.1286879659083517,1.3753257965696526,1
3149,0.5417183680806525,0.48683413726331676,0.7920748022222799,1
3150,0.5684292737230087,0.27712531811112656,2.457237345891399,1
3151,0.0058753644506548495,0.24602772433407552,4.374199118576486,1
3152,0.010775963369850287,1.0,1.9290562608291668,1
3153,0.3190371658136581,0.6955851326745296,2.510581561180099,1
3154,0.6166890582280657,0.09431716743618634,1.272472922683452,1
3155,0.0,1.0,2.132215870702056,0
3156,0.15722930673764676,0.0166939269794618,2.2754728054032216,1
3157,0.2065474790352219,0.9187857119307544,5.343614957211522,1
3158,0.1359950359198883,0.7119720225560181,5.958440422823537,1
3159,0.1814022375439835,0.24790937347607378,0.12534786174322238,1
3160,0.24594864410277348,0.15174973490704266,4.3827710822123365,1
3161,0.7318167975342723,0.6508714698505919,0.6153111792939715,1
3162,0.8515172592103492,0.4043920560898482,1.640183477445601,1
3163,0.9991248589695764,0.7431730933770574,0.6700019502356059,1
3164,0.15891738320728088,0.23242614460223698,3.082593090902833,1
3165,0.9354335776414879,0.0,3.9974917504628906,1
3166,0.5331583974946423,0.9657110192478402,0.6716554936036885,1
3167,0.455325011130677,0.2559633669269505,4.3095977963007135,1
3168,0.5215687305009017,0.8518233101516107,3.8955039092704546,1
3169,0.1252790458011042,0.3249034904799518,3.582884269867932,1
3170,0.6863351362940756,0.12245539729403927,5.908724324887896,1
3171,0.7034855931582475,0.07673386377436,0.4508437674150414,1
3172,0.27446255453108387,0.7787806067217278,1.5721480441474414,1
3173,0.14016625253299786,0.25554282803890305,1.117088322512037,1
3174,0.34577925458370773,0.667497126174929,1.450638225623996,1
3175,0.0018733768819040014,0.8661050304381495,2.943761641652166,1
3176,0.26025816526072526,0.9825446241396717,5.86368200774927,1
3177,0.2512209328018715,0.7537701588338274,0.4066102717926756,1
3178,0.2243291768901533,0.43386238864128485,4.1713266793024495,1
3179,0.5238447386620778,0.8670554783443929,3.309752836519942,1
3180,0.6781056463358777,0.35103674481255664,0.0967171405639888,1
3181,0.006942101947072262,0.030442855345307367,1.5913077665308457,1
3182,0.4416455834687396,0.958790797200654,5.668065779631457,1
3183,0.6382931874348912,0.612145022415972,4.556568267250181,1
3184,0.7759548322384383,0.9827733436306626,5.9484201305308035,1
3185,0.045427452147611694,0.9235220826807158,2.3536425880504224,1
3186,0.7799037688775691,0.3565886822956574,0.4771087972349791,1
3187,0.46158552057031654,0.6623114108360649,4.0622715955914295,1
3188,0.004015469908772786,0.0,5.187858119921739,1
3189,1.0,0.30901921094530993,6.23631364595872,1
3190,0.9773602171327328,0.3104732107000774,0.7567840799405747,1
3191,0.2972149766957937,0.6982518595006267,4.4488998973282845,1
3192,0.974463391515334,0.9617064248957183,4.244744658043916,1
3193,0.08226256881541703,0.4303754123817059,3.642801359872497,1
3194,0.7549818954160469,0.06155829817123866,5.661665805800509,1
3195,0.2927770567707312,0.11732158793462888,2.9836775563901736,1
3196,0.6063788746670964,0.4897403875733632,1.0686935852107207,1
3197,0.8587833580438039,0.18512806581352503,4.609427454084581,1
3198,0.7100529510009872,0.4239012619387668,0.26539519548376883,1
3199,0.5621194836541975,0.5583896590631209,0.9270249697414787,1
3200,0.9411399632646661,0.0,4.367749602443183,1
3201,0.7584000259023106,0.0,5.287427318029004,1
3202,0.5515134558444942,0.6937015374428659,1.3268069247700653,1
3203,0.63046831737669,0.8384480063107659,0.19257967085837238,1
3204,0.5445020130236773,1.0,2.2475119986592804,1
3205,0.8260904920735809,0.41171464631709936,3.8356762134604625,1
3206,0.36725057079895024,0.9971603196801312,6.273226955875755,1
3207,0.7319237786749568,0.30556472975871907,0.8804297023758862,1
3208,0.5655132699807599,0.7635186368383649,0.2841093202162001,1
3209,0.4119627057268669,0.8377906056750095,1.5724181421051784,1
3210,0.44724047558423113,0.6129008636629222,4.758862125078144,1
3211,0.7458859689978604,0.24845810837908877,5.883156714051286,1
3212,0.18930641595073355,0.08166385872819337,0.8086244161981476,1
3213,0.19242797461463987,0.6917103202220215,2.9773861848059986,1
3214,0.7174555016751762,0.961018295765053,2.121238157376728,1
3215,0.005274263145277429,0.3089070361998279,4.917690751716009,1
3216,0.2571910049708744,0.7035657528161178,2.037274273317489,1
3217,0.6166079708735814,0.4359819043709912,5.757167407926335,1
3218,0.28871650850729225,0.6030155113270542,5.733115670865377,1
3219,0.09030704408880133,0.27859137909150594,1.5446062610675053,1
3220,1.0,0.11239876712891002,5.964537284806845,1
3221,0.4614449347741196,0.9780147982136365,3.316497607403334,1
3222,0.4150819667804613,0.6230917964666077,3.282286009418243,1
3223,0.7875614981776935,0.8034307177027026,3.5391351130778737,1
3224,0.42419469172554275,0.4670728952821924,2.9309115427224333,1
3225,0.9715068760209011,0.6211174580784702,1.9756329943780442,1
3226,0.9753804033933543,0.5189688599481297,1.093311265619699,1
3227,0.017125051949247325,0.9999237980174043,1.5552337555164064,1
3228,0.39023163075044154,0.10060004956999777,3.745304948672932,1
3229,0.0,0.49977649469109187,3.900220016708714,1
3230,0.9978154974011942,0.5923216290498204,0.5378866254278305,1
3231,0.9406094650126368,0.0,6.089372966439548,1
3232,0.5939505736148645,0.927912930416498,3.756583517195897,1
3233,0.8577289917631429,0.0,5.102211312662222,1
3234,0.24244798652594382,0.39190709707801896,0.06687400363542156,1
3235,0.9003769039533599,0.0,5.1068738865516785,1
3236,0.3528440070831568,0.8333625050011129,4.655717474357475,1
3237,0.7153150728649595,0.33373948769706163,5.7364733076088985,1
3238,0.747174161886193,0.007299294310403392,5.709264913095981,1
3239,0.3785990585928666,0.4385820392985618,4.186550844837646,1
3240,0.3056516465211835,0.07246357264611786,0.14354610120415978,1
3241,0.209440708598796,0.20180341816537017,3.2442854001216856,1
3242,0.7348675784968379,0.8546588852132511,0.6890710452468602,1
3243,0.40691866612861416,0.9871175897399159,1.3584670436813089,1
3244,0.6732384679867929,0.0,5.005248111138281,1
3245,0.9901949414181445,0.8913686314105763,2.26541138366115,1
3246,0.9812833835828216,0.5564708203352601,1.8762051096422583,1
3247,0.07671937302126319,0.9383110893835939,5.054413369625697,1
3248,0.1697252273322389,0.37590879855522435,3.9772208281636936,1
3249,0.0,0.1122890095253177,2.3943674808088784,1
3250,0.5888997596991612,0.7777601461083327,0.27414216346576487,1
3251,0.7226918697724765,0.1075025800692261,0.5732337872626829,1
3252,0.4874962538043698,0.0,4.156653696486502,1
3253,0.3997667769109617,2.553347776584734E-4,3.808056828976179,1
3254,0.6343915370309541,0.0036319010276534983,3.1632653017150973,1
3255,0.05839816010489531,0.9284965837903189,2.2938710143588144,1
3256,0.31267352314459257,0.6775713195540384,4.629324017820125,1
3257,0.438539927925006,0.4246363062656435,1.4732861513461069,1
3258,0.03287387821098977,0.9999469543962396,1.7528605804443749,1
3259,0.8996887645257202,0.9927262563379434,6.0583893449533495,1
3260,0.0,0.33791538775889113,3.154024643348792,1
3261,0.7130678470101548,0.7731433564447887,0.9647408934806555,1
3262,0.0,0.6019013782467062,3.3677974085679416,1
3263,0.5357246936340577,0.9974237599503731,3.279182648651747,1
3264,0.2029863535043,0.6053185982385927,5.523583371914092,1
3265,0.9365864298437714,0.6328735772584728,6.1577355911675085,1
3266,0.5068817061401802,0.3962321448770579,5.595418161755269,1
3267,0.9884772430660723,0.22338139039490645,1.193339689397103,1
3268,0.47503955775680695,0.6258145891599413,4.159789868473288,1
3269,0.0,0.15027215800457058,3.799427741480482,1
3270,0.5866549475883309,0.6774826639005003,1.2382607411185567,1
3271,0.5919832307765783,0.10862450207822667,2.941127117557509,1
3272,0.7492564620299592,0.8650509545299142,0.09352415401194997,1
3273,0.0,0.3437892318325292,4.6468259008612565,1
3274,0.44485703965990914,0.7615321200671912,0.5720898769347197,1
3275,0.936061173168217,0.5358937765671478,2.563022574552566,1
3276,0.007986044781326574,0.22400181197435098,0.4158178308695138,1
3277,0.0,0.9208966645778837,3.146898200662498,1
3278,1.0,0.13912088097756348,1.110446765614698,1
3279,0.04953738918739955,0.5836214238537111,3.8598125618015673,1
3280,0.46571310507305325,0.9804985900160835,6.186905068461551,1
3281,0.6330457086051113,0.4308556736468646,1.119411279428384,1
3282,0.8811554887874712,0.7873978633735776,4.646351574896183,1
3283,0.26915633732688204,0.2984970303417366,0.5313450659181596,1
3284,0.11727584436951992,2.649765383802568E-4,5.006116145059446,1
3285,0.6366093745764947,0.37271958902629243,3.199322092993156,1
3286,0.34039246421320657,0.6277168414079949,3.399439754146692,1
3287,0.35996867247272885,0.31521193302186395,6.163022983966506,1
3288,0.9626510556530574,1.0,2.7905030650397054,1
3289,0.7953651500991296,0.3529904117211917,4.077071494910416,1
3290,0.05021603469527029,0.7506712629882177,5.766998368753269,1
3291,0.6303104319787811,0.6788034364401598,1.0488821897943574,1
3292,0.2969784206895373,0.9305057316092462,0.12163620180893041,1
3293,0.7633716270733729,0.7121118359351802,0.3690381813659661,1
3294,0.07630128833388528,0.004036603120405621,0.10738440761986637,1
3295,0.2557485983460845,0.79065148334723,3.8934646196161435,1
3296,0.5447546391090239,0.5609304703624465,4.068360417494675,1
3297,0.9996819583836476,0.432632292421355,5.712603141411794,1
3298,0.4834576682680506,0.004399978836119928,0.39450947849929924,1
3299,1.0,0.2903808752611811,0.26735858417583125,1
3300,0.8880542268929751,0.9066757953071577,2.5579859249156387,1
3301,0.4428642909307374,0.0,5.079163053756893,1
3302,0.204458962870556,0.7648364429144732,5.12357181938039,1
3303,0.3195104193089329,0.712379531396827,3.453610340709967,1
3304,0.49427676311875857,0.7003586408578132,0.24249248300104054,1
3305,0.22483643018113772,0.8020560647612306,4.181025643699286,1
3306,0.7638307070008279,0.14882532070445986,4.578716930945381,1
3307,0.13878763017808018,0.4548516151319213,3.7052545040260725,1
3308,0.10946111393944796,0.49150516444487147,2.625047245635085,1
3309,0.7240660452792451,0.2549613299757606,6.18679638092715,1
3310,0.9664254914999588,0.2955990632017108,1.1398965407579706,1
3311,0.02389017628049802,0.7165286215001252,1.024854197747958,1
3312,0.07517980020331967,0.10295675557868295,0.793107551776474,1
3313,0.07927017625976723,0.7163239943679832,6.007578611595484,1
3314,0.6858831539787333,0.38653973282395415,0.7612682018396555,1
3315,0.02976238286444252,0.5294367965153612,5.833168285273105,1
3316,0.6862598182429634,6.164743014157718E-4,5.24964674082038,1
3317,0.5740957369222583,0.6823768026210452,0.1536077311706866,1
3318,1.0,0.08424228216709286,0.20669776695094103,1
3319,0.6490180500388205,0.7867601595836612,3.710570944278783,1
3320,2.4550399397491875E-4,0.05951752942608787,4.240043318337583,1
3321,0.6248336471014325,0.2520815858278253,4.295311680805754,1
3322,0.9285980572343648,1.0,1.1580439867738497,1
3323,0.13939097307257026,0.6863271802716943,4.174040370093447,1
3324,2.700043684976453E-4,0.4353268455051361,2.69683006552025,1
3325,0.0337714444011969,1.0,1.0025160434215716,1
3326,0.14377796287383401,0.7400531746537868,4.371378014420899,1
3327,0.0,0.323020230654405,2.5664754591334065,1
3328,0.42954425802477514,0.385388981254572,5.329191080632009,1
3329,0.8257632270707441,0.7996007597910983,1.3735704979988599,1
3330,0.5853921326819969,0.3419592113065912,2.1117252971916973,1
3331,0.8699819750181481,0.5344988536182327,3.852990579604186,1
3332,0.3664177464282849,0.4177632641270214,4.27839994178234,1
3333,0.6056594877042257,0.9999591313057922,2.531948971684232,1
3334,0.20149697677021322,0.516921787198187,1.4433862290561486,1
3335,0.0,0.16512619881381865,3.209795741001791,1
3336,0.657119894876505,0.057364639648369575,5.519920361382036,1
3337,0.4351686489989721,0.5588160114488293,0.5686492697347277,1
3338,0.984075990701218,0.7287748560209178,6.204536123973474,1
3339,0.0015210985650546942,0.845205620522657,2.43525229077455,1
3340,0.849107398596143,0.48419707672118495,3.2872500026276605,1
3341,0.18575366767179108,1.0,0.5763917033641317,1
3342,0.8198370275347893,0.04681770862400492,3.459422389106429,1
3343,0.1828711086066505,0.95071081071766,5.941479734151869,1
3344,0.6670519614692771,0.5747239778080611,0.5405992101249851,1
3345,0.1593364225803999,0.9077453066360431,0.322403865465812,1
3346,0.5170872838649985,0.6013737770318616,2.555760009019426,1
3347,0.0034073283162960695,0.03430927756065823,4.643564224464803,1
3348,0.7465419249388218,0.6895365671112672,5.4265662795038985,1
3349,0.707393391243621,0.8124977929480149,3.8879765760482234,1
3350,0.27870091460006097,0.5212281000054485,5.502905312649594,1
3351,0.9990637566985152,0.9411708202393069,5.488843543169121,1
3352,0.9988387026764525,0.9475555171185844,1.3516513163536388,1
3353,0.14297217973863957,0.03004415502944057,5.101873614560864,1
3354,0.08641365860408831,0.695503322016683,5.883516499690286,1
3355,0.9983381687525802,0.38680909649288103,5.159196352581213,1
3356,0.9993343635789274,0.6832176767399333,0.8217231177841626,1
3357,0.4708300472058694,0.14856596215611034,1.1549082598535696,1
3358,0.03873117762231675,0.9980773845566373,6.096783933120309,1
3359,1.0,0.2989128955302316,5.29452413984648,1
3360,0.31967694134623265,0.376709139818721,0.54427375730751,1
3361,0.8075201142536016,0.5200802780095762,3.614407955771852,1
3362,0.22074220079795345,0.21376165133440303,6.0464980350341815,1
3363,0.703903509156667,0.42661020608784433,1.5639088793422788,1
3364,0.8406877185850596,0.14394179523820277,3.6509629310436957,1
3365,0.6657811850043915,1.0,1.2749083091347495,1
3366,0.45824128821553145,0.3061714157548924,1.5007920090549314,1
3367,0.2604763248545783,0.13697561133387612,5.833986096911867,1
3368,0.7210946229753606,0.9816934566569454,5.559045853313392,1
3369,0.8357260190823369,0.7993935827779607,1.2845878143999676,1
3370,0.029616155463665573,0.19898270644623883,4.208970789724304,1
3371,0.549260565696117,0.4524099710217387,4.076598585886952,1
3372,0.6862126138395345,0.4403984714467433,2.5482188289139067,1
3373,0.7111138602336627,0.9996910128312041,1.1688768639537845,1
3374,0.17452992195736888,0.3863493754963678,3.314499281754203,1
3375,0.4452345378647993,0.9264970285084135,4.521359504597199,1
3376,0.03289925261162409,0.7431984520063191,5.007783196179347,1
3377,0.4631473301493448,9.018940922952948E-4,6.108054003509952,1
3378,0.9901007924949252,0.5344560180221886,1.5179473874391265,1
3379,0.40967816587544775,0.41886704946957914,2.257781884837459,1
3380,0.7656999242884316,0.24166667564092983,5.119528963571491,1
3381,0.0,0.2233657345125527,2.2555123569529685,1
3382,0.4056702914766183,0.7358494418537594,0.6712137545865806,1
3383,0.06243175103507035,0.9619421060665274,3.269474625270821,1
3384,0.9467170926186977,0.7159798850150085,2.8790804655023137,1
3385,1.0,0.012457829616238125,0.02097389437961006,1
3386,0.8500047179345448,0.6983704310893758,5.761757616281369,1
3387,0.9018953988452424,0.9912797511290221,1.50320779349388,1
3388,0.5505746968929707,0.34858684676011675,5.802707282287746,1
3389,0.4171957826319726,0.6869694658643695,1.0028125410402429,1
3390,0.7831938844609635,0.07967063729396663,5.814214673342313,1
3391,0.27418651027674773,0.6158868672291187,3.0647509484103335,1
3392,9.798962300381952E-4,0.5994989841211773,2.335651686857549,1
3393,0.08068837558693427,0.03120441682392332,2.8582338315684885,1
3394,0.29593329600178975,0.985111794670847,3.5679591665024497,1
3395,0.7928476890936519,0.4775605052498437,3.7668502740369676,1
3396,0.3106532166684962,0.9238378501987062,2.716623058193681,1
3397,5.377199371491279E-4,0.2017700519807979,2.1875363831590495,1
3398,0.9989763027098874,0.9215475041316801,0.1000864259294931,1
3399,0.17685634035732992,0.24216697850246832,2.633363527606484,1
3400,0.1688866725407853,0.420222511682214,4.994645483699737,1
3401,0.6630936760187942,0.5074475099851579,1.1469700144311312,1
3402,0.7245665576855017,0.7055552198790774,0.23808590067208807,1
3403,0.0,0.7277260752832136,3.110534333691261,1
3404,0.08709140318910275,0.4945374961924518,6.175704554018553,1
3405,0.40334348449729296,0.8248288519191428,2.3896052093664255,1
3406,0.02827462005624644,0.06508146526279453,1.820546959530554,1
3407,0.9303150159830598,0.003075080936018592,5.97451049786925,1
3408,0.63583227234514,0.7380504981452782,2.9307760569247723,1
3409,0.7288499164452746,0.2568384035616043,4.822147249195724,1
3410,0.8045005122517599,0.007301646313001329,5.728121479859342,1
3411,0.8477827361346122,0.5228823641597931,0.6991399742623723,1
3412,0.9689506158290694,0.9494477019009289,2.9078993564095397,1
3413,0.0,0.5838644960105123,3.159704083288427,1
3414,0.582070052547789,0.23591649970859085,4.869428559924067,1
3415,0.3922771537056,0.9132775563254235,3.1819478432307435,1
3416,0.16300835437849764,0.294734808194721,2.9284068523251197,1
3417,0.9995932862444785,0.5014409842096711,5.567971506155547,1
3418,0.12739501286090565,0.5147439498590435,1.146201702027878,1
3419,0.42054539366507265,0.8427108856782168,4.268373378931144,1
3420,0.3457301863531098,0.16528763272218838,0.7274950572950754,1
3421,0.0,0.6809833922284819,2.1012221671682267,1
3422,0.0631636986845244,0.8423725496859447,4.59526190132591,1
3423,0.0,0.5181350269394799,3.1283094539568514,1
3424,0.029494760169326388,0.46014853450562465,2.9425967509277053,1
3425,0.0,0.4360440795286983,2.492276138498685,1
3426,0.5468099384159404,0.17515324252564124,2.6278537703884237,1
3427,0.024847543248957434,0.6495293187889147,2.0869188622640236,1
3428,0.006251585167585852,0.7706711844399493,1.2056513241265767,1
3429,0.4079089672350357,0.9043044529215116,5.811995897393386,1
3430,0.7627792853895633,0.0,5.151345438773491,1
3431,0.35109089242651537,0.9565741038582359,3.57706508214501,1
3432,0.4628407496125961,0.43083985078718695,0.7032630115060339,1
3433,0.3515718083595249,0.36501585537279807,3.5684554413642053,1
3434,0.0,0.04584874386126685,3.3445563757035135,1
3435,0.9984218811995227,0.2942357118865729,2.5067395213856765,1
3436,0.5497891296450024,1.0,1.7934504875905737,1
3437,0.3705381172383085,0.9154772160552792,1.653040052088531,1
3438,0.7382046810990978,0.0,4.361497135057426,1
3439,0.8152822922403343,0.0,3.7039189569921636,1
3440,0.8126065173480851,0.9659054989163126,0.5991206679220444,1
3441,0.9734642862337203,0.07883748604939642,3.9412967940459995,1
3442,3.926848036434334E-4,0.2200827493598401,2.8817758058591814,1
3443,0.9740147762816415,0.9671027257274755,3.3861574802723386,1
3444,0.6223041027560263,0.732600313750939,1.9333786487736904,1
3445,0.48113343724816104,0.34685234850956975,1.105380985792664,1
3446,1.0,0.7687842662813671,6.047541747906931,1
3447,0.4360852163016659,0.8985340583447722,2.4974419245110973,1
3448,0.13274331840621403,0.9123914751773897,3.5381355501805034,1
3449,0.17763116993599876,0.09059503778425126,6.059719658504159,1
3450,0.04406642528883905,0.5060633977910853,3.3294034554282224,1
3451,0.9699667763225797,0.21516390100386196,4.742627979947972,1
3452,0.7178007410576133,0.37171072706165975,5.180814590998518,1
3453,0.4896086855893873,1.0,1.8086857862347867,1
3454,0.8345532696159911,0.6585655078133628,2.0121364208587895,1
3455,0.8932017247944506,0.7293597432452296,1.0107083556894052,1
3456,0.48928495661927157,0.31218646788321125,1.7818776840531725,1
3457,0.2458096336639995,0.06836962628222347,6.220340036919828,1
3458,0.9937170070792367,0.704172028804593,2.193431095107881,1
3459,1.0,0.43822843859659166,5.151432427366012,1
3460,0.1255117877581316,0.4002733166869699,3.286230495347522,1
3461,0.0677482127628273,0.6721189636557657,3.703486028358062,1
3462,0.590600631559579,0.9370599515697136,0.36082635550907916,1
3463,0.008239554433461912,0.7170524000150564,1.9187291484105014,1
3464,0.32125537583142794,0.7103869125031825,6.052902694992563,1
3465,0.5709205573583983,0.8139503344365427,2.3335281349417425,1
3466,0.7384208898855555,0.8284615954209361,3.326167291279145,1
3467,2.2121245528154286E-5,0.4740679943805524,2.394106945069778,1
3468,0.3900963415369559,0.943029577024315,2.4549101917276523,1
3469,0.7041600523499107,0.2641119112483346,0.769303638212923,1
3470,0.8675421360517188,0.43624852811035,0.14068037965189306,1
3471,0.03790625182196276,0.3037091660312216,1.7060480999644658,1
3472,0.9105216253982006,1.0,2.8482651625982913,1
3473,0.5976596945926244,0.9332120841250408,0.36630177194456254,1
3474,0.0,0.6906104873901024,3.269782694359425,1
3475,0.5885224335130915,0.29511892855564326,4.411170541138936,1
3476,0.08661186179370402,0.7555256729791983,5.825630596784495,1
3477,0.8354014286393854,1.0,1.4492734756335441,1
3478,0.5142266395516917,0.6611457129123344,1.3548306700914396,1
3479,0.19196830783859894,0.45467948098709277,1.398785749670286,1
3480,0.6404033017990958,0.0555587719215683,2.53275527403485,1
3481,0.4680474369110693,0.7104176872975636,5.56267606820198,1
3482,0.9107306180090844,0.2170106352992644,6.169878193877898,1
3483,0.4555234301098642,0.9509147344992124,5.813304774973048,1
3484,0.618480181032004,0.48236449817172894,2.7841937195621367,1
3485,0.1386784460670966,0.6226220032983573,0.755704936586188,1
3486,0.4496924951688201,0.25806497373298865,6.085195070790602,1
3487,0.4022935257857341,0.5716208821129576,4.735894614493511,1
3488,0.17426439395787818,0.0302843561537307,1.1715533524810215,1
3489,0.09790266005045914,0.28448009010151765,0.5537832873886818,1
3490,0.847865808953337,0.7044440314474149,4.271803313680783,1
3491,0.0860947766844545,0.728242344245087,1.9936838985571161,1
3492,1.0,0.6523172680023142,5.908976560233594,1
3493,0.7016921280217451,0.9831821327311977,3.0982149462282513,1
3494,0.05415785250026406,0.12084120643105321,5.805239437560844,1
3495,0.3227592463793704,0.1897038031363826,5.872061020810054,1
3496,0.0,0.9375118679609598,2.4512264406440356,1
3497,0.7165098601780893,0.89150802161419,6.203048250546827,1
3498,0.6917230412678255,0.0013994071227914251,5.938118609230524,1
3499,0.39413661689360846,0.4327878096455263,5.297727290435334,1
3500,0.6017614473423434,0.42341822269275203,1.9612902036247164,1
3501,8.42275814624024E-5,0.25374713770622653,3.6528981874824376,1
3502,2.5713797726243477E-4,3.7592806829090156E-4,3.470993910171173,1
3503,0.8581882774960199,0.3793573856133239,1.0653001697522475,1
3504,0.9993870530913171,0.7557777693436085,0.5229139242902962,1
3505,0.06736387433737448,0.2028917308952244,1.4672368630999435,1
3506,0.0,0.0011587663554956812,3.1071826126021618,1
3507,0.9993900890570828,0.5769907719225322,5.933036041586018,1
3508,0.9250890568584645,0.5594031121073504,0.19485788968082135,1
3509,0.0018869733930673308,0.9995675302342786,1.6604617314675278,1
3510,0.07453067532884051,0.4050435029183232,4.064870869592611,1
3511,0.9980603389426094,1.0,1.5833487807205364,1
3512,0.7511555804318111,0.4798672862895496,3.4953151106058713,1
3513,0.25274244135871404,0.2569827555938398,2.1091722747917845,1
3514,0.16299201995827867,0.48611188843287223,6.011502357030648,1
3515,3.730760313618184E-4,1.0,1.6477173411186097,1
3516,0.3155224367703961,0.9397576067593567,2.56903996589966,1
3517,0.8583797307860757,0.7262931521592533,5.942122014851679,1
3518,0.8568155478307813,1.0,0.12189311170988668,1
3519,0.004528626721211376,0.6612473848651036,5.343570497344721,1
3520,0.6821981587912577,0.080118149457449,6.0311755799198625,1
3521,0.9378211708880398,0.8605818402598019,3.86344142003481,1
3522,0.7325169281018431,0.9362278899274357,3.0616705104833812,1
3523,0.21107476637823036,0.4702897195149153,2.6692832946798166,1
3524,0.7136257345329199,0.5600700072385063,0.5048833690729986,1
3525,0.7962058864271551,0.2737557829206908,1.3858323527787602,1
3526,0.890484321464001,0.9991729439444491,2.401539244561348,1
3527,0.7423047453114074,0.45666062746214947,2.2532007098015026,1
3528,0.08820593052349873,0.0,4.88235455154709,1
3529,0.3519948877586462,0.4885983960776455,4.771834604962053,1
3530,0.6016175412293252,0.10972602555262395,5.587638421286758,1
3531,0.46422434293517434,0.13246567470021275,3.6476258028673443,1
3532,0.041037994323793764,0.2658153765572046,0.3916738473977454,1
3533,1.0,0.15117177471285573,0.686994198217151,1
3534,0.36007411400720385,0.6842905723354199,0.3660003742388667,1
3535,0.848023167275629,0.7180379548802617,4.439748712620879,1
3536,0.8949536349084067,0.2062329467172422,4.7225156095109435,1
3537,0.18693043965587972,0.9673547242328343,0.1884202343048596,1
3538,0.35517218762872177,0.22245239720392293,3.000342143855919,1
3539,0.48299871364717345,0.46575446547555965,4.162465766691385,1
3540,0.753392336786281,0.2779700529954256,5.837780302731648,1
3541,0.8142802362053677,0.521649857190636,0.0076274614220741555,1
3542,0.032696712202392036,0.012226501322724626,3.0104371052822287,1
3543,0.6537104089788768,0.0,4.561148819251118,1
3544,0.002859359326182907,0.5882243247354956,1.1455229154419897,1
3545,0.5723812701383353,0.15594378122219868,1.6393532691636576,1
3546,0.11591756019786142,0.19814971575586912,2.245770569551116,1
3547,0.9987755200949956,0.3387885854300716,6.219646968393263,1
3548,0.5162914622250712,0.0,4.524213931901223,1
3549,0.873292590416279,0.0,4.92820512356328,1
3550,0.41448201533888485,0.761640742028507,1.0537060615403797,1
3551,0.5597528397022614,0.18214505122827918,1.357804888648265,1
3552,0.8552541768435769,0.9625609528860035,4.44498450304847,1
3553,0.44485902663423754,0.07463232767169332,3.0391270642660344,1
3554,0.7774525777125502,0.23446372888166903,4.037056328154707,1
3555,0.7936619927543614,0.42749090433892645,0.32103548764052436,1
3556,0.12814063891373062,0.199836944957904,6.20504782874076,1
3557,0.9756754061455574,0.9990795414466744,0.26939354863406184,1
3558,0.8133169319582173,0.7363689881756388,6.008673202337046,1
3559,0.007673797430458099,0.450103826800558,4.622547096869338,1
3560,0.20439730621065552,0.005145119434424162,0.3924920842115759,1
3561,0.7289191099690907,0.13387470244301833,2.180206459840444,1
3562,0.9338815474889699,0.4684108943135518,4.960095262539509,1
3563,0.9996498511168048,0.4012819083178162,1.555599431101514,1
3564,0.7283467626701869,0.7201266032193332,4.334901869202986,1
3565,0.454030457695261,1.5684879010393178E-4,3.3229836322815562,1
3566,0.3899171323674406,0.6509701253101081,0.4844988138128833,1
3567,0.003033118340370047,0.8402621431874334,5.233345321738446,1
3568,0.5754841270409015,0.37027477633289735,2.1627215289324413,1
3569,0.4947729942415324,0.08133117501810856,1.7189411338074299,1
3570,0.6022006266510267,0.6580632347555206,5.7055998493015405,1
3571,0.21519558887895554,0.48559119592735644,5.9560128495664255,1
3572,0.8597848990592701,0.7122588073596429,1.1012182179723227,1
3573,0.5424322868392304,1.876972616230301E-4,5.139959321757743,1
3574,0.8208625835880377,0.8353553158859753,3.7079869136579022,1
3575,0.9817094353001589,0.6564051258115436,0.08696297725907964,1
3576,0.12714610122138986,0.6239716283341612,0.23401195756107768,1
3577,0.16363253163079355,0.6095175007669682,5.83936996716856,1
3578,0.22514642804198948,0.5582137202121803,0.33498365333376967,1
3579,0.2751871647618823,0.8031162228146668,0.5439192341086083,1
3580,0.44024270193020987,0.7748573893621018,4.946570286769833,1
3581,0.22986873627375853,0.976765675164013,1.9837741217562859,1
3582,1.0,0.560780350432471,1.385232775593115,1
3583,0.9984029918654569,0.25046708237857135,5.560512651400067,1
3584,0.3925624577790878,0.34916576949356165,2.7186978307521876,1
3585,0.6006413192953903,0.0,4.010240169340275,1
3586,0.02750346557924364,0.6622194077891101,4.123804475128339,1
3587,0.7844413332406786,0.05370513353485771,1.6103633518579963,1
3588,0.9135262060289873,0.380873944198525,2.2394262231482585,1
3589,0.6538017372230622,0.4757465172106822,0.5076164279793766,1
3590,0.5271801854290584,0.00246267974328903,3.3629974793898616,1
3591,0.7066997982646713,0.9996572996494213,1.7758178328751315,1
3592,0.0,0.33755333169744134,2.9103897478420544,1
3593,0.6467839531857361,0.45140841625397926,5.963270919742414,1
3594,0.0,0.7908164474384611,3.7750832825564884,1
3595,0.0796932624781953,0.023940762935731174,1.0116526648864257,1
3596,0.5444487765122281,0.9725216659861516,5.701951985474569,1
3597,0.23745858760150484,0.10644103750062177,3.539700854974106,1
3598,0.8909775750158068,0.2250478270662595,3.2960085968136634,1
3599,0.792863188850984,0.28710796367688185,6.123170319525059,1
3600,0.7212694390055998,0.5121898263223017,2.4012183769051387,1
3601,0.21826896347322694,0.6669636731138884,4.148016379728651,1
3602,0.7249712093587861,0.97942517529671,1.887602914910612,1
3603,0.0,0.06711032808374567,3.7076238366537724,1
3604,0.18722672034846632,0.23277978935762314,3.7387308604801257,1
3605,0.7591509380925008,0.9165234073851002,4.785462525822677,1
3606,0.024956182441180735,0.372382067102374,3.6776596403819095,1
3607,1.0,0.3939943944297888,0.2931039346763509,1
3608,0.852811290401716,0.6746621449809156,4.357336615148046,1
3609,0.25979662596448816,0.44246614993805394,0.5031175035543674,1
3610,0.583713867450795,1.0,1.62447405088386,1
3611,6.20843579736658E-4,0.0,4.066715708932502,1
3612,0.6931439916979877,0.12624960941971192,0.24731363614314236,1
3613,0.642678851986223,0.9676355622774822,3.0911153958117823,1
3614,0.3361271999013724,0.3128099849357221,1.2839472258804574,1
3615,0.017848408182090335,0.19039408331140606,0.8131661859937143,1
3616,0.6636090824672629,0.0,4.086683488784745,1
3617,0.6232233194983685,1.0,0.6261798832178069,1
3618,0.3461127671858958,0.3282496381792413,6.2027787821900855,1
3619,0.8930487179472867,0.09872297146912298,4.035939099732305,1
3620,0.5055540828999006,8.428359401326296E-4,5.250118970834696,1
3621,0.5960192483156974,0.13885853242985283,0.2612966139878193,1
3622,0.5475272482050972,0.36611397553853664,6.1715746758078875,1
3623,0.17893271164528973,0.0,5.203709069824911,1
3624,0.19558129954778206,0.2041031194207866,2.006170693899401,1
3625,0.014078342450977582,0.48623560658082876,1.542466201243699,1
3626,0.7018699109754232,0.806777732933047,5.985464975153647,1
3627,1.0,0.01423699908513942,5.567405283685771,1
3628,0.4194771893210378,0.9658075535732903,3.388390711059296,1
3629,0.6867409355711479,0.22621777062790935,0.020688229418637682,1
3630,0.5636225625942207,0.7508691824997223,3.7885387613759023,1
3631,0.43256187163657617,0.6314636328568073,3.0570345542785478,1
3632,0.39166643998044753,0.5115984303913874,1.8951155156574941,1
3633,0.3872002562949758,0.8502691195210621,1.0852362785933347,1
3634,0.0,0.8202062902892269,3.836912607165977,1
3635,0.37917613774843373,0.8995282324022927,4.347511418163072,1
3636,0.2123855682907108,0.6423691423617457,4.058779255770499,1
3637,0.5388818141522609,0.9187273030831723,5.4744309307371415,1
3638,0.5361325232830391,0.35385837064565034,4.6534124864012325,1
3639,0.13566200308393472,0.5586321845627893,5.3741642839250146,1
3640,0.9999209587603359,0.1343310389423393,5.919596939411093,1
3641,0.03933933087875136,0.0044087697116312816,3.6943022392429645,1
3642,0.21614391213760978,0.0,4.506297447434216,1
3643,0.836511165100942,0.11649670325751782,0.18807197542649104,1
3644,0.9737664989298699,0.6942282987243913,2.096036458978143,1
3645,0.8392233212026348,0.6549361257569031,1.8439975937342095,1
3646,0.4190069304306366,0.09986992243215248,5.391591586121546,1
3647,0.005144460873606614,0.043092605128240036,3.087230953208662,1
3648,0.05554030045272609,0.788171540875803,4.907448551912232,1
3649,0.1692267787601442,0.6549033065651026,5.806155272063065,1
3650,1.0,0.102435281828253,5.594706088507459,1
3651,0.4306501439466558,0.385046456309772,5.247545516027412,1
3652,0.11893099972036686,1.0,1.3670582793755968,1
3653,0.22757334589854297,0.008080397802368862,4.348059373237554,1
3654,0.1875976945266309,0.2996509855076313,3.1722935957667127,1
3655,0.6040981382018985,0.28051556532993815,4.267717518263262,1
3656,0.4516576408179604,0.0685225392031978,0.10424599575763316,1
3657,0.5417356074771668,0.950409393448469,4.93631732669338,1
3658,2.3468784511836767E-4,0.9424068164925038,2.1150974323300504,1
3659,0.6952534024901689,0.9474646637020233,5.06936440927857,1
3660,0.8001864101633994,0.5305166416628468,2.2338302212483336,1
3661,0.5603036329287192,0.26958466030333034,0.14944559937961038,1
3662,0.5928890208364652,0.17371822960730213,5.507635628919637,1
3663,0.9990241674694822,0.7658578427197539,5.889326886647678,1
3664,0.5801607988253258,0.32380162576679616,2.656233960055713,1
3665,0.5993329392092284,0.022154766291110593,3.777188488086805,1
3666,0.6458006784440676,0.0,4.428292677067991,1
3667,0.7412811164200982,0.0070228105209857545,2.3309023191559786,1
3668,0.8721757910843477,0.07527062145543416,3.3539517486454984,1
3669,0.09721474670826978,0.24608530336405707,1.4103042319793788,1
3670,0.004473434182638244,1.0,1.0146588738421052,1
3671,0.18978642356956013,0.9415981731160686,2.099774957153982,1
3672,0.36549374827091247,0.48453206664071186,5.5373879333040925,1
3673,0.40120072911439525,0.5367733135720858,5.099134783467808,1
3674,0.18889277824373596,0.0,4.3889626204745715,1
3675,0.712494946519797,0.6350518336819028,1.3375406745142768,1
3676,0.8056719428193858,0.6318677217071423,1.8616741223633568,1
3677,0.21076684352165967,0.7343669967481281,4.67399287788188,1
3678,0.03542809286399353,0.6909034623105872,5.152516183948832,1
3679,0.7349654884019272,1.0,0.9041032078408215,1
3680,0.08680940320446183,0.9095168137308265,5.614105604170302,1
3681,0.2063489219114296,0.3581911294782761,5.554571728900612,1
3682,0.3561931919405096,0.09901313872889592,4.543539082055629,1
3683,0.07408290327333454,0.8335918111956513,0.1952638283653177,1
3684,0.0014400300830633328,0.8878569350231788,1.567589929063732,1
3685,0.9118233600648372,0.9318745227617936,1.050805267122689,1
3686,0.7232890437519836,0.888716239195422,3.945224933473391,1
3687,0.6880738639856976,0.6392078429493901,5.920193660319281,1
3688,0.6940924166658601,0.9997741490274875,1.957169064845318,1
3689,0.8922790372579732,0.25684979144791126,5.659004818468297,1
3690,0.2985560121289817,0.917625430719732,0.2983258117508338,1
3691,0.9046606317440312,0.7476565250369827,1.037388431150165,1
3692,0.7628090133996396,0.23948445446898015,2.681329659535639,1
3693,0.0,0.7087952412831664,4.454723609066687,1
3694,6.583310291190782E-4,0.37207107549553603,1.6886749441968574,1
3695,0.18410479217639472,0.0,4.7419566380285385,1
3696,0.5549154110624005,0.571672581244805,1.3774814235595625,1
3697,0.023535961406273544,0.13567139784335458,5.943993548131155,1
3698,0.021597101098093832,0.5019913045388072,4.770070994698852,1
3699,0.2844631610586929,0.5980531255444723,3.349593664865184,1
3700,0.6213874548183345,0.2748517061005072,0.4588968741057797,1
3701,0.5757317161973295,0.7394736761979723,4.368837389110872,1
3702,0.3272437650892928,0.9835029863863762,2.980623419958221,1
3703,0.8849457214716487,0.7625861706903087,1.9015407122819623,1
3704,0.303511196539678,0.7884163426558749,3.5761415061525357,1
3705,0.6858229744194605,0.7122694636423873,4.876963250363916,1
3706,0.6988942675694798,0.3864715903512012,2.1240075282771023,1
3707,0.9046720261103097,0.23429306207082204,0.6815198043330669,1
3708,0.0,0.8532664326863938,3.604570702369257,1
3709,0.941530096067037,0.15122537705361827,0.5251847471657445,1
3710,0.7240474018993875,0.47500634269293573,0.33086134471235795,1
3711,0.4676406156896286,0.8010854891763614,5.88371280795631,1
3712,0.6973566563107422,0.6343117400008852,4.975717571250057,1
3713,0.5271924585159169,0.9709642520734334,0.8354767662397343,1
3714,0.026282910893095018,0.7846438817437805,2.6127615103072457,1
3715,0.5917538420821508,0.3324516539854196,3.895891448257359,1
3716,0.8462308918964924,0.38349152838927447,3.498453074822268,1
3717,0.960239371944101,0.37862920463724126,4.797087448873255,1
3718,0.8368127771222137,0.052323810585635996,2.962209901373984,1
3719,0.5631907263656967,0.251461039904245,2.796879150978777,1
3720,0.5659089233243203,0.13999728260007666,3.320877165956747,1
3721,0.6572610704655051,0.50151265659158,2.8968234031256124,1
3722,0.9682605104919243,0.4824229160214691,2.6961824294168895,1
3723,0.6310788822949064,0.46387148374946063,3.961113877227288,1
3724,1.0,0.10656975539073636,0.9012302913810628,1
3725,0.7662955881962339,0.9993600807612383,5.435366610249194,1
3726,0.6131438253004624,0.03992521300038794,4.020471146671187,1
3727,0.5841295972241904,0.3200260448438781,2.447805390710416,1
3728,0.10504254948788858,0.7603857947621526,4.341476518566386,1
3729,0.4059265853737268,0.6816820137173635,4.771684483498849,1
3730,0.0400800846556391,0.38380458121864314,1.2678005193118684,1
3731,0.7011402765283561,0.6731916535627545,3.315746952254184,1
3732,0.7536002346194972,0.5441118444156626,3.113614379838216,1
3733,0.9857975195545191,0.46418879815669,2.073770917055062,1
3734,1.0,0.6343052869945722,6.065107986835703,1
3735,0.8768299755419661,0.3407758865615304,3.805545015591753,1
3736,0.738466432221711,0.06554191916044813,5.232324818832985,1
3737,0.1587772187847533,0.22985520628287487,1.3300548334373359,1
3738,0.969458053709235,0.6329154097291465,3.433235541339687,1
3739,0.7694418031535712,0.8355005896300829,3.0181063120782885,1
3740,0.19823950927580142,0.7823714748982483,3.1974875605391464,1
3741,0.9351530649190161,0.5154439443703317,2.261776389063166,1
3742,0.6656228574935218,0.5443601627239223,5.50919626799269,1
3743,1.0,0.009975630446449939,0.14532316078719454,1
3744,0.20094457515488248,0.05103463090525928,6.139348335491931,1
3745,0.6936000547043059,0.18036799849960888,1.5809152405681899,1
3746,0.02409939849770544,0.9550324556853889,4.945397502594177,1
3747,0.8247060376467735,0.21801657878879363,1.6893984775852644,1
3748,0.0015239532493959132,0.19732430290830943,1.9044883306440075,1
3749,0.31697066609524654,0.5676627953828158,3.9591770586636588,1
3750,0.23698620204275547,0.995279475049156,3.6286600489069514,1
3751,0.0,0.48740236564551304,4.104853310323917,1
3752,0.0919891909767908,0.8332210027942135,3.8016972143497343,1
3753,0.5656973701909135,0.9328377603295929,5.472969816717916,1
3754,0.4684965915672241,0.6659052104304493,3.4701728392613975,1
3755,0.08345496653274209,0.15067911119847704,5.733269280246113,1
3756,0.6558267654152169,0.0,5.031778218670368,1
3757,0.5127910270100524,0.5606971544861922,1.336296007686186,1
3758,0.5018016121336191,0.4199300569492899,5.696147504215947,1
3759,0.8388690534937383,0.7617199528964526,5.709722866700807,1
3760,0.0,0.8753006458423674,3.151509033118856,1
3761,1.0,0.22347491458456586,5.376831077464396,1
3762,0.4428111473920235,0.3078649320102295,0.19416070640884903,1
3763,0.6980076622839768,0.8794975507157009,2.635917845676543,1
3764,0.6564412999744549,0.810310910319805,4.122748159014996,1
3765,1.0,0.11885092998643987,5.696840294539053,1
3766,0.9552721226108808,0.5605229438162593,3.6101734950475017,1
3767,0.39893284224647957,0.8758734756225971,5.888746627707998,1
3768,0.5377420543075088,0.39064056213822124,0.24825564862765026,1
3769,0.7984760246119074,0.765403217709809,2.445071869500916,1
3770,0.013237307608962764,0.11396192201299905,1.4751635343020848,1
3771,0.32833930283300194,0.6868262949494078,5.459435597839959,1
3772,0.8380963148744701,0.47085283779980547,2.5609986478165205,1
3773,0.07577102908530142,1.0,0.9096785661791962,1
3774,0.008073811389286818,0.7252672828641669,4.449682693755483,1
3775,0.34405128508153676,0.50431505926641,3.848409331503381,1
3776,0.23736415432719526,0.7272337309159818,2.381855308004393,1
3777,0.9672204825880246,0.6459458886617566,0.36672955179739286,1
3778,0.9482736633197962,0.1650435736011038,2.813292330884864,1
3779,0.7241507384517308,0.43678380147982687,4.016461495623769,1
3780,0.25660064668132804,0.3460734626876148,0.5244444423691156,1
3781,0.6386033755464277,0.20172083999351526,1.2050181635822046,1
3782,0.2398965479065023,0.011613931330645665,2.7568308003408637,1
3783,0.19314226944684013,0.08342975476045263,0.4749416508925717,1
3784,0.41307286688437694,0.015122406336698733,2.840404468856707,1
3785,0.2501428966326585,0.13399253107107562,1.460430305515431,1
3786,0.4499513132032686,0.4863031068239397,1.769521862884067,1
3787,0.7551073086784111,0.9994531570330735,1.2165424474401594,1
3788,0.7001058918221383,0.48072525969424773,3.6057816333379584,1
3789,0.8428685298842504,0.6252195893614696,3.1879938573460604,1
3790,0.1359450523405614,0.7838550074050787,0.6909462833544272,1
3791,0.43960072126036787,0.876753611276619,4.27674901784967,1
3792,0.33202206638829335,0.0,4.504320375992524,1
3793,0.8857336061957928,1.0,0.19766193970937848,1
3794,0.24941401034654637,0.2110876969758492,4.083547401659135,1
3795,0.3814365098328227,0.38565874634945757,3.6262800258319148,1
3796,0.40134413942029984,0.10281607265457776,4.648571394154739,1
3797,0.9729191046538554,0.986467783597149,5.774317796231776,1
3798,0.22151180925477326,0.5038980483806418,3.9388966668129477,1
3799,0.17410166722853326,0.14743570455177746,4.366933822696316,1
3800,0.007765394859953317,0.047762967518798896,2.092111957454537,1
3801,0.1986826746010364,4.99628998063841E-5,4.458283832463714,1
3802,0.0628998510632387,0.9981584355497278,5.87091000389841,1
3803,0.9989300207482227,0.3292352332322552,1.1228052130375583,1
3804,0.11275075744325294,0.14191299160053714,2.8255572578966914,1
3805,0.8705942519225368,0.5384194734861613,2.328165261484956,1
3806,0.6316534499484585,0.7540860025810384,5.8796809925835705,1
3807,0.7193378531878103,0.15526442836932308,0.6968089532459294,1
3808,1.0,0.07118721339209816,5.125949075883732,1
3809,0.423661289562737,0.6168011616935554,3.9018287562971024,1
3810,0.9988941169479912,0.8472325695566107,1.1839722378835291,1
3811,0.6650856236955314,0.341567714463236,0.3078950791351732,1
3812,0.14896451365119504,0.06701830087132614,4.299116244166379,1
3813,0.7628511136678362,0.0953675361344319,0.980834868815859,1
3814,0.5567764103698172,0.2563550372234153,4.66504524514372,1
3815,0.8684517150764731,0.8406640642885833,0.09571215718067214,1
3816,0.6170948769377506,0.8617287951004964,2.612745449870302,1
3817,0.027858192241643494,2.4695703165748893E-4,4.127990806093766,1
3818,0.6203606157813277,0.9898787602837207,4.366048448727432,1
3819,0.12669284297105088,0.3235084580987207,0.2818022949829231,1
3820,0.7003389033067073,0.4253208645545458,1.879121015734961,1
3821,0.9945932257178652,0.0,4.565917074557948,1
3822,0.18214584387045793,1.0,0.9990969687092118,1
3823,0.4455455369985051,0.965668183669109,5.124216827004409,1
3824,0.8237086003291176,0.7383906453008641,6.215107553133809,1
3825,0.8705948875133211,0.5915742037799968,0.3701522456300823,1
3826,0.6875927935718282,0.21599962046758633,2.9673623398380933,1
3827,0.01904285285419082,0.23427286083603088,1.0880598706051883,1
3828,0.6139354550486775,1.0,2.8535583796305604,1
3829,0.2388692644752852,0.5061822518798034,6.109556880681912,1
3830,0.35442153127808557,0.9148282947315629,0.07736297864818062,1
3831,0.12325644177107574,0.33500284047484313,5.893663361828819,1
3832,0.026256648834774843,7.136429182704226E-4,4.585397418303727,1
3833,0.6500864003423787,0.3157826773305923,0.6931582547160284,1
3834,0.6892506670523237,0.2025226922279265,4.344711301622705,1
3835,0.3609242720308621,0.3727877531982111,0.8490955816631722,1
3836,0.17664362525811186,0.6231648198487036,0.3353348389247369,1
3837,0.5078852567489751,0.6054233586777009,6.063120253756582,1
3838,0.9032430274778268,0.1254557985570212,3.5882528815772914,1
3839,0.09489876705211868,0.2680589964853284,3.3287581035486236,1
3840,0.0,0.5080422524068599,3.8699484109561073,1
3841,0.6777973041141356,0.270905888401242,1.8108007393453889,1
3842,0.9370200500810637,0.18252144614457877,5.358076033426866,1
3843,0.8952081728006116,0.0,4.740838363148865,1
3844,0.9995064878167571,0.09145675429820922,0.9006200866245887,1
3845,0.7656514946001262,0.49669476059637485,2.0328352654815567,1
3846,0.7502530867732236,0.8686949239965729,1.8261623042053563,1
3847,0.4984888709568169,0.9590436782907452,0.6389356868932796,1
3848,0.4175614858193091,0.38238297751190864,0.3777450135912605,1
3849,0.884757586799612,0.053253619561833276,3.042111049444533,1
3850,0.723377632491783,0.17021801441969925,4.544501828809275,1
3851,0.7742424318689579,0.6329222316213498,5.9442475686600345,1
3852,0.6014838440479112,0.8331814079334962,1.7312705554414625,1
3853,0.8660878766480391,0.3198711673070041,2.8951592805143886,1
3854,0.0,0.9959066863558947,3.4603686018884328,1
3855,0.8329570558994268,0.9518947390633022,1.5899277733245296,1
3856,0.9745889464055011,0.5045621909939518,3.684593575337577,1
3857,0.1632954406316084,0.6574936077616708,4.137722484314989,1
3858,0.14078914403032045,0.3601082086121985,0.8469938655381899,1
3859,0.07092815600925093,0.15686176253960757,3.138584589367692,1
3860,0.6685521577407668,0.6346343114738009,5.476711510052732,1
3861,0.4913446579825913,0.7583299770809827,0.2699594038183264,1
3862,0.6782398989008137,1.0,1.608872131747615,1
3863,0.9941050386101405,0.9922572842144998,0.5606213509503681,1
3864,0.34625499883000216,0.40307841945345035,5.504092655310832,1
3865,0.3743974781039696,0.4328045735739202,4.9680027746504605,1
3866,0.21743395802520474,0.32495645997488865,0.4063313592736604,1
3867,0.01757169234841614,0.07102793408242963,3.0164998807174213,1
3868,0.8229046895774793,0.6817582282391731,3.970693261239023,1
3869,0.08579269516737946,0.4524908602328851,3.2160142855647553,1
3870,0.8843217853728119,0.39108801933695847,5.335755545456977,1
3871,0.27705222650948796,0.2843371278649404,4.11268131752373,1
3872,0.859650298346096,0.7641124464286209,1.7747847777337933,1
3873,0.34014843071491363,0.7736596865331585,5.467529209545696,1
3874,1.0,0.6467827514825182,1.133761560083044,1
3875,0.999194935133225,1.0,0.07816039802651878,1
3876,0.9398015064938984,0.9488672625311135,5.194242702649882,1
3877,0.7537466063079712,0.16205526500161216,3.1025148489711536,1
3878,0.6462089454755481,0.015241244116221069,4.4907992447394465,1
3879,0.3761284291955761,0.9497152904000674,3.309469826279713,1
3880,0.8378986783384491,0.05524036548007025,2.790968403754131,1
3881,0.6505669893630798,0.7479317968647046,5.3217165055359335,1
3882,0.09343484590815807,0.38894274072643836,2.0809328870730264,1
3883,0.5448280098087115,0.09276821310778832,4.122713822384354,1
3884,0.0,0.4179812138213297,3.5396759484384686,1
3885,0.05889876334637302,0.15976440537588482,2.7469265971830574,1
3886,0.3820360747451093,0.4018978893797585,5.094545198676346,1
3887,1.0,0.7300684872828663,0.04186328566085784,1
3888,0.9030829022849305,0.715979167882925,3.770618594547354,1
3889,0.8271953980405917,0.4732062093396045,1.4137467831630626,1
3890,0.27005180987870503,0.7206914699942332,1.2490325221707756,1
3891,0.9037147888422636,0.8060579930557168,3.3635449581194994,1
3892,0.0017222741153532048,0.8591149348631639,2.2274819817096536,1
3893,0.4110739376422774,0.41629275565511176,5.244495156070005,1
3894,0.0,0.0255771083600134,2.2592851410888035,1
3895,0.022298932935715665,0.3112927926992665,5.885719222366411,1
3896,0.01091659246613216,0.5701661542187774,4.896169015941246,1
3897,0.8383344954667277,0.1713064201871219,0.5037214206839443,1
3898,0.3605103724131506,1.0,1.703132201041208,1
3899,0.23555793348050047,0.16433669191393188,2.1184069880102263,1
3900,0.11819176112625926,1.0,1.0691818128711261,1
3901,1.0,0.08575911754455663,0.2464132132124356,1
3902,0.3654833434546009,0.4114079407925274,5.7420319484681475,1
3903,0.9351435370747024,0.058788651078339645,6.266879867810542,1
3904,0.4151824710226343,0.243893239806009,5.642046981323453,1
3905,0.1384063447561808,0.8290536586207681,5.495526961169353,1
3906,0.015848583519956425,0.10834147917797135,5.67295525397101,1
3907,0.4015655221337641,0.836650650088971,4.969343701509255,1
3908,0.5881539410004462,0.05808931759723408,3.637329419600121,1
3909,0.5458091138791102,0.18242663202579054,1.8151481267214769,1
3910,0.0,0.44629752567183156,2.7605929511796905,1
3911,0.34206394540580626,0.4093516656962593,3.9008726247731174,1
3912,0.5363051452804609,0.42321735366229746,2.9000023268026776,1
3913,0.897789952824563,0.5218289472580063,2.2984683955534275,1
3914,0.9496921871457114,0.3505952413904615,2.740612087610249,1
3915,0.7068939346195406,0.7591752446341778,3.1836238154169734,1
3916,0.0959952119902475,0.21689910374484692,5.590209169431157,1
3917,0.005842680139125021,0.36050799113284976,2.159196332587153,1
3918,0.44514865235270057,0.5383239249062566,1.4237461518199908,1
3919,0.34260843036314215,0.643479883342605,0.3733031752901198,1
3920,0.5799818375771815,0.15018178648249414,2.713724840657781,1
3921,0.32234227933357146,0.8481327896383196,2.16658582019242,1
3922,0.8313178348330795,0.8934346987662325,3.951039747719839,1
3923,0.24656083661018988,0.7768441827110733,3.982172675327512,1
3924,0.03502317759251601,0.5578257239731165,1.791524331334683,1
3925,0.3222203573695445,0.9505852162030815,6.211187453245343,1
3926,0.2922712944161378,0.0,3.879835593905053,1
3927,0.5185588394007511,0.7413627084961796,2.4059601668759543,1
3928,0.663824934479661,0.9998768074573042,0.24053355374168428,1
3929,0.3804357979898164,1.0,0.37143734562815245,1
3930,0.3567592238432163,0.23493589071118376,4.201444100097188,1
3931,0.2320705135063691,0.3038346051649849,2.8943120967413165,1
3932,0.6788767179363995,0.07138212640708304,3.2876147449090825,1
3933,0.21353445011383057,0.7051436462818553,3.633257692086341,1
3934,0.9880699834858192,0.6449256531489238,1.8889703382092862,1
3935,0.530665145470237,0.0,3.8244385828529617,1
3936,0.8789614431037005,0.0,4.804754720341024,1
3937,0.0,0.7790633902799754,4.265545963161829,1
3938,0.7231640382215608,0.6030325808413873,3.5634371393922155,1
3939,1.0,0.1978855500035647,6.269211849678192,1
3940,0.7969652238724165,0.9815439553635074,0.9700736221881544,1
3941,0.6067314555893314,0.30872263277201994,4.404203891289793,1
3942,0.7900308165036406,0.5641663398572679,2.097298100895159,1
3943,0.17167576163912693,0.5784159246668051,4.008563308807902,1
3944,0.7979368226084177,0.46368325935002774,3.71225113121031,1
3945,0.39335816046361344,0.761563713788837,2.7690299992293426,1
3946,0.08052352818081333,0.42824923204151755,6.168842913084113,1
3947,0.28503995110198943,0.9996252501302787,2.4857266362168504,1
3948,0.5065544941679104,0.020677500282118812,2.352284475374045,1
3949,0.7785327806035361,0.9841442956115405,0.9356863204915375,1
3950,0.6979743024968559,0.4798346197699734,5.538843186573658,1
3951,7.105589200867216E-4,0.03109583708374305,1.7650939603268025,1
3952,0.15926187873058473,0.0031030958169070665,4.019595159868028,1
3953,1.0,0.6771103665718887,0.223499068296874,1
3954,0.14464003381962368,0.656196278401502,0.7161120664683215,1
3955,0.9129182942260059,0.0017693478648705143,5.9138246528655385,1
3956,0.4301223140600926,0.4905328525734976,5.347588561945041,1
3957,1.0,0.24732946749061066,1.0868928562407687,1
3958,0.8553011619929992,1.0,1.8842052956810527,1
3959,1.0,0.09259515498593898,5.875171618272222,1
3960,0.9140539303959899,0.16790738799906352,0.5479549239603622,1
3961,0.19262826160214652,0.9674918101530511,0.29938182576728517,1
3962,0.07423155290310833,0.2600713033232392,1.78550487815071,1
3963,0.47955098335043544,0.595095139753309,2.308129041224533,1
3964,0.15338584097507751,0.3395786995490981,1.6952387987439186,1
3965,0.13895002581089883,0.9510146199899883,4.676083547643144,1
3966,0.2519241992676882,1.0,3.07259723760155,1
3967,0.03636468227812292,0.0,5.233170764724276,1
3968,0.7761937694443259,0.7518753716664056,3.5473977132207843,1
3969,0.2849748394466343,0.36692494582214824,5.325424506463516,1
3970,0.13892296700507062,0.11286504446433109,2.2330139961608397,1
3971,0.3367748217467296,0.0,4.748801832396227,1
3972,0.991966248330994,0.9609316072518871,1.412973748584992,1
3973,0.4105809734605976,0.08301027236765675,2.8906585688345072,1
3974,0.11112497033095572,0.8270175698177648,5.615278443018366,1
3975,2.500212602919111E-4,0.5691532858673087,3.3578116761423455,1
3976,0.0948641402102997,0.7711059649181199,6.073263010729964,1
3977,1.0,0.32103780713438124,5.997203184370079,1
3978,0.7455222511972827,0.7585421868108805,2.8339940802591026,1
3979,0.9982900053259596,0.960295474118165,1.4636862819685472,1
3980,0.15726080372305967,0.14489983683423965,1.9579540495908772,1
3981,0.08831027699478751,0.32817026701724555,1.4162597262556051,1
3982,0.2788517052339439,0.7253296940484274,1.4478707293507156,1
3983,0.7832408608323683,0.15621870914661526,5.103632505900272,1
3984,0.34899935075922534,0.9642643909015793,3.1569891190733412,1
3985,0.9881175909008473,0.4148482744983188,1.838312765969265,1
3986,0.49373115117481725,0.24766895627353422,3.8306221445338995,1
3987,0.6420142568060169,0.9672939019319026,0.4653623774035224,1
3988,0.3374309659192903,0.6358336262039715,5.916254638175585,1
3989,0.00805492835940987,0.38101711659557874,5.356378943592881,1
3990,0.7901062685206476,0.835756933591982,2.9670689996830863,1
3991,0.6298935818352672,0.604992049727515,6.08811266590223,1
3992,0.05394613694498236,0.45645726169544987,3.107314777242891,1
3993,0.021847470350538658,0.4741303087771343,3.5597091424834235,1
3994,0.9423362894566453,1.0,2.289357649118323,1
3995,0.2674491833506924,0.11867309567628076,3.1692623181212425,1
3996,0.26633871666851067,0.8501608487178369,1.4120707588878312,1
3997,0.25269393244617777,0.11667524806279307,2.778286886560462,1
3998,0.5663904390785915,0.38112103411700154,4.650759687384894,1
3999,0.02090640063291399,0.8462883342401315,2.5330901980719993,1
4000,0.9055342553601002,0.9751078172186984,4.451304563501101,1
4001,0.9979720458361464,0.8473105390481493,1.3584328189078843,1
4002,0.5543692610156485,0.679736779032999,6.100792480929898,1
4003,0.6215832734666226,0.6598553180866905,5.795142627381016,1
4004,0.7654788055596183,0.1432863070832201,5.422313974621325,1
4005,0.8162509722458438,0.37609036333402596,5.70979071147793,1
4006,0.0,0.15130203116830584,2.8589401448366836,1
4007,0.4000468064859571,0.4548855110251905,1.9730105727409335,1
4008,0.8032905394496161,0.5394364242683173,0.4205238077846005,1
4009,0.03449948173841364,0.25361493743193037,5.498999488414847,1
4010,0.5570651241809694,0.6352045621904054,0.1610349732431242,1
4011,0.8435321104242123,1.0,1.1605657607808981,1
4012,0.751248279887166,0.003342325454016471,3.7146427322351703,1
4013,0.19667621343151828,0.96773497383028,0.9000457183090751,1
4014,0.0,0.3107177988429559,2.942323331729496,1
4015,0.571641168134844,0.8826026531419467,3.5304866324229693,1
4016,0.3836921756023578,0.3406883521508788,5.855508193625254,1
4017,0.0,0.21859340135020397,2.7829245338134543,1
4018,0.6793451204940795,0.5347405048645532,1.999430422553079,1
4019,0.999683795986653,0.969231759578737,0.06290822040018569,1
4020,0.1430455344556741,0.9492722314992981,4.060279899124335,1
4021,0.8408602614493174,0.8245126913195987,0.9402659461770813,1
4022,0.8011270607529599,0.0,3.893002521917278,1
4023,0.04703459341883743,0.47940322643219146,1.2319446339237816,1
4024,0.9692624969075805,1.0,0.8155386251349119,1
4025,0.9640614628459814,0.43543057195763785,2.254472656869468,1
4026,0.13233537813114205,0.5814594381722249,0.865015321270219,1
4027,0.09860547289461995,0.8951742115481263,0.19239553779484897,1
4028,0.12898342542046334,0.846179066221141,2.1417214404516436,1
4029,0.4932003335189701,0.39190195595266125,3.857761664719837,1
4030,0.585121928691301,0.9989792802498003,1.2471582659929115,1
4031,0.24407118965891106,0.003513095944990605,2.4392413099028696,1
4032,0.07233740662230836,0.6513351405773732,0.183979849578902,1
4033,0.852905847249729,0.675063144762684,5.405829026314058,1
4034,0.0,0.23471764717562194,2.9905506708145895,1
4035,0.0812255165266307,0.7685668116004779,4.452363164293145,1
4036,0.41201530157606525,0.6135855135874304,6.220639970459878,1
4037,0.8972262981715858,0.25241718294019166,1.4667375460686916,1
4038,0.26551498396852524,0.0018805045024150526,4.70336025913062,1
4039,0.7996022978007415,0.3964307163262287,5.76389609267796,1
4040,0.23126914487721403,0.6930292082259765,5.649427979445482,1
4041,0.620101139920329,0.9990607483357056,0.7368171071900714,1
4042,0.5684885522872962,0.7133793481558999,5.322124215095234,1
4043,0.5041605366907281,0.3734855971581439,4.234467839408206,1
4044,0.4877958671637155,0.6133325153101066,2.415162276252476,1
4045,0.213582604874327,0.3703005722503166,4.328952510929429,1
4046,0.9726109105094678,0.6547001758049452,4.9207523278567065,1
4047,0.0,0.2568665578096997,4.014005403077661,1
4048,0.08833890131065272,0.3060613697570194,1.1709948893514912,1
4049,0.004901363955061669,0.9540746511102597,4.361255387367412,1
4050,0.5067045959238361,0.6785899797059343,2.114871632982604,1
4051,0.678100104259699,0.09296253435975735,0.3510813055332397,1
4052,0.41232812285513676,0.5068467801089246,0.6305050676249502,1
4053,0.6391607406430558,0.8435814646219914,4.47866056015899,1
4054,0.3004365685902075,0.40428454111889456,1.0609584511183836,1
4055,0.4169881293063294,0.13554063375816738,0.771939834224512,1
4056,0.207320195976397,0.5895469705706519,0.27851433187300173,1
4057,0.0,0.8681551640929662,2.161371329164842,1
4058,0.0,0.7990494049881092,3.2365175169072966,1
4059,0.2529240563059414,0.5883767078949248,1.037101755613479,1
4060,1.0,0.5195317944041219,6.273282979595445,1
4061,0.23819326489993856,0.14929649613301088,4.91124298168449,1
4062,0.17686144913330268,0.9399382322777045,3.4004408099423302,1
4063,0.07026118297644045,0.3432155247768412,1.8182885282653451,1
4064,0.8499161198976833,0.7406554982795276,1.2312171878684754,1
4065,0.01724337389709566,0.041487296364760354,4.645172122530113,1
4066,0.999775152071894,1.0,1.855694687107138,1
4067,0.2767216905714953,0.5535416610242908,4.767063337581891,1
4068,0.7297533861022002,0.2747797744848076,5.294643208071331,1
4069,0.3726662526281223,0.4302690066242046,5.56744154084854,1
4070,0.6463729611600808,0.42448919518714884,5.828629096022132,1
4071,0.8888532386488993,0.6315271899387648,5.932658941849622,1
4072,0.4301521115275775,0.3449409696012291,1.6493576411712865,1
4073,0.927875766547951,0.3703425666768057,5.820903560371296,1
4074,0.17621275365420933,0.32239577257909185,4.236030354520245,1
4075,0.7904230996804441,0.7339514427805004,4.271727654442846,1
4076,0.14795217500031457,0.06517037689952417,3.9420019919623206,1
4077,0.7470309479870054,0.26092713745219004,4.203300434985902,1
4078,0.9812237538684807,1.0,1.406662741253738,1
4079,0.7533367621132758,9.343086096769246E-4,0.6328269100776964,1
4080,0.0,0.5282926013482866,2.396520193773772,1
4081,0.38701614037320187,0.5405996866234521,3.5515759900089385,1
4082,0.8447711395189754,0.9867685400208976,0.1312255941381429,1
4083,0.3139657555962975,0.8890078500557844,0.1999703486273104,1
4084,0.22263818982960876,0.6506601505388669,0.6613414636278695,1
4085,0.6659150547794662,0.022269509293038423,5.341137297367141,1
4086,0.10586218765528008,0.8723420252574048,1.3165692873183579,1
4087,0.4557795045041975,7.148518508033587E-4,3.706452714426406,1
4088,0.0870851115433527,0.4893650654014831,0.9551062200569027,1
4089,0.27828150323937706,0.970693971838564,3.6395544962772775,1
4090,0.12275279136909048,0.4557341929545443,1.8524071591620548,1
4091,0.14794173094995303,0.2196839687293507,4.242394844073464,1
4092,0.1475869699449129,0.1886856117404546,1.464053527755067,1
4093,0.3163401627171639,0.1732378435386278,2.0508732532192018,1
4094,0.5443351412693489,0.7414639663887445,0.2865229357087557,1
4095,0.5580460861151105,0.011422634395018866,3.1300902896380647,1
4096,0.0,0.6365473997718225,2.146135752283817,1
4097,0.2845442259918633,0.4415871462641199,6.282720484262052,1
4098,0.9973058175285544,0.8393879684348582,0.48097226723923686,1
4099,0.07145065636643357,0.8204358969162717,4.704016752938061,1
4100,0.2988260901499647,0.7172604455184397,3.7509886048763748,1
4101,0.39945646948859753,0.16934896654998893,6.11386082273798,1
4102,0.7217096822350028,0.48833290814541924,3.837338728789309,1
4103,0.3627110750237232,0.9252476394830427,2.619231065500956,1
4104,0.6519300354311772,0.4748659537488623,3.9781790449372023,1
4105,0.38769647986796596,0.8233627127437059,2.3810183343385116,1
4106,0.43201088641181,0.04149440792049313,0.7379823232316303,1
4107,0.8469789713252917,0.5030184945853546,5.592716035441053,1
4108,0.397816232502461,0.9476726116441324,2.4972706989458135,1
4109,0.8926860433838877,7.658152328167306E-4,5.070084150057168,1
4110,0.20501990054716984,0.9694221814392354,4.369535246524981,1
4111,5.613322997011206E-5,0.8957521899528819,3.3032345210343648,1
4112,0.7095718081690354,1.0,2.116834305841935,1
4113,0.361061232961295,0.6152163658141964,3.8733997393888635,1
4114,0.9848977568588704,1.300434256571194E-4,4.733388483865519,1
4115,0.614253292775285,0.73804771593531,4.568904241218661,1
4116,0.14217164685373548,0.7655588415943269,3.916773313469271,1
4117,0.15868811423029436,0.40411424006353774,6.1534753588170945,1
4118,0.16217779666990298,0.5963021201922685,0.23378467657669094,1
4119,0.9995983922800742,0.2617199516660555,0.376163333088398,1
4120,0.9974689202649402,0.3327414745009852,1.8002551432583833,1
4121,0.15861774628488526,0.1803508254890176,1.4755471822945083,1
4122,0.20962151101053225,0.0,4.9603802313425485,1
4123,1.0,0.5305112569099261,5.366910328585223,1
4124,0.9973357934084722,0.18341906421532198,2.6298254362808775,1
4125,0.3902009783458066,0.863646610863552,5.558028807723027,1
4126,0.9631453667670653,0.0016979940419253273,0.7508184485565501,1
4127,0.0023509744721336868,0.8284693070559624,1.5850550094901799,1
4128,0.5569762805680185,0.0,5.224133410385295,1
4129,0.18568488383868145,0.01056658810128286,4.918062850860743,1
4130,0.1452230344645141,0.0,4.359393591990096,1
4131,0.20607737045531224,0.16215873193947886,5.574289367917627,1
4132,0.9999814901050551,0.8508925786053929,5.137326141616426,1
4133,1.0,0.5275170703123723,0.6565373297326864,1
4134,0.1836395707567231,0.9488408780209167,5.994567532434033,1
4135,0.9051145636855824,0.32394249485355275,4.161800870504244,1
4136,0.6841576746459166,0.15519369556569818,3.6357155712182423,1
4137,0.4053623721148378,0.0,4.252400447990109,1
4138,0.7635090537189253,0.10356156896203941,5.6573445060941285,1
4139,0.44180556483411,0.5479355072050702,5.7847157325653,1
4140,0.3399977383079142,0.02797295564780004,4.558874992286035,1
4141,0.11893557405698683,0.02765137841057579,4.144101145397526,1
4142,0.19800052009313163,0.026922287223694524,4.714194285486528,1
4143,0.17486085750154337,0.6542496952327543,1.9136193883595722,1
4144,0.04828723332494055,0.8819845437877254,3.8445317879760283,1
4145,0.36743749617357596,0.5090330430565142,0.9899967558866787,1
4146,0.7955085428630059,0.4751860445175694,2.472344469925974,1
4147,0.9976611428164232,0.24240411188881936,1.3219563433312915,1
4148,0.41815078406731243,0.4730316778464462,5.014407021862672,1
4149,0.24194530053293387,0.9059737581109585,6.047396479680417,1
4150,0.9985392467942905,0.33766579287470816,1.220342087803396,1
4151,0.4929946929610084,0.7465510498253368,2.4495417397153854,1
4152,0.2766103615412177,0.479016506827125,1.2004568497222068,1
4153,0.7254219578727733,0.4155863920622951,5.127555384574032,1
4154,0.29710756994658316,0.7393833178136934,0.43894731685973554,1
4155,0.9351324832338533,1.0,2.429999028426409,1
4156,0.0536510959315679,0.5904809225308668,5.6363400165056605,1
4157,0.07515929344629667,0.8612272232210887,5.3945871495432804,1
4158,0.9419079250057873,0.7548752230073804,1.4502131744866689,1
4159,0.03262809084862038,1.0,1.3606493495973495,1
4160,0.6449115992127443,0.5189446065005128,3.9750537973196995,1
4161,0.6306066533860268,0.31209099017565717,4.70115964007239,1
4162,1.1706270245248455E-4,0.8281890109204232,2.754325746779961,1
4163,5.368323094540279E-4,0.08829113675184497,3.719716242253912,1
4164,0.964394092323207,0.8803063531195771,3.4291965370673214,1
4165,0.7155895642713638,0.8026885608557068,0.6634999096186912,1
4166,0.7182238943595791,0.48579796170404316,0.12013190103445925,1
4167,0.1477008207710523,1.0,2.192243258212913,1
4168,0.9923995972260818,0.5702676506799614,1.304256379992854,1
4169,0.6182015847702854,0.560179959991698,3.989281231472308,1
4170,0.19259210817702446,0.9992436687319005,0.7496004779535582,1
4171,0.13444866702382624,0.006457935389212806,4.620339217302237,1
4172,0.5239397249803472,0.3487523524142703,6.1709745393666005,1
4173,0.641435494447933,0.8624194911839553,3.389342276336472,1
4174,0.3366887769622303,0.9395637271767464,3.67873095186989,1
4175,0.39320221786287707,0.5302377453715018,5.794573851408475,1
4176,0.1455213962914408,0.32472337850713695,1.3492207144521566,1
4177,0.7529932177323221,1.0,1.3389883116394563,1
4178,0.4552651914217531,0.6630525438592515,3.3180348569787013,1
4179,0.21523444119907523,0.30841580498312116,3.9012250767237426,1
4180,0.01662329596130745,0.61581691078849,2.392213174050213,1
4181,0.3710659903104816,0.9653449246066836,1.7453263076647454,1
4182,0.10840328427762892,0.0,6.015657563840561,1
4183,0.18377256695219116,0.7320422189146778,6.068911432086904,1
4184,0.8988759021446606,0.8932495620485417,2.2018751117300464,1
4185,0.8066192237300401,0.5830454161303199,0.9602176641533606,1
4186,0.2978727130643735,0.4804612180865025,2.820467599168034,1
4187,0.9333870860553752,0.9911581965497561,3.912046801037454,1
4188,0.5670728068304222,0.1972835698092059,5.681190642798,1
4189,0.020804111088450265,0.6821295855710998,4.950860793248098,1
4190,0.4379300199900137,0.3739727460725045,2.9641564568766756,1
4191,0.4338909700457149,0.6344711817513042,1.8966235180479931,1
4192,0.9987376904451452,0.15583208952088376,1.2460019474379833,1
4193,0.5682595689444289,0.42304831605583143,3.5877986363075736,1
4194,0.6991131150172479,0.0,3.2068585752482104,1
4195,0.05865498185495532,0.5857164724544102,3.448676319703544,1
4196,0.09182724970237256,0.9677212876783934,2.889945048506518,1
4197,1.0,0.718153608266092,5.861939875886417,1
4198,0.8726852979468405,0.55137300920581,3.6480828117788273,1
4199,0.30711686378537495,0.813120683876998,5.7175909937126095,1
4200,0.11785025008440667,0.4918571317688558,5.231497332492915,1
4201,0.40188676211797664,0.3010586058218605,3.6258147945802994,1
4202,0.409337900702394,0.4215874994028582,4.6543143711503365,1
4203,0.6950384847810989,0.1943270760277601,6.036713116148624,1
4204,0.6955392230802765,0.5945781898960605,3.7775118369156777,1
4205,0.11043458938990544,0.17699839760670263,4.628398588193519,1
4206,0.7310472931734009,0.7524595916682078,1.7805494727672262,1
4207,0.14214604804636824,0.8421544564653313,1.2360862509539619,1
4208,0.6374439277376471,0.36167061656742466,4.287427866414307,1
4209,0.1923119994961378,0.2300384663729368,2.292748070988804,1
4210,0.7232752197957153,0.47783992225614597,2.191093734784699,1
4211,0.49920609793235,0.9009818598957533,3.9079234845252118,1
4212,1.0,0.7517483900589861,4.769210211639911,1
4213,0.08265749540441242,0.6894268979092166,2.527143292902476,1
4214,0.5908084348661323,0.510981441236513,0.4836212333714067,1
4215,0.8440125742432733,1.0,0.9272414915713018,1
4216,0.5472200740845352,0.6307418604292183,0.04996094650273711,1
4217,0.8783166526336863,0.09199910278390992,4.951748901310548,1
4218,0.6824203375471505,0.7522989470018842,3.282349784971962,1
4219,0.4173448782016451,0.17968526058025153,0.22706413485228744,1
4220,0.6576195704761498,1.0,1.2756356008069685,1
4221,0.0,0.12876883326985034,2.1756234453717167,1
4222,0.14828408933094125,0.20277336019058725,3.1640563609970322,1
4223,0.94849144619152,0.8249444147881101,2.6794662618618603,1
4224,1.0,0.34135145131611117,1.135531991277676,1
4225,0.3500404436275579,0.24823117928932667,4.310528476384515,1
4226,0.8316243772539155,0.266557136573292,5.140874201799164,1
4227,0.6836719727997365,0.7488595369900197,4.133486928727467,1
4228,0.8024922106524802,0.22488858326440586,0.15152801299967444,1
4229,0.855695633692773,0.11520117425553404,0.1595918745568884,1
4230,0.4033255525726146,0.158450665094106,5.564919328056541,1
4231,0.45941887459349395,0.41523234497757,2.153354365501391,1
4232,0.842296231396993,0.21378148971636615,1.050884235707735,1
4233,0.2040054094337915,0.5928052869344327,5.005300600085025,1
4234,0.39917787127192655,0.7451614284596042,3.155387973570017,1
4235,0.44154035848120204,0.15327067587467044,1.6334685105449782,1
4236,0.8017801878142952,0.7385979452499162,4.3324346118662085,1
4237,0.4844281483656212,0.19039012983755643,3.231016577091966,1
4238,0.4418711116739254,0.6027093104466328,5.356048129051109,1
4239,1.0,0.5517863980930363,5.958796574581538,1
4240,1.0,0.6257824352314678,5.937815159207202,1
4241,0.7128151012945785,0.1254563245735522,0.21139347045391832,1
4242,0.8397870604854829,0.8374490912946422,5.136417004316668,1
4243,0.5653702812211305,0.034727847488771973,5.2014711288253865,1
4244,5.941453009217586E-4,0.5392208199238976,4.591822367380836,1
4245,0.23497221666676268,0.34717341706469285,1.2834553943502927,1
4246,1.0,0.1975043768445262,6.100248436845368,1
4247,0.6114929825030494,0.0012811195799999745,4.771856275953734,1
4248,0.5166978002800753,0.9109291412209911,2.8159772462229067,1
4249,0.19677975613725487,0.2760625102027732,1.5062463466016223,1
4250,0.8300891428994628,0.9269197147372515,3.590227008624291,1
4251,0.5351466256028864,0.9030190396160247,2.921181306106714,1
4252,0.02931477287683545,0.3737758841614846,0.2021418691436039,1
4253,0.733771590340651,0.7840673951979115,2.778413979825237,1
4254,0.3842577306695668,0.20440220075102625,2.850672827598489,1
4255,0.9606114044258601,0.3420372489189638,3.5122882180771335,1
4256,0.6176773331136567,0.9872104433963621,3.236566552621351,1
4257,0.024384035885048356,0.6995397483465503,0.02160666327793237,1
4258,0.9950586746143909,0.9671479375656029,1.695840196030473,1
4259,0.7075680502311287,0.3957844289661557,0.8993857876984669,1
4260,0.3562578294552513,0.07011624238460681,6.000671635119116,1
4261,0.25795893408885867,0.033236986831665996,0.36314843901552774,1
4262,0.5868277160032108,0.49613727857234946,1.7369534016640282,1
4263,0.0,0.014771215662928997,2.9667477637269917,1
4264,0.7608109965195418,0.8448621458255607,5.593656450214268,1
4265,0.08817358429076076,0.4828490595143569,4.5396147825038575,1
4266,0.7322949134130261,0.9802324969994388,0.38859960833821494,1
4267,0.5717295130215632,0.16565497356981407,2.282844667913846,1
4268,0.6080633128079348,0.22617333966333228,6.020161298545347,1
4269,0.880254648400174,0.0,4.337976290023339,1
4270,0.15792673561263862,0.9677239370026692,1.4755504661282057,1
4271,0.11889922467329496,0.9987334409064476,2.8617569729913024,1
4272,0.48256292905387527,0.7840377091176841,5.017848344470939,1
4273,0.8396245222555851,0.3037601940715776,1.1485864122995846,1
4274,0.8670064691336009,0.9666232560147421,3.159738764429291,1
4275,0.9185094527454005,0.10856475245173235,2.9796832906037434,1
4276,0.6620145218298151,0.23094203423969814,0.35561094786875896,1
4277,0.756108206309989,0.40093278939868404,4.584183931797534,1
4278,0.7818063430894997,0.6821924216551524,0.6912391453177953,1
4279,0.6018177654804927,0.995289650106541,3.710923685141931,1
4280,0.1846701087250929,0.0,5.32789346459038,1
4281,0.4034201533270439,0.5371592759035451,0.22416204030375567,1
4282,4.4252391370643853E-4,0.5729659068363498,3.751499598825262,1
4283,0.0,0.1901459546717453,2.683666450664175,1
4284,0.0,0.0,4.101544801599714,0
4285,0.8417658967127183,0.9995199496739382,2.1434601531935313,1
4286,0.6170751293353333,0.990262617491069,0.4285727719852273,1
4287,0.19360969612881035,0.4990822510922916,3.6194382234799343,1
4288,0.9186519725822941,0.6384117478708575,5.342067952787434,1
4289,0.8937121020374389,0.3619085349565705,0.2725105372607961,1
4290,0.3273027845294044,0.14998390828350397,1.2763532723466955,1
4291,0.7697190492826333,1.0,0.08634446742364155,1
4292,0.7093630007891198,0.20708451681052464,3.024272919312666,1
4293,0.02976186718425775,0.597108853127984,0.16638692816927597,1
4294,0.0593048823095939,0.5631792173943463,5.0582971711036695,1
4295,0.6674190451304569,0.6558207747027159,4.850218805915475,1
4296,0.0,1.0,2.431928203868412,1
4297,0.9221315004585406,0.4827059133567958,4.866367316401445,1
4298,3.435866647571999E-4,0.9990656617811761,2.1808934761491114,1
4299,0.1357926695960593,0.6585078957568893,1.511627148375259,1
4300,0.7754448353678538,0.5782809697988304,3.2369725282469792,1
4301,0.6897649421195325,0.8725690346352779,2.672364480130334,1
4302,0.09783175176303946,0.0,3.4547152858001238,1
4303,0.5511889404921397,0.5750356341317439,6.0165657947793845,1
4304,0.8998005914190168,0.04067555129631103,3.9860518660355284,1
4305,0.3269151547587137,0.6316901461395596,3.4215502702658154,1
4306,0.3783372653530623,0.98063809570255,1.266924851796938,1
4307,0.3027716548224054,0.07681518875580068,0.011011088409288772,1
4308,0.3553105768834847,0.022335496234556426,1.1558812091617232,1
4309,0.7730340212089853,0.6476983658916082,0.9259791683319246,1
4310,0.3844308070599168,0.4942914711589155,2.8613063182647336,1
4311,0.9494863367646619,0.7842180956024067,0.4153501467479304,1
4312,0.7456159433112218,0.40863047851404466,3.5887935186483535,1
4313,0.9984404853047627,0.9205612209192819,5.599921806706452,1
4314,0.26697429758020585,0.7798852101206809,1.1251678264195564,1
4315,0.0,0.7323636751638712,3.7238010438366143,1
4316,0.7580758001510839,0.5825097054786088,5.807827748177635,1
4317,0.6348601395092051,0.1783195183417366,3.766471649419726,1
4318,1.0,0.8731549515241716,5.956492799631218,1
4319,0.49467677014407907,1.0,1.3865252981432912,1
4320,0.4776962289136638,0.9463464045865554,3.5826414982722863,1
4321,0.748759002163702,0.025684256305276133,3.566275540432023,1
4322,1.0,0.245180390959862,1.0691458297343874,1
4323,0.6001712058599292,0.2733111237868004,0.07782191089792256,1
4324,0.9967424590653993,0.5118643408571448,4.936033424960106,1
4325,0.3468623644844076,0.15242311357832442,2.008244635807796,1
4326,0.2560307267681688,0.0,4.425142704417722,1
4327,0.5654547090195977,0.05165382653702807,5.662694906623777,1
4328,0.6191291431407525,0.49738909275422294,2.2296045730942926,1
4329,0.3465367130564925,0.32718520888852426,0.46126988670104635,1
4330,0.0,0.6335952986724417,4.530541024236542,1
4331,0.2995979917123596,0.005370083692950193,3.0211941147011245,1
4332,0.10672808312020571,0.4896680341048002,0.7769781963670117,1
4333,0.912980750526488,0.14529761455413476,5.6506496689210515,1
4334,0.6130756229893976,0.7816885155010497,6.198565248035989,1
4335,0.6879382462215654,0.04271048974509956,5.8452555769952985,1
4336,0.8070071539330416,0.13170703075822193,1.3876842586260025,1
4337,0.2808306475466635,0.014756432039655982,4.083977182208508,1
4338,0.5568772572045804,0.7374752682909959,2.469790390930804,1
4339,0.370430551159354,0.33273979477915794,0.6050925840783807,1
4340,0.04762039191119236,0.6788682973876567,0.2509879192687584,1
4341,0.8955222806403383,0.7388769837763244,3.0547132907089196,1
4342,0.9992627969282033,0.22981368226572232,0.17954557402053872,1
4343,0.30559443378136036,0.026397086857403978,1.4162165140272294,1
4344,1.0,0.9896957934445904,0.42207936489747716,1
4345,0.008990179282926405,0.8348626248740726,1.36838164620439,1
4346,0.27841877731511677,0.663168758705007,1.6635874936070392,1
4347,0.22780833815853999,0.454084795314334,2.5021918060031285,1
4348,0.7377704973816179,1.0,0.8896193861781294,1
4349,0.07355474161149814,0.0,3.69325716792854,1
4350,0.5200912573209019,0.2915611138437326,5.688293283867188,1
4351,0.06464606379249847,0.8087427696661812,2.1002365281093036,1
4352,0.08594400548039736,1.0,2.376559136352389,1
4353,0.6320826085040528,0.4029505595259351,0.9228330690790651,1
4354,0.2911181934110011,0.2884965652192696,1.214903116435129,1
4355,0.6779997694872874,0.5925403095216673,1.481584265119531,1
4356,0.4512735448849493,0.4854279131895302,0.22673352561289617,1
4357,0.9551771301942166,0.5235093740095932,4.636533499426576,1
4358,0.0,0.8623071588297144,3.248053452138329,1
4359,0.022441078821866023,0.5427189852909151,2.7303496028986958,1
4360,0.9214016547984308,0.13398189271026748,5.955921076929242,1
4361,0.3343601760054012,0.678842510046734,5.920454291579334,1
4362,0.7190915615856218,0.9732472971008493,0.2694663520015972,1
4363,0.9162091743587218,0.9615289029023483,1.3742836054763792,1
4364,0.5248583060224299,0.23173789125555427,5.954196465885933,1
4365,0.998699459472271,0.8493821335125653,1.6055371543724852,1
4366,0.8346665238769009,0.7772310951007942,3.085002088675322,1
4367,0.9662760884270419,0.082209958476185,2.0092061695655397,1
4368,0.9711054627495403,0.757236936804348,0.07074740981895378,1
4369,0.0,0.04498573332676245,3.1352068448752206,1
4370,0.7899459848527183,0.9458856143762677,2.5675462400095324,1
4371,0.05991516506018348,0.23540893563504103,4.735052013542415,1
4372,0.9465659831601619,0.4041984302226868,1.9567935879204021,1
4373,0.8348364829914168,0.3715648190445273,0.4700294906981549,1
4374,0.3173497020437524,0.652369152636172,1.0714359688995214,1
4375,0.5713745400058452,0.8745334340606788,4.9795961267679845,1
4376,0.02734394056941137,0.9319566896686909,4.685898341093807,1
4377,0.775061071033052,0.11370090171395741,1.6017554451496736,1
4378,0.4116324746035413,0.31512069176345486,4.378889118847556,1
4379,0.9402333241097023,0.9202576058531409,5.005323039784287,1
4380,0.5154981862433884,0.9960606939680857,6.211572626251206,1
4381,0.20792018806126047,0.5552905687642692,4.1965799983518925,1
4382,0.9995093484382191,0.22206127606963272,0.9127460643996224,1
4383,0.5565290434979048,0.9173821882131781,5.223359708465595,1
4384,0.9892399753903337,0.14247260156904432,2.048373248015486,1
4385,0.3137585793146414,0.02693169950501388,2.1956283421538556,1
4386,0.10675311307850184,0.28055825746286767,1.8093667759954843,1
4387,0.5391241813347507,0.0076200406153207265,6.26328997928569,1
4388,0.33591926094980223,0.5127911967541081,5.741961608351544,1
4389,0.5983116195584446,0.3500565110988759,2.584150122347625,1
4390,0.46994096507304794,0.10004129583335684,5.942392871936535,1
4391,0.6574095896767723,0.506934595170178,1.2308702263335958,1
4392,0.9985937593545825,0.7519710875764789,4.798481104379053,1
4393,0.7385766878131308,0.9726548643539528,5.004963480591336,1
4394,0.4167876834556387,0.7636258547386484,0.9993667689343837,1
4395,0.3820268104852124,0.9965424236016683,0.25225705667061815,1
4396,0.5628609210941035,0.7895416316044888,1.1652637678140771,1
4397,0.0627024664573566,0.3964435654150425,3.46699199518146,1
4398,0.9947061841187049,0.7608588564520973,4.262535982038788,1
4399,0.28536102544786385,0.5385121325778258,5.1063712582551695,1
4400,0.5940253475034514,0.08132350367152652,4.411532582834569,1
4401,1.0,0.2405143194902933,0.46922819657947656,1
4402,0.9151969766208652,0.5236582252836983,5.112633510897542,1
4403,0.45808575862847833,0.21028168597687527,5.8980096869620455,1
4404,0.10342357951773455,0.25652182057299494,2.0735393502734034,1
4405,0.9879895582818939,0.7324333697714381,3.732086229809471,1
4406,0.1977519649771673,0.7572644074518147,2.610254651199665,1
4407,0.9500388124078767,0.7241627896892213,4.094125492790454,1
4408,0.07504040854465376,0.21378065206226762,5.043314025277341,1
4409,0.16579341588429544,0.8584825537933213,2.2869926462504044,1
4410,0.1551663220786208,0.9634110101920709,5.913278771297809,1
4411,0.046660553539093534,0.7847476740689594,4.4450973978020025,1
4412,0.40261192724949996,0.6349127867596652,3.9885909304706457,1
4413,0.6901018052767667,0.4361816006485225,3.2457788227972566,1
4414,0.6460653668682992,0.06636004850160772,2.8728777387551823,1
4415,0.0,3.054591931224828E-4,2.749823645064195,1
4416,0.9881040812573304,0.4081881871141534,1.7483185759858195,1
4417,0.9480900156428985,0.27124293308573605,0.699641541303287,1
4418,0.9999048289654675,0.01601213016355267,0.07068019568041241,1
4419,0.9927293097557355,0.1879915304627036,1.0666437606163506,1
4420,0.6499141938837104,0.22382054542563176,2.3096709191709395,1
4421,0.6998916245120441,0.4386445898601315,3.000618469993792,1
4422,0.04369810944202945,0.10424010507379666,4.7514119718900965,1
4423,0.0,0.2681396515796136,2.7985403526693577,1
4424,0.6566557771412308,0.5602810042690451,2.0986445249813293,1
4425,0.7974284869368437,0.997898110961266,5.591488743657677,1
4426,0.957479813390456,0.9995401757128575,2.7606391321221087,1
4427,0.639125198315268,0.23421059794510188,1.7441798432288236,1
4428,0.08244690203168144,0.9056375810846113,0.2943937003047474,1
4429,0.7062987466743518,0.5867978545210811,2.8983248031137965,1
4430,0.23911350057741457,0.04517951764281289,3.491510716567279,1
4431,0.20704506968988332,0.032213489185828455,2.9748587647667053,1
4432,0.30265088745918284,0.20255402655417787,0.44815584445388973,1
4433,0.1791487661608029,0.15949288474732468,4.249841153683582,1
4434,0.8149260644315094,0.37963453283075155,1.875906860515933,1
4435,0.32657334914274583,0.7019126410855031,3.253821510674064,1
4436,0.5983821142544707,0.3578537318792149,0.7574535210903027,1
4437,0.03574999614734001,0.24085610310405775,5.454115466479544,1
4438,0.24825672500414175,0.13213200922363125,1.069701085445741,1
4439,0.18513755584011835,0.0,4.779824925412886,1
4440,0.6957459082157901,0.19273244047209678,4.834416577155438,1
4441,0.28718213402568293,0.7623198086147602,4.526644131159591,1
4442,0.0,0.10176610699250614,2.711151748275005,1
4443,0.961231572941013,0.7325888676754961,2.1272162729881265,1
4444,0.6016807224643445,0.36753959143670045,5.524769150814154,1
4445,0.2171890507762161,0.7143760125043725,3.831227610610875,1
4446,0.956468799888077,0.9864650993489995,0.18174865930715903,1
4447,0.0,0.0,4.51102463457915,1
4448,0.688192591888724,0.4402216533429517,1.4910137687492957,1
4449,0.3445143622315611,0.8507025957306147,4.42673644859995,1
4450,0.9300970838701331,0.38964504377032944,5.240946543311165,1
4451,0.8364805218329777,0.67299187150145,5.398555227890226,1
4452,0.0,0.13023649764448886,2.958788678774351,1
4453,0.9063453845882609,0.37414033728891066,1.4064198992022285,1
4454,0.5720380217768428,0.944792598254474,6.0961443451505355,1
4455,0.5426092491813137,0.07318058245712974,2.5460675507936243,1
4456,0.4251511388955602,0.15935096772340507,0.8107337196476454,1
4457,0.9993149714997068,0.5083049598898783,0.5870497123406577,1
4458,0.9442931079381781,0.5119768922534507,5.345563703890574,1
4459,0.7575465962835055,0.6798051088597337,3.038420528604108,1
4460,0.8675679676584348,0.3940457850708906,3.8857885987428444,1
4461,0.7949722849978405,0.9992611972496489,1.75524397404175,1
4462,0.24311584629764021,0.9244139788960891,1.9021936948253706,1
4463,0.27752312225210757,0.22273615654924628,2.759424842060478,1
4464,0.1739204569862528,0.32335378825158323,3.383808491840299,1
4465,0.2165105625618964,0.38507963291268227,3.873892897302741,1
4466,0.5745204147622114,0.6484526210415622,1.978168940707567,1
4467,0.22353789191892423,0.7954292077837244,4.160814095632352,1
4468,0.5989315688743524,0.8450734017022627,4.470472698386457,1
4469,0.03983156877350783,1.0,1.6259726942294095,1
4470,0.8704703751546234,0.2216068074096188,0.5701355175565562,1
4471,0.32912356609000376,0.3722105456568447,2.707810490673815,1
4472,0.8755970135665657,0.11329604977317692,4.569289524506523,1
4473,0.7936387298719455,0.9791236349943353,3.807282608057365,1
4474,0.5000717217383733,0.9684542844189562,2.8378733577725748,1
4475,0.5719233706844781,0.1587889839939689,4.146182767988068,1
4476,0.7869497874054223,0.9055104668521998,1.8507391807860696,1
4477,0.9451353590583083,0.8785742337442666,3.5593789393223294,1
4478,0.31628805337992505,0.35199413379110916,5.289242064324485,1
4479,0.8378226823244467,6.820370765107109E-4,5.709849924255577,1
4480,0.1713699580234542,0.0,4.556195952878701,1
4481,2.0017351325236682E-4,0.017460186594854044,2.195566954613082,1
4482,0.4883625770498049,0.02525584609119502,1.6049227282993308,1
4483,0.0,0.39220305413398,4.223565249078687,1
4484,0.47180992237464864,0.3718759145278283,0.3987256817703355,1
4485,1.0,0.9946952553267843,5.781057825231105,1
4486,0.21264795838500147,0.4023691811141483,3.4976842262593673,1
4487,0.09014166713213045,0.4454610956636238,5.602842988574885,1
4488,0.7278800940382508,0.0,5.310016880450556,1
4489,0.9328361507124636,0.39167479135541344,0.377028304802056,1
4490,0.6704077765804108,0.7096496470358055,6.198459822613723,1
4491,0.4887447109458039,0.461722427625124,1.283887535399844,1
4492,0.11957559258961076,0.31197462221004296,4.194587440059511,1
4493,0.8387320332332547,0.6757776682266605,3.3033212431443415,1
4494,0.2852792569355178,0.0552946882556111,0.19891108948079173,1
4495,0.5459307708732576,0.21151834428407254,3.512669319260827,1
4496,0.10200027195477665,0.0,5.327003849710971,1
4497,0.057099103121245255,1.0,1.6269874938810405,1
4498,0.44639108101173386,0.9962202426323561,3.0779938956870807,1
4499,0.8959225897740785,0.2082888723518108,0.5796179510045147,1
4500,0.4549299974436363,0.8746201328062093,5.713598172393088,1
4501,0.0017683890691730284,0.6352415710815181,3.9234578365806723,1
4502,0.25151029414586706,0.3810869140041368,3.723151876736316,1
4503,0.6064314989788578,0.25829175226969825,1.4538363471038334,1
4504,0.27558263821371287,0.8498125574563659,1.7911863704397846,1
4505,0.003174951297371274,0.45263001331618335,1.9576716341351967,1
4506,1.0,0.3681682977477009,0.1056538699158871,1
4507,0.13671276414392836,0.5254491732699715,3.5640103488031065,1
4508,0.4781564190933329,0.04551683061885054,3.090901019161882,1
4509,0.4897953981144362,0.3544241707559849,3.636880583023745,1
4510,0.8277835795472114,0.0012010178915059472,4.4341755752355265,1
4511,0.38234827221536005,0.35272811752771493,2.954850266142368,1
4512,0.0,0.9995247330323306,2.7646821414325817,1
4513,0.9014823514708411,0.6251363540596023,6.190638427804246,1
4514,0.6289761235913269,0.6160902281636235,2.6997170484334667,1
4515,0.3981276895681872,0.38684990011286075,1.1950095147136026,1
4516,0.0015509105327025231,0.573140345407853,2.9142331022847197,1
4517,0.11924594539266196,0.09375964767283285,5.490049362186935,1
4518,0.3986754576928544,1.0,0.329768850373079,1
4519,0.1738932576124622,0.9997158714767399,0.55145517806813,1
4520,0.24614287479122088,0.2509234335412261,1.5803088953459024,1
4521,0.6717080085986292,0.5908417237465294,2.4837219545839044,1
4522,0.6861596040692063,0.3191771322489298,2.820423205217887,1
4523,0.6495649221033626,0.9493883754310368,2.100042658465948,1
4524,0.07401856400968439,0.3352725819583934,6.077798024528055,1
4525,0.032994534540810125,0.446996643444646,3.8164221886360803,1
4526,0.1257737145622564,0.9914881992838218,5.5912120554644416,1
4527,0.32960527875705165,0.719017960243485,5.904970261878439,1
4528,0.06470761919939894,0.015774019799513248,1.8241836685791286,1
4529,0.8391924905737763,0.2579832597746022,0.5772742934124749,1
4530,0.4415128821369949,0.7227258303880344,0.6703308904972889,1
4531,0.3604035669455544,0.18285734330571957,1.1083181977367433,1
4532,0.8640741896567262,0.5268014631694047,3.9805899170962684,1
4533,0.14842603706921711,0.007456210262671613,0.4319084009041845,1
4534,0.7702475284221061,0.5628594194567861,2.9609419078821726,1
4535,0.4116567623156887,0.97746257877869,2.0251262967570547,1
4536,0.7958588338194231,0.9194884801428174,2.4238225427217435,1
4537,0.0,0.6793081353610091,2.6321837397642427,1
4538,0.22052997081835873,0.1157527520496537,4.24740751500904,1
4539,0.843256937395788,0.06570373322392101,6.237330149381181,1
4540,0.9910181456427342,0.7417176632384046,5.123099597801378,1
4541,0.0880744393254695,0.5901685627758726,3.011377978390525,1
4542,0.0023607441369274634,0.4908878585631974,4.803499885372975,1
4543,0.3743207357260069,0.27619197355549907,1.156577241301464,1
4544,0.5284917245500673,0.7847386015323429,3.611057877509137,1
4545,0.4498948493193762,0.8529494148750908,6.196377837872926,1
4546,0.19660442755724658,0.18750250054575487,3.88542679250732,1
4547,0.47300475913723966,0.9977957078708051,2.0673548407739486,1
4548,0.48821609683740147,0.10789667381177474,2.8228824428834365,1
4549,0.10765442912488782,0.6274105628860395,2.9842924315832207,1
4550,0.09342872529683185,0.8213034964624424,1.266042692280134,1
4551,0.43825043708463,1.0,1.881019111285022,1
4552,0.9998693678666387,0.029111035164399533,6.224263331002874,1
4553,0.18037455940794092,0.06587257388836475,6.019636832132285,1
4554,0.7607746851576009,0.3600192182314835,0.5944319189496722,1
4555,0.9466958434809406,0.1972851290334305,1.2875276490183525,1
4556,0.07101388198322549,0.1527867451244953,5.567893750961492,1
4557,0.8973505025261678,0.9058959456778766,4.20853300996163,1
4558,0.5104866960721517,0.38240188257365215,5.866262986735099,1
4559,0.0867575903040303,0.11896313339370986,2.4792324182297456,1
4560,0.16112715050272097,0.6232201668081498,2.504611365479353,1
4561,0.046565434762706456,0.9608581381348664,2.8600488531995873,1
4562,0.22961756726277632,0.5948511496134177,1.9333963856437946,1
4563,0.26198328772168933,0.7830548628913097,4.120906666471171,1
4564,0.9602677823979097,0.09647350215330246,1.1549311072403308,1
4565,0.8029238284201963,0.08648937128587,1.8914423255651065,1
4566,0.29194460092143915,0.5877230335302241,1.9185283035139433,1
4567,0.08228577826918465,0.7564628745792987,1.6737336835553955,1
4568,0.7890729202324557,0.54747770966034,3.2121282975309353,1
4569,0.7743216754058071,0.43865903662167754,3.0730078875823286,1
4570,0.9558386403943252,0.9986734290005144,2.836203429758916,1
4571,0.7991739775131605,3.1194001354537795E-4,3.7568938337548627,1
4572,1.0,0.189820956509774,5.917042106054835,1
4573,0.14485449960318122,0.05249867388328254,0.9920566988818929,1
4574,0.3583705077767518,0.7259853104755435,1.4974183404862353,1
4575,0.8705291962967323,0.9651054316127188,6.213309084799106,1
4576,0.7422461400669196,0.974644148730368,5.19165977724402,1
4577,0.3159341208162315,0.3458776597463829,2.5741040047480244,1
4578,0.6968137464080463,0.9992698148252305,2.644129101196136,1
4579,0.09190637669322212,0.028923874484159878,3.475976000767303,1
4580,0.6406207176383427,0.30892950660549184,2.461326828772872,1
4581,0.6021510502679608,0.9686884483882077,2.365541037599132,1
4582,0.42960089473918855,0.32371598722109285,5.051307744186695,1
4583,0.7361335142141199,0.9143714012435611,6.247053500191176,1
4584,0.05488693517691413,0.09168260667939639,3.5218970520548347,1
4585,0.23022881605076345,0.3882176202796767,2.7802516826244306,1
4586,0.3648069358350398,0.464620921718346,2.6297188676935477,1
4587,0.4878763506421276,0.9344275708616753,0.17530646719580903,1
4588,0.07390073542502644,0.22819760117919408,5.479737020820964,1
4589,0.12438144270260854,0.5210605844629588,5.1018376591829275,1
4590,0.9991546927078422,0.0,4.638964127976531,1
4591,0.4807344756259754,0.26846772010598596,1.202084056486201,1
4592,0.9989976650557045,0.4244881395109796,0.9472852832752157,1
4593,0.035263281318583944,0.999983974333334,0.18966797688049336,1
4594,0.2893107064830849,0.4775373306079413,1.6977708117144716,1
4595,0.2655789438269931,0.12670486753206198,0.6910717971094158,1
4596,0.47843131002782335,0.1449310512048346,5.5674627002900845,1
4597,0.07631152531004788,0.0,3.9910997775269528,1
4598,0.2850156101395427,0.40241242330353916,1.1765896595371113,1
4599,0.792082943888644,1.0,2.0389110579034573,1
4600,0.8769485429567356,0.2226067059400771,1.3144866003414002,1
4601,0.846918416346834,0.26126624910255614,4.400729427294814,1
4602,0.20442918772108878,0.40349596704088553,1.635935927328354,1
4603,0.797998892016222,0.7260346654756845,1.6115400292362116,1
4604,0.3972805520805227,0.1544222279185231,5.895157728218952,1
4605,0.2656766356642167,0.5601380659960853,5.814600973892449,1
4606,0.05766381455391742,1.1407435060030116E-4,3.6286434499339046,1
4607,0.6617220221636192,0.8621150606872231,3.188516683352244,1
4608,0.2143638329751059,0.547628236368788,4.655535360475771,1
4609,0.24356888274093602,0.6469756067809509,3.4986807337380172,1
4610,0.6047710057529284,0.0014638041980482167,5.2033039109883115,1
4611,0.857841690366047,0.8376200368692744,1.1327808428861172,1
4612,0.3373489185664033,0.4211662387336817,6.194369852067011,1
4613,0.1567244348144886,0.6362585707815019,4.825714601372257,1
4614,0.9113249974113742,0.19886309761962878,2.381438709435601,1
4615,0.9745238041358436,1.0,1.8476241237600577,1
4616,0.758382494186682,0.09645801042894747,5.8392790862386015,1
4617,0.0,0.39867747202802334,2.702120032576287,1
4618,0.5047425965966962,0.5278162126459641,3.5964845677217534,1
4619,0.0010575593516208679,0.5110549601421357,4.346795413170204,1
4620,0.7708154272295163,0.29871443572286444,4.223768957567394,1
4621,0.11826024975639628,0.35845555440040006,5.3366209625936465,1
4622,1.0,0.19079021137165203,1.0774168507258346,1
4623,0.16447912005014034,8.087315256569009E-5,5.252985538620308,1
4624,0.39860827933187193,0.0,5.441876546594863,1
4625,0.8023765957986351,0.9115366043773612,0.9137766386004635,1
4626,0.8365667492932306,0.9434370355105428,3.9893220479246545,1
4627,0.2474147362932259,0.17489050208432366,5.000279517342158,1
4628,0.7136624636892219,0.8850838857170894,4.340806822853471,1
4629,0.796649669340199,0.2810809721542308,4.323572027694751,1
4630,0.7268670590366288,0.6334333794547979,2.119033006283873,1
4631,0.9444118485694054,0.3801824082986626,5.344432450390879,1
4632,0.057376744717295126,0.7926421746205377,1.3040239680764474,1
4633,0.1833703537086135,0.07990966643646163,2.591688318019903,1
4634,1.0,0.009481801974708434,6.243320650897024,1
4635,0.5567656324621596,0.9653417039183213,2.4819664518653872,1
4636,0.3436203189311248,0.5464500240011317,4.085543797967258,1
4637,0.8185508384366974,0.10624768637198899,2.5240662458820853,1
4638,0.13326593124011687,0.1703627949650035,0.009948961593296071,1
4639,0.031141668627815,0.8152204404517284,4.387026995529226,1
4640,0.2024481330963441,0.3474763999968288,1.3492460444809393,1
4641,0.0773049291928273,0.4189864991330599,2.708491746283502,1
4642,0.3108998903290984,0.6698994401867846,3.9731944041416796,1
4643,0.21762148302033946,0.47216860098383423,2.2615140348162956,1
4644,0.9999360252766826,0.9283790782878665,5.586403064469036,1
4645,0.9286890787981394,0.7618722804458937,1.250376848609777,1
4646,0.12651037974579782,1.0,0.9726128273524086,1
4647,1.0,0.49814496318000506,0.9756749961098506,1
4648,0.29442219401651165,0.5644063242475972,1.2902442854391485,1
4649,0.7012345108269394,0.6481048048083274,0.9178879424151984,1
4650,0.3465927946521298,0.29260651201531085,6.033702004597735,1
4651,0.5611984732038793,0.665616495124776,0.07450867360546193,1
4652,0.2235012215879732,0.04537325274691821,1.806477353172845,1
4653,0.8929433117986006,0.7930437120018213,1.6473418403496218,1
4654,0.46307359059475056,0.7333554927817413,0.14603980632397673,1
4655,0.16422006973327605,0.8756620418461708,3.4449926026360425,1
4656,0.13121975194371024,0.6589558352047953,0.9569754977937814,1
4657,5.755770602822658E-4,0.60630982310589,2.546975106371188,1
4658,0.8490289718417566,0.8201939487298515,2.8672296002095052,1
4659,0.0,0.6913406142139985,1.9709342471060132,1
4660,0.8351578116390628,0.6785235842643752,2.5350198781023954,1
4661,0.041866074944429545,0.8655139780170009,0.5206771320000696,1
4662,0.27862360107181283,0.9986897897199726,0.3216106003387351,1
4663,0.006226016884472678,0.551783005068758,2.6242970301600583,1
4664,0.06598097103268492,0.5122623205357897,4.532433267976844,1
4665,0.40894072936994497,0.3304673539286513,4.795405697270877,1
4666,0.7113501785022389,0.8919216309918794,4.360806492222485,1
4667,0.1020100615231423,0.28458478128625114,1.5843181672497642,1
4668,0.0,0.7588206772517716,2.591405134252894,1
4669,0.4362425291558221,0.364453426563533,1.8778828481974839,1
4670,0.08609485672021024,1.0,1.3936165713209332,1
4671,0.0,0.970605027893392,4.1362396359338325,1
4672,0.3716300821081812,0.9649022965562705,2.8212122160202013,1
4673,0.9980540964319718,0.23813572181384385,1.3089935811102418,1
4674,0.791352778475302,0.4768485954408753,3.9161573628575326,1
4675,0.3864557756305697,0.08491498525516503,4.111409601808456,1
4676,0.23802532243696045,0.4730126257459725,5.2070565979103325,1
4677,0.5770309134490766,0.024942270605025258,1.9692790345346358,1
4678,0.7147583792553316,0.539782403763284,1.5172299965755751,1
4679,0.6349532641206261,0.9990534103162783,0.32260135168712933,1
4680,0.15566904390290356,0.20373652917936672,1.0512095091156166,1
4681,0.29684413844320195,0.5954166841648193,4.306814565610543,1
4682,0.1838336611213658,0.5266820202687819,1.553706865858418,1
4683,0.10491833018219017,0.13032546246348276,3.8624563857034144,1
4684,0.9943915938186706,0.3907368518124216,4.381085186241799,1
4685,0.6104708332324238,0.26566603700275576,2.920665573430317,1
4686,0.2224120634155274,0.02383799768586585,5.564812245591397,1
4687,0.5997100273629165,0.8931261842811568,4.450528856100666,1
4688,0.35386907572079035,0.2736177679601541,4.671661855629485,1
4689,0.7902851509054417,0.7024662241394458,5.005770774611833,1
4690,0.6742045838583999,0.017038900076545353,6.017921434836282,1
4691,0.03327957283939283,0.0,3.544159771550008,1
4692,0.8031888667704808,0.7821383726133713,1.5589713171241484,1
4693,0.6243058708101117,0.4264590160612059,4.8190306351922665,1
4694,0.7738334013850552,0.9697840765584392,0.2660600789439774,1
4695,0.5076582404874417,0.3850644803808359,5.949140453251136,1
4696,0.2676181443751294,0.2664214619408227,2.071314510651153,1
4697,0.6388673251882877,0.5744776176744616,1.4968662937967705,1
4698,0.6090541611290333,0.6095587943051091,0.24476397372842223,1
4699,0.6697602630952191,0.8600753989694736,5.148496710621963,1
4700,0.6102891279234597,0.5733108355594996,3.3093833563223716,1
4701,0.5863548267481775,0.43402016696339085,4.6745289649676485,1
4702,0.33418127518884655,0.3187856486324152,5.9390485284426555,1
4703,0.37573650029700756,0.496450956378101,2.8952095106701665,1
4704,0.00946806423739875,0.0,5.50200656662674,1
4705,0.33873028178465886,1.827214108395882E-4,3.6909527217063443,1
4706,0.0,0.9991347425939857,3.1488811229748968,1
4707,0.6859552812253747,0.21455781479253166,0.41271720919408567,1
4708,0.2859931276745478,0.40151488603970076,6.166915999516071,1
4709,0.4439143243681859,1.0,1.9260680603404494,1
4710,0.221996728940471,0.1849398811019967,3.3701848555592693,1
4711,0.5063598443756495,0.11227589795114788,6.143696014827749,1
4712,0.9999955247769571,0.6885262342521566,1.5763903847747793,1
4713,0.719915364543534,0.34019580176002084,0.009937864241113203,1
4714,0.3564029538139703,0.7902482208643602,4.088622465729146,1
4715,0.884115437756366,0.8103325501252568,0.6968572070051314,1
4716,0.9139458298465917,0.7933681333179726,1.8393102956082568,1
4717,0.6823744416664215,0.8134597667019878,0.6226324203676857,1
4718,0.9989111353645531,0.5869379036742642,5.295518778831253,1
4719,0.4848179781890799,2.483986061916303E-4,5.801966993505209,1
4720,0.0,0.9957613993008977,2.4794379236725432,1
4721,0.10835972384413244,0.0,4.895690634008909,1
4722,0.7739577349252621,0.7432615486070311,5.036166249141144,1
4723,0.9735691729949025,0.5484298880816987,1.9873345172707217,1
4724,0.07144269544511166,0.9780762106897345,0.20822553753045378,1
4725,0.7100510241500387,0.7591482026141951,2.574318075308785,1
4726,0.5037825335912373,0.26091033741417696,0.9503947470178646,1
4727,0.7719837373168897,0.9186946359156268,1.351223711268015,1
4728,0.9773392609152752,0.21949798438302834,5.316836277618716,1
4729,0.9008078161052415,0.6945578746407174,1.4987868877696469,1
4730,0.714618145943841,0.9840509962227458,5.359540399220855,1
4731,0.27523279457604455,0.7388163374338603,5.012356181604967,1
4732,0.3787568772326071,0.8642824500610319,5.844107117231896,1
4733,0.38459172791251867,0.706780643166211,2.3379614356107448,1
4734,0.20367340659631628,0.6987316232940453,3.0723770456603576,1
4735,0.8463761459296251,0.9960946035852122,1.1416264997836827,1
4736,0.10166112136524588,0.7374120933788717,0.36730526283409515,1
4737,0.642443658906305,0.6849400111272226,3.8028742716227,1
4738,0.08822849956558027,0.6006295627559376,4.964895677487082,1
4739,0.8511323227605196,0.7538528344945206,0.7534043085072261,1
4740,0.5871554889091908,0.38707439264244975,3.2064305589670092,1
4741,0.385532162391675,0.27734085938164516,2.2329610757039573,1
4742,0.939223501180152,0.3762126892134703,5.511569967737101,1
4743,0.5612827899775696,0.2578949586685572,6.2371996819161195,1
4744,0.5613454647582758,0.21855498508374177,3.585709658493467,1
4745,0.47502361861781806,0.9959214278074199,5.977396685854712,1
4746,0.26402083259999226,0.7314226692318146,4.469904163531119,1
4747,0.6329429013931556,0.5145792980369316,0.006813055815094948,1
4748,4.207101198784796E-4,0.7693021668118931,4.142657342850607,1
4749,0.47190201297607365,0.7925731832632704,4.893849212018178,1
4750,0.10503786862561018,0.0,4.338586932135947,1
4751,0.0973390432235851,0.20173278805704623,2.2982202462854753,1
4752,0.38992604505226935,0.8926933959591338,3.4518693875080855,1
4753,0.6306034146206426,0.5334026587239775,3.009691713772251,1
4754,0.3234085460876736,0.8274367842638534,4.994790969155785,1
4755,0.7320437504441749,0.2124338227127021,3.2807268170966495,1
4756,0.5522247072264437,0.1454074905560633,6.196966721800156,1
4757,0.5359579284181994,1.0,2.118687417776186,1
4758,0.550247408589048,0.6832372576485864,3.83667243375852,1
4759,0.6165260684332288,0.2781448145111874,5.557962266167015,1
4760,0.13043460016682623,0.8752288490448334,2.5605607190514514,1
4761,0.7602670811173328,0.6648824734283727,1.762526485319365,1
4762,0.854455580122569,0.5149041833395892,2.6771070831023605,1
4763,0.49478475483383055,0.9983100817035785,3.278806603004968,1
4764,0.8243698057504748,0.7851562639235852,5.989523438624959,1
4765,0.7575513838505575,0.44061097707801233,0.8213761494734488,1
4766,0.1891057812404381,0.19364979632428778,0.6434916617600304,1
4767,0.6616682011198138,0.19085882999406584,2.591465081373455,1
4768,0.09553448972783185,0.839340197775063,1.0823190713312802,1
4769,0.6886570358948761,0.6322887611996638,0.44189628923968044,1
4770,0.2735341934976379,1.0,0.6148899933745423,1
4771,1.0,0.48886700637084995,0.8919192271755233,1
4772,0.8915652157099735,0.458944582784193,1.620497531334842,1
4773,0.6421659232582234,0.6117482842291574,1.1390731892955115,1
4774,0.2533718212118256,0.5607078932673755,5.8468750367600295,1
4775,0.2915920015249101,0.4596004034865367,2.8292045068346012,1
4776,0.0,0.9458204174203342,2.676028531659836,1
4777,0.9621196578682849,0.12421161715303387,4.85784194622661,1
4778,0.49775011856026785,0.144601832889267,0.47168553476558706,1
4779,0.43140550903941816,0.21102273341817784,4.5356652482534425,1
4780,0.47512847616923626,0.12156526891623058,2.670649465684771,1
4781,0.05749854931574945,0.11620586568547248,0.08949678737932197,1
4782,0.9024432043335743,0.8332860270890919,5.761108067413703,1
4783,0.20866466537403805,0.7109521664745889,1.52257569334672,1
4784,0.0,0.88617567992258,3.1690768011980093,1
4785,0.27311563107938613,0.1740694831596307,1.6057070993282934,1
4786,0.5743341854183136,0.2736030330047069,6.052107692858508,1
4787,0.5657938756603365,0.9144296867500564,5.656231311416543,1
4788,0.6485633301675404,0.19626007491237243,0.031463330013210264,1
4789,1.0,0.3092160647124394,0.443984113327052,1
4790,0.5943001647490702,0.9875876346591947,2.4149913898019353,1
4791,0.9692609510304531,0.5645075653113032,5.604746290478797,1
4792,0.6076791110312079,1.0,2.5364404266433733,1
4793,0.38763733854188837,0.022359743325470343,3.239260957450464,1
4794,0.89049582596659,0.836216549408732,4.797788865638959,1
4795,0.12332851878880711,0.3941238628764244,2.8455810230658023,1
4796,0.6738840174821066,0.23073761429101933,0.6048024889559829,1
4797,0.8903679949368279,0.5764457511146303,5.7337386084251225,1
4798,0.7864779458307902,0.9804473218268641,1.8109283131238252,1
4799,0.6156673905926487,0.957000390100375,5.286808696149098,1
4800,0.1421085615096615,0.16315025416273352,4.986632205340531,1
4801,0.23853613284680528,0.09549085249725166,0.5160107538750599,1
4802,0.0,0.8533007141288921,2.7896517969398564,1
4803,0.905624446063812,0.1784536385975869,1.2401965550286627,1
4804,0.04077621200101882,0.8333177545443456,4.640852342904688,1
4805,0.5717655649435659,0.634239730956297,1.825617794756352,1
4806,0.4194333070946896,0.6006376434083716,2.588308816801859,1
4807,0.26843731102921065,0.13885700936374148,5.234273759695732,1
4808,0.535735295693123,0.9637560102501918,6.274159182266495,1
4809,0.5721893693993924,0.24648853279575308,0.22832110261642197,1
4810,0.6206521896791004,0.7142001849156125,0.7907873172990282,1
4811,0.4788640946148203,0.2534921804895705,3.682395281054357,1
4812,0.511303554761064,0.8528378977302089,2.964731766616266,1
4813,0.2220202510160799,0.7572756840709277,6.135730481392646,1
4814,0.15506222286865415,0.6654057325576473,3.9507767214789786,1
4815,0.0525374193760848,0.19516208685297196,5.8480200500121,1
4816,0.48696527753310237,0.942103094843304,1.7127777995314861,1
4817,0.9340608097883453,0.8983458041894155,4.974974202723218,1
4818,0.5097426689035024,0.7614355148340921,3.6568998773198724,1
4819,0.3377743075424064,0.8526769583321543,6.100535865443235,1
4820,0.9315865198718982,0.9676473584899165,1.522128057136058,1
4821,0.7500102789561398,0.6305196271180814,4.2915141687218785,1
4822,0.340411731346011,0.40932429277861804,3.9865858512586323,1
4823,0.1082588006730439,0.33679580902328987,4.096132002474185,1
4824,0.5178869354463437,0.5464959881466717,1.6050170640581853,1
4825,0.0,0.40739029899141105,3.0602434462463055,1
4826,0.9907187674612205,0.27695056351363706,4.455858813560468,1
4827,0.9230585304152886,0.995724528929601,3.0604260862773724,1
4828,0.1953498602913195,0.9699879112596314,1.979854541345854,1
4829,2.0962913791559498E-4,0.6920609024182772,3.8892092235862403,1
4830,0.4746725965724274,0.4966652441018492,2.558777029267695,1
4831,0.9980737775596801,0.8036918529865346,4.598639463198942,1
4832,0.5780613006196645,0.1610265882366264,3.784481063808031,1
4833,0.3664199373467159,0.33362400082108984,5.033047270700136,1
4834,0.0,0.5965266329315805,4.092669746452197,1
4835,0.0,0.8900641989097595,4.289753566588764,1
4836,0.5741325767110751,0.6145894071293673,2.8452011128774983,1
4837,0.4230078023946134,0.5800424881762093,6.12651576144188,1
4838,0.6180653836458995,0.7333986036191399,4.185487864783117,1
4839,0.11214458680406768,0.2646533765429038,4.179407928767485,1
4840,0.01246190399248214,0.48122793498029376,1.8483561631800085,1
4841,0.4484028403360196,0.09003707626378564,3.9145510347069625,1
4842,0.0695772400191638,0.030987011885323282,5.218797520120622,1
4843,0.79771641683968,0.6896412233018838,0.23842768911023635,1
4844,0.833105727795791,0.9240540196634415,1.9731513913713814,1
4845,0.17020714478217314,0.07712380655144577,3.748538292705246,1
4846,0.7786839527066138,0.5644700220002605,1.9922293759070968,1
4847,0.5401387228648624,0.33377610548945824,5.28633824201701,1
4848,0.6551748930659709,0.0,5.348624211392619,1
4849,0.5038003191534081,0.15882166217704713,3.429694771551315,1
4850,0.9674426368619439,0.34795196308947773,2.391023877665282,1
4851,9.243636152807111E-4,0.0397917228673615,1.6954476519570458,1
4852,0.8653415315997748,0.264918178735961,5.786898018527842,1
4853,8.273962580650781E-4,0.17022443969854373,3.296705401479036,1
4854,0.220134703339888,0.6903877315558409,2.8376246710835455,1
4855,0.5863121814332835,0.16572633935996256,0.12224983017728341,1
4856,0.45556831985518004,0.22928253175037785,2.45098166316375,1
4857,0.20282940615746758,0.4463605664061522,2.7294836619095504,1
4858,0.1428565133902564,1.0,1.176348876630074,1
4859,0.440951184026547,0.41514471357269633,0.30700996526202007,1
4860,0.6943851419899539,0.13482825339986737,6.134112616515559,1
4861,0.5671505940705845,0.005550669156097472,3.2807570553235825,1
4862,0.7320509500320705,0.7087881750085234,3.0427183929069153,1
4863,0.48932505856475145,0.5824535989038657,5.566152031780411,1
4864,0.19188759074413664,0.08885287917735624,5.973125925996026,1
4865,0.3699923904914556,0.0,4.011941037703663,1
4866,0.0,0.22624309464197692,3.3350042372426696,1
4867,0.23405831562195,0.33111663625237603,5.287598706652604,1
4868,0.5176449289122024,0.2046459534500815,1.9878913954733757,1
4869,0.46943262307079087,0.8633660031652794,0.8013681828677236,1
4870,0.37522941097454454,0.7809950943528893,6.171132517942722,1
4871,0.506068356301515,0.576029682144422,5.633858440191472,1
4872,0.4973094630536662,0.05593211844397953,1.82188379436563,1
4873,0.44866722260752345,0.1446577564347685,0.9451788092885742,1
4874,0.6664851191119823,0.9410958980329966,4.140401125896639,1
4875,0.9751411209910418,0.7202493374313984,5.832780971413101,1
4876,0.4581571565798928,0.42604615329156814,5.43821516179362,1
4877,0.5159650289251272,0.4352480999348116,2.3446119064980597,1
4878,0.21412818791351604,0.9037977904231723,1.0665070055010761,1
4879,0.0787921931838705,0.4479932966604841,1.9602314419993316,1
4880,0.9967512260400908,0.8335812213003544,4.74524907753552,1
4881,0.9139182406455547,0.3794752324984787,0.9458866609908896,1
4882,0.5078159025117873,0.14443293785214117,5.370201867217541,1
4883,0.647295517715259,0.8487259133071398,3.3686370691483836,1
4884,0.4443598432883732,0.43250910684428767,2.1825716152154793,1
4885,0.5718547282931786,0.07345025107745488,0.5105973412620293,1
4886,0.32071641243422,0.7705260229558718,4.626273001066621,1
4887,0.056200953317229865,0.9998409214728669,2.7599885764236065,1
4888,0.9057091435401231,0.10595048629866419,5.373837085770202,1
4889,0.6842812749637381,0.45002620986554576,1.0420871973908101,1
4890,0.393623981026488,0.09693319529389123,1.567325427765053,1
4891,0.3198662584009869,0.9641760862618938,0.786747741230224,1
4892,0.07473357042649993,5.910079429253816E-4,3.591154944212699,1
4893,0.32255264321685423,0.17439055592167133,5.855231004384157,1
4894,0.16439463141335334,0.4659270879071244,5.726772931201112,1
4895,0.07009606447329393,0.8502496868019365,5.066334019559918,1
4896,0.9234102863008735,0.1319168403018601,1.3615724696497673,1
4897,0.6451297374459657,0.0,4.313140975685911,1
4898,0.37617951282528894,0.10458574577667429,3.488261901674213,1
4899,0.08563509686531055,0.9429098924059648,0.6639774460370897,1
4900,0.9057340143078464,0.7390952289753,0.1238897718175334,1
4901,0.2239625085577217,0.5652623780554096,3.1247628244863126,1
4902,1.0,1.0,0.5896700718616971,1
4903,0.8398728093812379,0.34927694089503186,0.19240395620222153,1
4904,0.18831743349740132,0.7285994633277778,1.6017542421880384,1
4905,0.36545776995888485,0.7816493381556336,4.611175011527761,1
4906,0.7544481810043069,0.5130363616424726,3.682809756612265,1
4907,0.944342825014687,0.4591969231420573,3.2065317441565613,1
4908,0.027456974223183706,0.05493498074628524,2.923153436898257,1
4909,0.7232832497348413,0.9762499988775546,0.7731600124891604,1
4910,0.7215606590155352,0.9626191073483404,2.6598041583577263,1
4911,0.03640346229006308,0.4831719286589109,6.104584798295957,1
4912,0.572780292633438,0.7855030345785686,3.565450596969555,1
4913,0.9064813546486369,0.5285134837562953,6.1467478954321875,1
4914,0.1372743261702542,0.0045994301440641615,2.3772738147879244,1
4915,0.8725644587960772,0.6542806787043408,1.8350714951072196,1
4916,0.8809833721121667,0.23290328751727238,5.268826925424316,1
4917,0.6519286299611737,0.3480206067013707,2.299848388659798,1
4918,0.630883155271076,0.9970631403303725,6.277119469206081,1
4919,0.6106815128638936,0.5247805597758298,4.488142203480142,1
4920,0.36996541532110355,0.3816250836138157,2.6773289157892997,1
4921,0.9037373345648537,0.4284138350351855,5.258791418920036,1
4922,0.8688504459223084,0.04519938421843507,1.8013403815086269,1
4923,0.7960543901094013,0.42386748729941487,1.760191416727995,1
4924,0.7669954347182034,0.38425534926962684,4.03732930308721,1
4925,0.8807962820545667,0.204507968103704,1.740906857874534,1
4926,0.5077245769325714,0.6735699539133863,3.671461851521332,1
4927,0.6729631534531909,0.9670745767696589,5.674931460478895,1
4928,0.46243168526880435,0.5266058699686911,3.800237184946867,1
4929,0.17687221860232183,0.27134140513227833,2.0929903864695314,1
4930,0.0,0.1279825117355826,4.195880456599329,1
4931,0.8681237692594311,0.41747781818652396,3.498869696359573,1
4932,0.9927824214568275,0.5251391602848128,5.584645460453656,1
4933,0.8770345073211986,1.0,1.2772888584285371,1
4934,0.6598067913719735,0.3720236311476453,2.9329634506248543,1
4935,1.1312922662058049E-4,0.14760881501856205,3.118620482090349,1
4936,0.9323930741973736,0.7478129849891848,0.9379798236025098,1
4937,0.5692310602326832,0.9576971416101677,0.44557013661902267,1
4938,0.9051098422337114,0.35732387622815426,0.1913666419380071,1
4939,0.5303008431350558,1.0,2.089870612581685,1
4940,0.39251343888038237,0.9997829123623826,1.5783004010960473,1
4941,0.6674875445141814,0.2888090586729174,4.9044306230004935,1
4942,0.4764673697145214,0.8295210705021304,4.216648856044605,1
4943,0.6998518881576752,0.4624677842942933,3.4771681842610214,1
4944,0.4979307320109446,0.7363329193779409,5.074974924168702,1
4945,0.9994838265264119,0.939103001033136,6.084733334412116,1
4946,0.7532927554284443,0.30754308241404477,2.87631198983143,1
4947,2.428136368786651E-4,0.6058535088652858,4.538719738506916,1
4948,0.20914021299126626,0.7054045900196447,0.8299023776548462,1
4949,1.0,0.06546945814259805,5.135127625190569,1
4950,0.0,0.4292361572300292,3.9744141852941453,1
4951,0.8906255385608286,0.5700350528714638,3.443699851866428,1
4952,0.7539164912399028,0.04649869270903916,4.279946288689936,1
4953,0.9455917719567509,0.8273359491020152,5.294901067581032,1
4954,0.7257113820391333,0.021853624765467105,3.966805523528186,1
4955,0.9358865961751415,0.5683826804113962,0.9973180480893652,1
4956,0.50971702823248,0.789719662963026,3.9993154342203825,1
4957,0.874802427308908,0.7538583391738716,1.7092884851544297,1
4958,0.33949623302211174,0.7214231993839517,2.684271638018073,1
4959,0.24483388112320384,0.5775717843067865,2.24080769913697,1
4960,0.36283714100541525,0.039427185799363905,5.223376115400196,1
4961,0.0915695511700876,0.3247761415886636,6.097133173739348,1
4962,0.9999349398154233,0.5887725604350863,4.957447955348004,1
4963,0.9267518582696144,0.29028566370163544,2.179122481086636,1
4964,0.6704620560773591,0.19452213901467647,0.6122445421892362,1
4965,0.662813794779491,0.9694255230454079,2.501281095114381,1
4966,0.8572718483098729,0.8322051298445193,4.489784383651713,1
4967,0.2972704334251852,0.20011199663417426,0.9385193436742937,1
4968,0.830417904372224,0.3355062467309153,0.2967859776241918,1
4969,0.9668605483154501,0.2232461188094813,4.229456893089774,1
4970,0.9692673674754513,0.8321017848311892,2.342008197115233,1
4971,0.07045238745088135,0.07620725674242841,6.191528520618164,1
4972,0.9020277866211456,0.3179009721867602,5.157973225006086,1
4973,0.030327560513765815,0.5026511337436422,1.9536563096201376,1
4974,0.5227329086078265,0.2658860364651381,4.471127431434385,1
4975,0.9995951661283888,0.2052545982066484,0.545197898867754,1
4976,0.32863014098508453,0.07215876834787552,4.8122152610921045,1
4977,1.0,0.9532672351705521,0.16989916112959838,1
4978,0.5406550021609589,1.0,0.7525911430361507,1
4979,0.0,0.4982196906571583,3.1980034352171276,1
4980,0.837330980155738,0.3219886002072097,2.785561400344509,1
4981,0.15463944995548026,0.45805669914434194,5.475082647888813,1
4982,0.39662007666656807,0.0030645032541187773,5.165533250210814,1
4983,0.9024793016506173,0.18585164641018193,3.271545386483119,1
4984,0.8061187181991083,0.8323169752332878,2.446031191376605,1
4985,0.22023035364754928,0.006245434452132437,3.1694468993977813,1
4986,0.9818916135746504,0.7546133355438337,0.4155259186130975,1
4987,0.6233950904296524,0.2769844074331828,0.10205391296375321,1
4988,0.030406426252053746,0.4962802568233465,0.5418601116269985,1
4989,0.15581862757119863,0.16350222565770955,4.854660420602862,1
4990,0.5945281263322508,0.9992740362096707,2.2901837673940983,1
4991,0.5429669504980541,0.10318859489336484,3.095391056449559,1
4992,0.6652350555187018,0.22155738488992524,2.5822963839730226,1
4993,0.6357717622375559,0.1535153411711185,3.758219918387144,1
4994,0.3911952478686516,0.8371836859290744,1.764862053133041,1
4995,0.8020236126412341,0.8020251508511441,5.11780417516864,1
4996,0.7561247946018191,0.45529904685771616,6.0026648775240865,1
4997,0.1915572769235832,0.8713662553518989,2.2604505638676105,1
4998,0.17524600510968957,0.5065086347269944,3.218033650970842,1
4999,0.050312156332512646,0.7243816075064962,5.867467633053045,1
5000,0.9697840889902711,0.5513156046904418,4.92393592219298,1
