MAX_ITER=200000
STATE=25000
LOG=25000
GRAPHICS=0
INITIAL_STATE=r
POS_STDV=0.0008
ANG_STDV=0.14
NUM_AGENTS=75
ALPHA=0.7853981633974483
PERCEIVED_WEIGHT=6.283185307179586
THRESHOLD=11.93662073189215
VELOCITY=0.0008