MAX_ITER=10000
STATE=1000
LOG=100
GRAPHICS=0
INITIAL_STATE=r
POS_STDV=0.00025
ANG_STDV=0.025
NUM_AGENTS=10
ALPHA=0.78539816339
PERCEIVED_WEIGHT=0.15915494309
THRESHOLD=5.0
VELOCITY=0.0001
