MAX_ITER=200000
STATE=25000
LOG=25000
GRAPHICS=0
INITIAL_STATE=r
POS_STDV=0.005
ANG_STDV=0.2
NUM_AGENTS=150
ALPHA=0.785398163
PERCEIVED_WEIGHT=24
THRESHOLD=10
VELOCITY=0.000025