MAX_ITER=20000
STATE=10
LOG=5000
GRAPHICS=0
INITIAL_STATE=r
POS_STDV=0.0008
ANG_STDV=0.1348
NUM_AGENTS=200
ALPHA=0.3927
PERCEIVED_WEIGHT=6.283185307179586
THRESHOLD=17.50708467919226
VELOCITY=0.0008