6550,14365.615
1,0.6618611127837363,0.46451606440527277,4.528837250850531,1
2,0.6675082389131616,0.4280125732204981,6.096083501540221,0
3,0.5694123540409065,0.4912599083803718,4.0105208146656155,1
4,0.6326910798980325,0.5511970136996256,5.235324725715349,1
5,0.27091589201033356,0.48446776225182886,1.5858034554418512,1
6,0.6513755333806441,0.5383845382781056,3.0200408436344124,1
7,0.35851255024264816,0.6371881703771467,2.4106683932264135,0
8,0.3390931749997806,0.43667933801416403,4.2892853699154685,1
9,0.5774975274985874,0.5732185353941758,2.2809646598153117,1
10,0.27127684485961645,0.5782129872535047,4.486051161225468,1
11,0.6847765403570332,0.6431193559861998,2.1112939183846686,1
12,0.4187088880197918,0.39349203498963964,1.0417542547742689,1
13,0.2752388177842467,0.45167387885306165,4.333269024504837,0
14,0.5821087969788509,0.3283171516256408,5.5117234804509465,1
15,0.4138403218532836,0.39072601142134655,3.4481600605644633,1
16,0.6023348398590861,0.3626980741558789,4.422917695934704,1
17,0.9382002781474674,0.23060403139734922,2.55127600791973,0
18,0.2530760961530407,0.40459946165430904,4.069803135433951,0
19,0.23722009230082455,0.4013951558454379,2.0843411649732673,0
20,0.2720956177880917,0.6114943400287439,0.7811438330116341,1
21,0.6015526912865382,0.318819833121753,5.699980273038348,0
22,0.7038396510847738,0.47427675096603483,5.1056681008002585,1
23,0.5033077728004215,0.385649441460847,5.256682600784046,1
24,0.507767564023556,0.6298523375145253,1.6702148766435847,1
25,0.7180248105112204,0.5736669504620853,0.21323517556206634,0
26,0.175193690304883,0.027172022379744535,0.6039543305746882,0
27,0.5294501292052674,0.49905664966061314,2.352762460584918,1
28,0.7241117933603531,0.4393874097212618,0.5010985173056478,0
29,0.5756109884484102,0.7082571015931897,2.6718366383884247,1
30,0.5152744033441584,0.34926214066654765,3.6694206642534892,1
31,0.7355464863571833,0.4194218271902565,0.48192672462181885,0
32,0.7143540870163302,0.5136474891404214,1.5834791129563128,1
33,0.6134311702146824,0.43235728282063707,0.21746950565252976,1
34,0.6812089553781059,0.475286343285165,4.166012899504777,1
35,0.5202060746142078,0.41577437523827293,1.923796100452829,1
36,0.7076826297301725,0.4391750678532179,5.333442776554149,0
37,0.5959983279306552,0.35135368586553484,3.7554513375116803,1
38,0.664272404562378,0.4480742663100451,4.460095242939474,1
39,0.4931781063312571,0.5786454900256922,1.5892685689996637,1
40,0.39476530672310256,0.5981974721032589,3.712917483657841,1
41,0.43100016502261246,0.2730727765157026,4.3096283354124525,0
42,0.72109463002687,0.5953608783428869,0.5596663701595508,0
43,0.6003628946158223,0.7046220605444401,6.037183563757473,1
44,0.4914656917223448,0.23628807781980699,4.280856904060635,0
45,0.7054240469742484,0.37492210999792547,0.34577813631980236,0
46,0.31895093085076315,0.6379254826197693,2.1199945985866386,0
47,0.2612174219542253,0.5435614652222437,2.5834295480488287,0
48,0.6593840090906741,0.32763828957779945,6.132136389624036,0
49,0.686660701483173,0.3696559289868557,6.0550525923321725,0
50,0.3783492162327007,0.47650430989122994,5.659386201318921,1
51,0.47108758380485133,0.28201201173716894,5.517881699646864,1
52,0.48469630904140987,0.33020340681933824,4.808922731395243,1
53,0.44978386520042707,0.4705441300734854,1.3121503565755226,1
54,0.6248536818574192,0.3213667088358293,4.514521722424959,1
55,0.49271859516414385,0.4819912404927213,0.455315815092904,1
56,0.33130310686800213,0.6790810441900542,2.2307675367882185,0
57,0.48795072710620685,0.6545210451760817,2.1780895644597034,1
58,0.28878555896102936,0.4344971074514628,3.6408828914400164,0
59,0.5463956435462954,0.7496025795796386,0.8481549897737303,0
60,0.8964962124227527,0.9038801754854517,2.371351713136299,0
61,0.37379606810607685,0.28874615375534984,5.638846259113706,1
62,0.6174418685222118,0.6823001960274929,0.7853896688791935,0
63,0.9653587980804993,0.9653520917408145,5.032949952318413,0
64,0.738523886233254,0.548733599652085,0.10861847278160697,0
65,0.6536856368833197,0.6469389420933871,1.422214327123176,1
66,0.24365781164716374,0.5267559256751634,4.466278810182588,1
67,0.32863710668658924,0.3497350059051371,3.8405566305175673,0
68,0.3454608302519258,0.36393940778603906,2.7957802804026994,1
69,0.7507984161203204,0.5553106108298328,4.446153763436026,1
70,0.3326125240345177,0.6664937268143616,0.9657312367792346,1
71,0.6645899258974276,0.3758924245358062,5.396860481287083,0
72,0.596133637549477,0.4648436782574655,5.517591599998298,1
73,0.37759345557993845,0.26973249807485555,4.884432796502519,0
74,0.3575729662596716,0.647598689465563,2.748471053789753,0
75,0.6681088509358806,0.31967750623375535,0.28904622411014547,1
76,0.5804486207645486,0.49777750018542327,3.284768273530646,1
77,0.2624294828046635,0.5224158469850103,3.8249239694944883,0
78,0.47843067029629316,0.6236926839974196,6.185646354362147,1
79,0.3656849760426383,0.7041601408866781,1.239061200703456,0
80,0.37022842141386086,0.6411638746008285,1.3672382978215742,1
81,0.2982276506350088,0.6157200080486885,2.2964621755791614,0
82,0.24988645168973864,0.4640923938500274,5.058251905453204,1
83,0.5945395476982164,0.6508572366128406,2.6432299331900673,1
84,0.5039108096125344,0.6240098436844177,3.009218610238516,1
85,0.31568616151138645,0.5324819829829828,4.100723896035174,1
86,0.5875430270482226,0.7203308088728945,2.4550711935354754,1
87,0.6528525427704942,0.5865692981063614,2.9999726903676227,1
88,0.45145157498527044,0.7454825604441534,0.5387730852293603,0
89,0.5093646555452617,0.6064201684251562,2.5012724923924465,1
90,0.5749868780595399,0.734979059676327,1.4910117984193472,0
91,0.23520855944300842,0.43120302075399025,3.8042321452720387,0
92,0.43442836699613885,0.30788927754240153,3.796659873178085,0
93,0.26121475278768813,0.5549129984708548,2.4251175580257147,0
94,0.47496474605886546,0.4527006780540393,0.965886097447993,1
95,0.4797740156633311,0.7168262504259273,2.4317319654786242,0
96,0.29331148411746394,0.6253089502372198,2.5957547791739426,0
97,0.5571213371029619,0.30155891052001293,4.3977105251781925,0
98,0.5926183245356046,0.6478838935535174,1.265226215749239,1
99,0.590054222305598,0.6654983890646453,5.570512035753209,1
100,0.23436275038365806,0.9835480486772981,1.8011247995098107,0
101,0.10400139963702795,0.9885320492611299,0.9369230262988432,0
102,0.5882211607856931,0.2722618718037637,3.9422686197920687,0
103,0.6781109004367245,0.3934912977243647,1.688204323912861,1
104,0.7002550014953456,0.3708495349085194,3.7223916685472402,1
105,0.5464835593892979,0.5089652903149248,2.2826044849422846,1
106,0.6063544534399643,0.37693191957642086,6.259317257167543,1
107,0.6166049695150028,0.530074531373295,0.3678938708284308,1
108,0.31664940086616217,0.6234134652896666,2.9859422161183287,0
109,0.48102453446143406,0.7397344849630794,2.984720664421876,1
110,0.6322483885071145,0.48253404289908386,4.024912101552496,1
111,0.5261590856458744,0.6097798777985395,1.58333553147954,1
112,0.40327096157132,0.5974758916333631,0.3908990497608597,1
113,0.32985433653822493,0.6528875491591267,5.741658439813514,1
114,0.27563109902703714,0.5126419790795916,6.237650087912031,1
115,0.3836426996361278,0.5709724397613036,4.387615269356789,1
116,0.44718146949978627,0.6329610343365122,0.9432642692769753,1
117,0.9669509054216159,0.051974309664294706,0.5330096904791809,0
118,0.44760163843324996,0.3199971845057512,0.19895558106094013,1
119,0.5519293379828333,0.5237735613911721,6.214423107503573,1
120,0.5893717231344993,0.47171850444136,0.7286476363317249,1
121,0.6033209354856364,0.44425083134148946,1.1333998883570728,1
122,0.6293715732249101,0.4814131889240907,1.8917277328010045,1
123,0.5773652659352402,0.5558989680167581,5.14527320994805,1
124,0.918942006101549,0.899513167132063,3.847191860618318,0
125,0.3867311333880194,0.6699151875377709,0.6441584338815097,1
126,0.2707699517937299,0.39820138557444323,3.256606683987403,0
127,0.5620814368490452,0.3243279920617077,0.12475346523157485,1
128,0.6679076122833507,0.6287863786429899,2.8538400749291983,1
129,0.6991654337473903,0.495878585377975,2.8971323030779628,1
130,0.757013412603928,0.5476070240357254,0.678152845868852,0
131,0.6530181726526794,0.618787993894981,2.1054383975785194,1
132,0.3037653212620286,0.5335532864846977,2.068094954480663,1
133,0.2763363711354372,0.5195676774773511,2.8036988492058597,0
134,0.7135323834938695,0.5619101662262741,0.8192780146427581,0
135,0.38284063760212844,0.7246034454194765,1.1913093452075354,0
136,0.5985916226568523,0.6263895629220717,2.021760077801868,1
137,0.36170813568639176,0.6290795742342545,0.7783275918227721,1
138,0.5404596075885715,0.4833886963388712,1.340009857782612,1
139,0.701733587652968,0.3575487492968865,1.3792075238929538,1
140,0.5485227180819876,0.3227135356541384,4.709307945495728,1
141,0.5318539996018218,0.35711993875708814,2.6099268984888924,1
142,0.24295516738475711,0.45673190503643385,2.5899473678012757,0
143,0.5070820295020974,0.6900523587197653,3.2422623153621135,1
144,0.6289055367801707,0.35492804149404267,5.858266179029067,0
145,0.7416437212234277,0.48623679232617306,4.500109073255878,1
146,0.5417258257672423,0.7233550946343781,5.790388124715467,1
147,0.3639057548268945,0.47747391889784224,2.244550787791253,1
148,0.4214319241554857,0.29676189341349457,2.907254354066159,1
149,0.2509452941948151,0.5646133966609191,0.7698553012521918,1
150,0.3208243562686371,0.4591089323560016,6.239548601034473,1
151,0.43831165018106605,0.2964924603000144,5.3102108873880285,1
152,0.0347264139354922,0.01621468445248183,3.167102476424457,0
153,0.2613786646685404,0.5565985179683296,1.186377761829486,1
154,0.30912502075419923,0.3579838550641201,3.4301426988501613,0
155,0.3691503272271622,0.6685192388088885,5.071976557625596,1
156,0.4203551532102825,0.6967289202249596,0.3335855917043592,1
157,0.5562491150935912,0.25238934259412416,0.1987909750295611,1
158,0.26747928423246464,0.4633878929488445,3.1938490566156172,0
159,0.5948740468300667,0.3195569574723391,0.12486574699099753,1
160,0.6539005859829488,0.4933545707206483,2.594347520465226,1
161,0.4022266204953331,0.4635891043110341,0.1454903782915551,1
162,0.348127229476319,0.5307570113465204,1.8529173920410908,1
163,0.5063873442192717,0.33709249404591574,3.71757574363603,1
164,0.007839024140946914,0.9895840356577539,5.3739054556542545,0
165,0.44695028524043157,0.41663960011485984,4.12896451550427,1
166,0.299676471294824,0.3619511857725349,4.999320724794291,1
167,0.505809808384163,0.26044770700559117,3.651627707849664,1
168,0.6727714198229182,0.6580054991935785,1.3606058080646313,0
169,0.6640464611316061,0.38858524357118773,5.86821846875217,0
170,0.28513355303012994,0.5178106397826991,4.352620858116065,1
171,0.26385262132086285,0.3714667853610102,5.76010113939049,1
172,0.3711948582937848,0.7132051781864648,3.8861969884839453,1
173,0.3563405737502448,0.4098701417967503,3.803477913213903,1
174,0.7392443562623642,0.4759284577836065,1.581241243393195,1
175,0.5757910005633324,0.6969550941810656,5.643685090546051,1
176,0.5689206156303899,0.256809575734502,5.788271730893802,0
177,0.5766643336915768,0.3382603687133107,2.633030963902275,1
178,0.38362741451917737,0.7152706924629094,5.347822237508178,1
179,0.5925509999041529,0.7061762960556839,3.020244186664082,1
180,0.4620436764285219,0.3181461397054048,5.032167515017147,1
181,0.4948839858713371,0.48175399658907914,2.1891822238264806,1
182,0.42524120723784115,0.6928869508290656,3.672343918756335,1
183,0.27585870331037843,0.5943366717120275,3.82610118450045,1
184,0.2755179299681594,0.3835110071256484,2.4787326761002904,1
185,0.5027746025066662,0.54438412328212,0.6419317253286733,1
186,0.5973047737891567,0.6761801245626047,5.384154865793507,1
187,0.43592684495434675,0.30732720876810393,4.570460941693494,0
188,0.6052118216062652,0.2791955241224355,5.058720435030034,0
189,0.4364362474230379,0.5040974727843209,1.071919474519358,1
190,0.46900934101251246,0.29701007532135065,0.9894286924560591,1
191,0.7250526890952899,0.5525092864031367,5.302711704028431,1
192,0.5397052612195405,0.5701967387148643,0.91498545902393,1
193,0.4800622748294405,0.6181899798803393,5.609856824905375,1
194,0.30353123635487245,0.3953830874033222,4.6975799074303355,1
195,0.7091448208301718,0.3740571663035987,5.98821823949891,0
196,0.2553288314271737,0.4430134531297538,2.1811341292313147,1
197,0.5526485820229067,0.44661482131684704,3.0201680291742594,1
198,0.24633607088209597,0.614579586896403,3.962906579339907,0
199,0.4577453414245525,0.47037609554462495,4.475477829962342,1
200,0.5243560783901697,0.7144672811408822,1.7546568650364038,0
201,0.5376899792695278,0.3184287803092867,5.787284316944761,1
202,0.40050803636478177,0.42335540702034236,4.812159948325013,1
203,0.5115965640071147,0.6439121059338486,0.3769607066502472,1
204,0.7089290086924022,0.5217331887741834,6.146171279581186,0
205,0.34309368575463894,0.36997100942895894,5.410778229281866,1
206,0.5106795620334116,0.7001235128965833,2.551675332533728,1
207,0.7281939311561473,0.3876495220229441,0.09594257422951732,0
208,0.6357734967086144,0.6887090497749381,0.37405053961743917,0
209,0.5543513470020648,0.2747429074808659,3.929014123504021,1
210,0.3722461162975979,0.33826527236778836,3.2585485556949063,1
211,0.3988506974607336,0.5746456436100786,2.3533785099330613,1
212,0.2417569819427711,0.546184543243156,4.407831875088343,1
213,0.4284136826482858,0.515549952164588,4.783233877113795,1
214,0.3711732768151991,0.5730921863772371,2.822667096804735,1
215,0.34409373315790204,0.6920033884056316,2.742667863662013,0
216,0.3489002673215403,0.68439271557829,3.1341221538439523,0
217,0.4098081786750976,0.7159984232694478,0.24938370148657713,1
218,0.0063053394188393,0.9756604482848901,5.166074457714991,0
219,0.5704848241932903,0.3351334005047721,4.412606485195786,1
220,0.5722455737865036,0.25384408068919834,0.2941636339224274,1
221,0.35376558801740154,0.3565652744386778,4.383344959804534,0
222,0.4513825113987386,0.26997826495083815,5.04280367478865,0
223,0.4354835509417169,0.6399674616358106,6.048347110197974,1
224,0.3407511290565706,0.6692156720092075,3.508125281246857,1
225,0.5493707462221368,0.5460015879954809,2.4702885239320906,1
226,0.3070472484353289,0.399064862308704,2.3260131968583604,1
227,0.45891508459761193,0.24526161286042572,3.2222327002107125,0
228,0.5689691362162479,0.46403690601872793,5.169112971352314,1
229,0.3454450571540241,0.333184021932909,3.5872761583827395,0
230,0.6548720408566725,0.5150247612091283,2.1934844152053623,1
231,0.22036858948843535,0.4373255620209337,3.729730932198557,0
232,0.4382636374345693,0.47275918354088853,1.7767676578142375,1
233,0.4196923951068712,0.4982589227368588,5.805189419267345,1
234,0.31866409141039775,0.37380660455480696,3.1505127774451473,0
235,0.5071848836310017,0.62657691944542,2.7363224875207224,1
236,0.3828303111440264,0.5391636030832595,1.2232951651301232,1
237,0.6297862531719698,0.636984408506,2.412282872961518,1
238,0.5857488102109424,0.43048284108018675,2.2539113561727615,1
239,0.7110251826054605,0.5982366423323382,2.059637745871443,1
240,0.5636701028967469,0.6376863809291884,5.965335372427029,1
241,0.6713687713501438,0.5998220816748882,1.7924164806094278,1
242,0.2706159203736463,0.5503901969220416,2.7095814647243395,0
243,0.6180976361692768,0.40832559641558636,4.806797464290295,1
244,0.5647261984181301,0.525890562106674,0.2912348540828133,1
245,0.6171908087319576,0.3151697840230468,5.11571257331524,0
246,0.4390280321409348,0.5872621406995384,6.22921303985984,1
247,0.9713960390160628,0.07608390559006793,2.714012608332905,0
248,0.09498590005547279,0.8291100030267966,1.752808049909089,0
249,0.5152128599207669,0.4272027856105345,5.226351886459444,1
250,0.25696219331668185,0.5969693554920235,2.4610539257151207,0
251,0.665860581256874,0.3366151550216735,3.617199956675259,1
252,0.7305387023817533,0.48795814030064405,6.23783549768304,0
253,0.49587232430368655,0.6660067542485936,0.8117077710057042,1
254,0.9345590102852681,0.9841676886773756,4.768931681631584,0
255,0.3677139507291884,0.4472635532076259,0.8675028622132288,1
256,0.3986036479499475,0.33805907306024857,4.847257360594762,1
257,0.7525157379146759,0.46014137966409474,4.783157604647237,1
258,0.5518326127283661,0.6064795441863641,5.422079476230395,1
259,1.762067985831954E-4,0.09906301401006821,1.8984561608703807,0
260,0.45300057817189743,0.2613133127374455,6.153091256376817,1
261,0.4103453208238475,0.30955879138083864,0.7716069018616628,1
262,0.4762697255521847,0.6927100435328563,0.21575326895645397,1
263,0.6169865392650736,0.46506498183635003,5.833993328775033,1
264,0.5481854432032537,0.37252540674177154,1.7191307076338482,1
265,0.267917776267065,0.5205893008336961,1.7631563896464149,1
266,0.7360551628290883,0.5326346580599797,0.032106387198453046,0
267,0.6931018571443258,0.416451926176879,1.6971385661792449,1
268,0.3918627506574976,0.698175699605932,1.9277856576885697,0
269,0.51866079145703,0.25902757769436596,4.471028760690512,0
270,0.4895687085432191,0.5530079439364504,5.984417045812565,1
271,0.4208019312455668,0.369781548551224,6.1011193652300975,1
272,0.431983733694027,0.7176570505332226,2.933316381287502,1
273,0.2714215147207316,0.483966545295235,2.243888092695363,1
274,0.7271794726878142,0.49769984212441837,0.8035080159320015,0
275,0.32828289343070255,0.508996934521692,0.36865041531937487,1
276,0.6385714177987428,0.5892164349790013,2.270619211671065,1
277,0.48307543639961503,0.5215714085489945,6.000876921264704,1
278,0.36042729974925314,0.35481849315109104,2.4103355821483303,1
279,0.5599169308705396,0.3067802097549624,5.694423310900778,0
280,0.3100409874594466,0.6210565192716963,2.2267410184985765,0
281,0.3064536073105741,0.41580827444607604,2.48410691233129,1
282,0.2502781764025314,0.5328435777259285,0.9120014229147513,1
283,0.28985207705443466,0.3579658434006412,4.43088200175172,0
284,0.48954250586964626,0.24490441664452192,6.201233840615933,1
285,0.8844344044007297,0.9745620646844979,2.4154943687849726,0
286,0.4027499260783189,0.5860228408455835,5.084267911860163,1
287,0.33714496618392703,0.4599827281457217,0.4901002056853104,1
288,0.3802194358359273,0.3221474060301653,4.0692113895477755,0
289,0.7127150207857268,0.5899783922494599,6.1778562563956,0
290,0.5801120846975643,0.7119122970921175,2.520406206386006,1
291,0.33964746719342426,0.2989910791961668,3.9884963793179025,0
292,0.41568342054991636,0.47143238651283115,0.8270324592285728,1
293,0.30533590675694033,0.5871585559902883,3.674228874105234,1
294,0.4031200239402351,0.4815491417041184,0.5231405440837571,1
295,0.5174001426827549,0.29983107753542304,3.218995850076884,1
296,0.5932486635734756,0.4434815869655431,2.8834968517862087,1
297,0.6157906514817536,0.6309106529017233,1.867698272805682,1
298,0.25631504944125677,0.47346891030076804,1.42519905078384,1
299,0.3142928578046195,0.38858512387545124,3.048255418818225,0
300,0.3165395105062046,0.34409332440754786,3.25529710747164,0
301,0.5565376138068923,0.3090166546825401,4.467911241225815,1
302,0.3133986224180927,0.48980101706236695,3.479044446900032,0
303,0.5990387195893156,0.45536745156800007,0.807871550011535,1
304,0.6320923193139757,0.6935362326033604,6.604828911145333E-4,0
305,0.6296105694234045,0.6717783834730011,5.353332070799175,1
306,0.5932404997511711,0.2689435963038705,4.6533433681336716,0
307,0.31483087751351174,0.4598715295479866,4.895387729265749,1
308,0.5357990150260324,0.2776805788343843,0.37223048944486165,1
309,0.6017829877686298,0.4635351663424756,1.325922677862401,1
310,0.3502369695788664,0.4089680388753374,0.06204973177085993,1
311,0.7351659454241523,0.5799569867973162,5.947026652263148,0
312,0.34411508285488285,0.32441213359320437,5.547629893528571,1
313,0.3097459605584804,0.5580593896109391,2.478272056639305,0
314,0.5270475549304304,0.7116036266906698,1.9786496842045864,0
315,0.7348867380274793,0.4989539015660064,5.321779382926866,0
316,0.5229100549679884,0.49106308306801155,2.632187756557718,1
317,0.3441487573927582,0.389140028593265,5.0243147816441835,1
318,0.576081113485629,0.4813090707903078,1.0370369950652065,1
319,0.3500816956782416,0.5762076699006011,3.536851308147812,1
320,0.7310966127753219,0.5106210561712454,4.333147132259494,1
321,0.35092054422236063,0.5689081531036975,0.1868424854252203,1
322,0.26620059339927343,0.45532578331053725,5.1869868011242,1
323,0.7091602235420631,0.4751310869865288,4.5464519296396,1
324,0.3983039933957536,0.3429694144717112,0.08476836357607542,1
325,0.40832788217299576,0.28942900443261294,3.6184819365679193,0
326,0.3123409251362797,0.3724965611568169,5.9896527158254065,1
327,0.4193564862585413,0.27184047015583945,2.5518900703418694,1
328,0.44809058772683835,0.6808409590826964,6.16853584459061,1
329,0.7120283811727984,0.46272163318818693,0.5883757070497702,0
330,0.3852170156972606,0.590989509488457,2.213844470085562,1
331,0.7411991908560138,0.46522917244869033,0.355486796783817,0
332,0.4810930050038199,0.493984045343304,1.7494629175817837,1
333,0.4809859069003711,0.27996390376431796,3.500768776005457,1
334,0.2884893450694055,0.44888744391455254,4.053723436039875,0
335,0.6985588192637069,0.5694506119780056,6.096391579726555,1
336,0.5670760482279893,0.639738052313045,1.2181450005955303,1
337,0.6762389144477144,0.5947346717067875,0.8639228401693764,1
338,0.49118886448887245,0.3544746073234258,1.0810398337217353,1
339,0.2719384486070449,0.602408855887484,3.5512926877556565,0
340,0.2931264644594148,0.3893839386221976,4.033252485021549,0
341,0.6854284039374027,0.335589940054177,3.6265300434170653,1
342,0.3287318343401559,0.6434686787046174,4.533713944685728,1
343,0.30590603416392254,0.5352592643514307,2.1663125107707435,1
344,0.4625230807367353,0.32715572943311455,0.21946789783300052,1
345,0.45191753719866423,0.28295492218813506,4.91717932347203,0
346,0.557147642228684,0.7196567894368968,0.8507210578570571,0
347,0.39119225450194983,0.6184719012008036,2.584051391618599,1
348,0.36676790105894586,0.587855118082727,5.739621869898689,1
349,0.40270156490148107,0.6508145965302901,1.930417447540989,0
350,0.5115790133815604,0.6681662612717412,3.267134115602304,1
351,0.6294734333572015,0.6929432693012335,1.925809356725835,0
352,0.5855619390581874,0.5253394440709619,4.929535281131049,1
353,0.5260128021958573,0.49537377562925466,1.30047337453529,1
354,0.5679376678554322,0.34332091817807237,0.06928118044655758,1
355,0.4066835704029478,0.6139669895383315,1.1678352235889025,1
356,0.7244815585536863,0.5005402274896719,4.454975012866833,1
357,0.3495325635656397,0.34959076624762286,3.440996567216727,0
358,0.3511119962931598,0.5122581715269283,3.433746576584167,1
359,0.5142371081994027,0.3498901059909678,5.896483693889747,1
360,0.695602694413236,0.5620242748928096,5.020486491410601,1
361,0.544121289043775,0.7120634660840907,2.412124503091682,1
362,0.42069192903722874,0.6727094609520753,1.9411123672627653,0
363,0.33341527216454814,0.3377092493232697,3.8869782463166542,0
364,0.9747568665257256,0.9399654365788284,0.5246308520171653,0
365,0.3837850353269482,0.38058204251368544,2.9968775077415737,1
366,0.26810183080097444,0.43865490611538027,1.9501040108587875,1
367,0.4227477354177573,0.6535452465572676,4.050333466880225,1
368,0.4977750319445395,0.32336184266571216,4.754996381358824,0
369,0.42574500125894565,0.6659594637197815,4.719298370667683,1
370,0.49796544938182385,0.43542957530051335,1.9782518110389204,1
371,0.3723381578596288,0.49038151510673894,4.7874440075152735,1
372,0.6776220943359881,0.6486631825580824,6.268804339294419,0
373,0.3952826936353353,0.6361331838005906,1.7085444801882583,1
374,0.3448853389851989,0.6379112336178814,0.8345644980879376,1
375,0.3033759371944359,0.540367094214834,5.3008266189153055,1
376,0.5743247634777445,0.254558902566777,5.1694609779169935,0
377,0.6468081680278874,0.34622773911380433,0.052289823773381636,1
378,0.5334209309279916,0.7140307981793976,5.43891677633204,1
379,0.27085298372085936,0.6080367841536951,1.4038185189865735,1
380,0.5998272346982799,0.32690738021054755,5.974217835091615,1
381,0.35533921302863974,0.30900008991181105,2.3104950122329164,1
382,0.2861933064445936,0.4923226059380028,3.958068997278943,1
383,0.60684678178889,0.5874926905257593,0.43245450025619453,1
384,0.47186024538963567,0.3058103756579383,3.2209710661702267,1
385,0.5130371692539838,0.5302009388958324,3.4128605553252296,1
386,0.48607750709935554,0.6044974556337697,0.17144289860390144,1
387,0.6101029049953047,0.477911282781103,5.771209821181625,1
388,0.5774661732935459,0.3493615744539337,2.296305229432048,1
389,0.4031332422508512,0.4854575798400386,2.1879326012993854,1
390,0.42182403897872567,0.5924552619404859,4.618589082248378,1
391,0.37382485050717756,0.3399132831505746,5.395339000650979,1
392,0.5666577837978535,0.6224727810481138,3.0352674321214064,1
393,0.27238757869017244,0.5770092643886767,3.2222425178189473,0
394,0.6798977902670297,0.38887365112248773,3.5320355015011367,1
395,0.24836746130449408,0.48641924614408816,3.5223932872440002,0
396,0.4658176959786462,0.7068146085545779,3.002396659366113,1
397,0.3699854516080723,0.6617110535632207,5.868716946836087,1
398,0.6263831623581866,0.4221263800999254,3.473390438193273,1
399,0.6089283153355367,0.33905303873393333,0.951446987689106,1
400,0.4994203624194178,0.48986179091731086,6.116388313810724,1
401,0.31822534286623555,0.5009414862565448,5.969550257741529,1
402,0.5920149150895592,0.5220819961582309,4.062405557221278,1
403,0.40338961128774836,0.5454906483994428,0.08764116520861628,1
404,0.510209087699791,0.6194386012165298,4.373773613469834,1
405,0.38034845189598265,0.5492743183265073,4.62368770478418,1
406,0.7078511814056645,0.35984234806861387,4.066500246160391,1
407,0.3601546609654084,0.5694184150707011,5.039682750075948,1
408,0.5753681312164121,0.32343048396241214,0.05061916807200896,1
409,0.7015097930528909,0.563299558416169,2.587353544541867,1
410,0.695060194598234,0.6002866628579611,2.6534602815890254,1
411,0.5975261478106091,0.6853269743735335,2.1621256185232385,1
412,0.49128438800366797,0.2756211939991243,4.008082790948343,0
413,0.5540740963550103,0.456473359809807,4.2143006342340295,1
414,0.7074752330582473,0.5520682573926174,4.973757772072027,1
415,0.7470117534619404,0.5574126095819772,0.757300980969302,0
416,0.2526913266167975,0.5458692606669641,5.1499159901625235,1
417,0.43362806956746763,0.6043948414515996,5.7346931105847565,1
418,0.6402263658254231,0.5524871346290893,3.912076157107228,1
419,0.3790303459428361,0.6637750818748136,1.643580738903118,0
420,0.022858914160537046,0.7563721532861623,5.899448604651341,0
421,0.4048637486345449,0.3714643256654702,0.3867690809865192,1
422,0.3880660286651803,0.2847314464698547,4.182088947296892,0
423,0.540980171131148,0.5595184208497284,4.370311622035514,1
424,0.4838367000783327,0.32697154249366617,0.6722306457818643,1
425,0.6065073122269901,0.5213630244526999,2.094443659062993,1
426,0.43118260492710975,0.4089083223323743,4.323647078131372,1
427,0.3617179255739397,0.3459099232518296,3.1324963825812846,1
428,0.4796471357947903,0.499887716441771,4.728113904506749,1
429,0.6054834071706936,0.7154373741461493,0.44113225410122425,0
430,0.2723080570048664,0.5598535153199863,1.9979412674701944,1
431,0.49649855920003366,0.3880953241878205,4.083382473275404,1
432,0.3104930363662421,0.5501695695869254,4.315367775381021,1
433,0.398505304665237,0.46487569109869886,2.038026900963771,1
434,0.5934745803411873,0.44019823276195286,4.349650049413024,1
435,0.40145106738769043,0.6074001544534207,0.3981163914054398,1
436,0.40410032196254225,0.2899046403022457,5.885590737847488,1
437,0.5645218198888925,0.3339870744681762,0.012528511786269902,1
438,0.45547391551880806,0.7099449729802808,5.000949719361533,1
439,0.47960032476059883,0.6263684431647426,5.785730498804947,1
440,0.7253851532019252,0.377442071085866,0.7893933903280391,0
441,0.6401410310362474,0.6008169632765595,1.8857441765635887,1
442,0.9321999824825311,0.9137710663332526,1.2815709631361571,0
443,0.6139287221025774,0.4402381382565032,1.8294941471115524,1
444,0.3506550701649077,0.6598836925824164,0.4792586035484756,1
445,0.42811536617754636,0.35815998761809553,2.6731410861360745,1
446,0.4421815136539378,0.6803253075510919,1.2458668773536474,1
447,0.515650148449878,0.3522388242812591,0.7476861994776546,1
448,0.2477147007241729,0.4728291731068664,2.374912334723186,0
449,0.4609251030989799,0.4736114321254408,0.2792087270821162,1
450,0.7003733297861737,0.5907600635768603,1.0624561251844384,0
451,0.4331398804562112,0.6181387485920247,3.7241676331310827,1
452,0.4190529274800396,0.590058231224481,3.8557284069703153,1
453,0.3824596020456088,0.3676313828921498,3.2341549649269643,1
454,0.48805516319592546,0.6781722974411005,2.982751630857361,1
455,0.5352837177813032,0.3160361582477568,1.5470713562351286,1
456,0.49485555447092194,0.7422683702252978,0.15602192986050134,1
457,0.6816200536621805,0.643201054941887,6.066893149925738,0
458,0.3688393761815388,0.6983924770283936,1.3996208074686334,0
459,0.711394300417942,0.5671310930250528,0.08139617017087213,0
460,0.4146739484152558,0.43548237528272987,1.5664948650415051,1
461,0.6021004001677523,0.2739477166741856,5.643941176130994,0
462,0.5183846621610924,0.32563887529332636,6.096070402752908,1
463,0.5181070873505732,0.2946153598629325,4.617173565588597,0
464,0.7444445543929523,0.5297736052991864,5.757946053162676,0
465,0.6849366648292429,0.35852974131831605,4.9616750858374665,0
466,0.48696978313071865,0.5840199345059769,5.596802279373218,1
467,0.4284630320646862,0.744753362785637,3.6879152190675906,1
468,0.7451476368231055,0.44028473796167256,5.995341469107922,0
469,0.3320962952242524,0.48495030991347404,6.008549165567252,1
470,0.6573873577370111,0.4214526319182259,3.400391703532718,1
471,0.5313073558787613,0.4876576707176725,3.759606252667795,1
472,0.407166494017625,0.643609126722106,1.4558050952621013,1
473,0.27663858185797224,0.5672675327535422,2.7708022836609323,0
474,0.6515942938236293,0.31038385019956605,4.548585824515737,0
475,0.578127196958201,0.6829556901463035,2.2216598749262015,1
476,0.6441972548100319,0.34742680199498394,4.886196521885387,0
477,0.3629973139063399,0.3411861461056688,4.483030551275462,0
478,0.7504880547002873,0.46228015148226576,2.0662144215958205,1
479,0.643606287097864,0.6507410742245455,1.5132354405105533,1
480,0.7138649080649816,0.40220040943581564,4.905821880908434,0
481,0.3371564344279674,0.42851641713748295,4.160613579689136,1
482,0.71503548429166,0.6293010670604026,1.7175420427354857,0
483,0.6628648642853251,0.3184503008981788,5.5313204026477125,0
484,0.28775202954245893,0.5214572807210547,4.3458961759578285,1
485,0.9250892202377776,0.8345622735674513,3.932756241737791,0
486,0.46793350719743115,0.49862442136782703,5.361436726299633,1
487,0.6091231682086954,0.31882024414792315,4.806131485353073,0
488,0.9150963640307437,0.0888132622212485,0.9680672796657449,0
489,0.6867043812518466,0.4469627785323257,4.556545893696525,1
490,0.33881857780363656,0.6268504034971426,1.3807457220056871,1
491,0.2765072321643814,0.42008978203285524,0.8236078932721302,1
492,0.4928234393306855,0.551533895661672,1.3670449080296467,1
493,0.5080426837505758,0.6903836715895675,5.748055969689475,1
494,0.4838858119671596,0.4896528572772825,3.6923231191769506,1
495,0.6380007815404733,0.6711173540928277,1.2900091160469342,0
496,0.7218987162119554,0.456880167100006,2.5163622587394174,1
497,0.4157715718274594,0.5506113335694819,2.417199804324806,1
498,0.30384296110015546,0.4735671598199365,2.6270384926904704,1
499,0.6636233616103103,0.39494239513950896,2.9969430398252204,1
500,0.3064244450654602,0.40256968878440547,2.722833368209367,1
501,0.3280092308181749,0.46405223902551107,2.3557640456606466,1
502,0.631450652662607,0.3123951333269813,5.631294409196874,0
503,0.5657547816870814,0.44630041548752664,3.6368678977342332,1
504,0.4599675136909608,0.2681802452066984,5.207372156963762,0
505,0.522947507273102,0.2824860783135372,4.36376874815197,0
506,0.3133764450011835,0.3746144071403927,3.6886682116138183,0
507,0.5651958914619987,0.5918928218449189,4.41419079995597,1
508,0.5994026503777651,0.6737540787036634,0.3012866033722441,1
509,0.28431907123887795,0.6145219397865345,1.6883386702890992,0
510,0.6018506669286292,0.2800919189952626,5.925057744041853,0
511,0.40004817921895525,0.5756661933297601,2.5347774615842056,1
512,0.4783738546399087,0.3066488627041628,3.276403537668608,1
513,0.4830526881888113,0.5594063603596879,3.655993142019213,1
514,0.44571623280144607,0.40993829097235157,3.9970628083732507,1
515,0.4245399683293442,0.28420335787431544,4.836569418354535,0
516,0.374939995401825,0.31634284084210784,2.5416833386312314,1
517,0.5792040661380466,0.6868611556014581,2.564712240422273,1
518,0.5304618348259895,0.6823732382562888,5.663186783941786,1
519,0.3253297770863454,0.6739811448879136,4.302930136126869,1
520,0.42522932532412394,0.3327367463992688,1.9804913860394806,1
521,0.32578240370541894,0.45149891494086763,0.8382887475631126,1
522,0.6096866284926501,0.5764454981103311,3.560055881358463,1
523,0.3829754170677568,0.3036142284058086,4.993909354451321,0
524,0.3718042737479427,0.49985790911761663,0.9701773223972603,1
525,0.6277942163873101,0.47894785388913763,4.737340145440531,1
526,0.40108829087463493,0.3334893444693707,2.295777759737305,1
527,0.3710508631699075,0.4225857059282257,0.529938552748631,1
528,0.4560930448919056,0.38644366098023936,5.840129012602614,1
529,0.5644954341237949,0.43982137765773965,0.24523072359669001,1
530,0.3680845033754201,0.2972436568440541,5.208460010183167,0
531,0.5752580647717388,0.5010665071225042,3.34345451946116,1
532,0.3365976667481899,0.5521893972404697,3.3311008373172477,1
533,0.6708863356706051,0.3748552344731445,3.0106189286373493,1
534,0.6622311454193112,0.409768270071316,0.9786844369013595,1
535,0.24603648406238987,0.5509880895381891,3.454825582237918,0
536,0.5090246943509336,0.4472054706392333,4.709033427345196,1
537,0.3872200052563136,0.543697241401861,5.622533623303933,1
538,0.6979382445060082,0.41902097292713514,0.6968059543698275,1
539,0.6771158457395364,0.43731669856623023,2.3483563551507407,1
540,0.2267791837713955,0.5044466573110624,4.285132980492447,0
541,0.2521620455394799,0.5014960102901589,2.860212252502977,0
542,0.37884931526540827,0.4413146757927735,3.209310228034396,1
543,0.6866365094750583,0.3815182303070179,5.819721306485418,0
544,0.5220417740388762,0.6041507037032234,2.664165643045453,1
545,0.5941580199640799,0.310897121160496,3.4208930367934967,1
546,0.7361151920622379,0.5830413438233687,5.43567910937158,0
547,0.4532955621567301,0.4035130784210083,1.3992596441628,1
548,0.5925914087217417,0.34455556886957195,2.9914593432099053,1
549,0.5502815270297466,0.6967913448288984,1.7868400579929955,0
550,0.6174043892274153,0.48713950596148775,5.59244564575237,1
551,0.29290574905809014,0.4664785359825329,3.3402680693645883,0
552,0.6756284015705305,0.3391461056047871,0.7208676861080636,1
553,0.6563039140046524,0.46759241926239564,5.298665988087402,1
554,0.5688889419135187,0.43389046163283895,4.145104785198865,1
555,0.30812958746179014,0.3198204788501912,4.7117274032293155,0
556,0.7194689020295756,0.4434731129616553,5.419030277206257,0
557,0.4545625607348559,0.35567600963613105,1.5697450501683283,1
558,0.6040793134355023,0.6792684407066567,0.6931443029685505,0
559,0.6478597881346612,0.5195648654054444,3.6100897768229885,1
560,0.677320967360901,0.656563352127775,6.2504557876426725,0
561,0.6778518144177585,0.6264149943220356,4.6780054445432375,1
562,0.01426488466961451,0.05068510623403767,0.3630184173511944,0
563,0.3116374888833053,0.5848700868084883,2.385125891240177,0
564,0.5215466935477083,0.6847731420222246,1.8649911441638094,0
565,0.28627875562229116,0.4918028406960803,1.1751331430354086,1
566,0.35538696556686733,0.3365831835623782,2.360337019430252,1
567,0.6816212616443847,0.3581116207198144,0.41928234537145953,1
568,0.5922685944163079,0.2349411688606167,2.685024439366825,1
569,0.04280895734571537,0.9033654692980314,4.71035598597152,0
570,0.752007216168432,0.5666247133947857,0.34578745535040056,0
571,0.4982272481496669,0.25499838700169686,2.9023252755745164,1
572,0.531508678752584,0.7213564362979756,0.7467123370145028,0
573,0.562632801386755,0.27674743389919343,5.587156465007691,0
574,0.6592920504895589,0.5423136343547905,0.6437888510365181,1
575,0.5559682352356279,0.6377409244123955,5.395862325844719,1
576,0.5563066992269413,0.36883343047641337,4.967226755392814,1
577,0.3616544369910535,0.4585459041351146,3.285870376440919,1
578,0.7247910421853639,0.572324405248359,0.5690313785649154,0
579,0.5020422780208195,0.7389485316718938,0.8284919644607387,0
580,0.6455218162782882,0.43315934141654616,1.010825656846919,1
581,0.6389817740087523,0.3182498092753578,4.7758121904921325,0
582,0.5021833352736027,0.40652948178765885,2.2906317749429483,1
583,0.715772925024544,0.5937171171086054,0.6429482839597719,0
584,0.5809680740186531,0.7148236158653504,2.09359064043191,0
585,0.7063314247313325,0.5462672019563208,0.16147141259084807,0
586,0.5010990967020401,0.25473098113497017,3.927960556577724,0
587,0.2648707176563273,0.41962705917128823,3.7073776697183476,0
588,0.22849198142441324,0.421394575948663,4.1264323929281055,0
589,0.6079375990158394,0.5733500393222416,5.038884063923156,1
590,0.6041172136603,0.368764576976674,1.1113424024359484,1
591,0.37644415172076884,0.6513840202014376,2.77521585244068,1
592,0.6826774410638206,0.6604792255180756,5.960609383886697,0
593,0.671207000496898,0.6373264168626565,1.1006788564968866,0
594,0.5588960206057605,0.28894367702058465,6.185702943505832,1
595,0.5023566922349556,0.3471706530453258,4.150183549176253,1
596,0.9807424135191262,0.055083938353658254,1.861985692660247,0
597,0.6717755120533662,0.6543608053613911,1.2947644883784744,0
598,0.7375925828236709,0.5515640763439441,5.12441212265105,1
599,0.7285559572650475,0.3896412788994229,1.2593455136627734,1
600,0.6271869740778859,0.5628870729010244,5.618184188432222,1
601,0.6495139611270396,0.37807806774083486,5.163979520367583,0
602,0.34761616008529284,0.4579764844807624,1.0063155275338247,1
603,0.7255681681751662,0.6268653007071803,0.06483442647213522,0
604,0.49678093612961194,0.5266977274338659,4.31484592784571,1
605,0.584136529525218,0.7010958040522615,0.2839647085969859,0
606,0.5942887116160801,0.4498596780368428,5.630901731479153,1
607,0.6874977021025743,0.4073031119846903,6.078976149264968,0
608,0.39950473182030033,0.703519386315384,1.3374931860300172,0
609,0.5889000330256635,0.7059095035109907,0.3702980677567811,0
610,0.3838502747909054,0.2943120746133184,1.7284829219889268,1
611,0.5503958538336621,0.693837741867706,0.6386826370916906,0
612,0.5036007119113348,0.26960108495717794,5.420464340696448,0
613,0.25785242398709646,0.6233345077096506,2.3173657873265587,0
614,0.6118933707530979,0.366904086724086,1.8710980299259907,1
615,0.6055722392162598,0.6873582672691289,2.2090300323158347,1
616,0.43399265250433255,0.37668184179183306,4.310564359333159,1
617,0.5649620825025332,0.2566925367995902,4.12714788797668,0
618,0.4954624293336531,0.6827020976737125,0.7201927678158158,1
619,0.3652488899914327,0.30938623674749527,4.008874995943241,0
620,0.5161976478127062,0.3375038408126626,2.0231611467043424,1
621,0.7105579232330491,0.4023379470106368,5.514202125201317,0
622,0.6557124676541193,0.36402599231868055,0.5141949237195764,1
623,0.6277945730200307,0.4332250063129938,3.3985589202952187,1
624,0.41659455489429426,0.7012400575260087,4.417625620305057,1
625,0.7048215695835617,0.5791425169914203,0.8176218928779051,0
626,0.7305317216596061,0.5973835595565102,1.2464067346870396,0
627,0.9697372636632335,0.15888997440507863,1.8380688952554678,0
628,0.4320902158173377,0.38993526856230587,2.1895477691132545,1
629,0.44433412733733496,0.2571876283273147,2.008395771071325,1
630,0.6470211115187849,0.3198357481350808,0.12076087252595072,0
631,0.6899407497212025,0.5046694037509654,5.818605139178295,1
632,0.5979728195662247,0.6528790675894458,0.9117752805700958,0
633,0.5588542148093714,0.5862221576170804,5.532231705462875,1
634,0.10059623256352412,0.8631948296376942,2.0804704652819037,0
635,0.5090677697919626,0.6854915387142225,1.9282649959062923,0
636,0.7521631628343974,0.45491764892758363,5.872900873894866,0
637,0.5471190041640629,0.43946114979891543,2.6304837720559733,1
638,0.6506987391356192,0.39178201600052587,5.750250855464529,0
639,0.21981558440230337,0.5417176390022856,2.6609873154867216,0
640,0.7197928920751654,0.661283090587548,5.957556332246197,0
641,0.3559970150147498,0.6845071018841705,1.7030744468700743,0
642,0.24950125447670973,0.5122380953608275,3.7630347496765024,0
643,0.15825530370537655,0.9782429807347265,2.1327081491239808,0
644,0.6175836165709391,0.5789380303790467,5.300192171695703,1
645,0.33479417252685695,0.3568071757333251,5.398796526802381,1
646,0.6206555629204168,0.6773822344154948,5.454924983246747,1
647,0.6448492924399183,0.2925060503881117,5.096250049503877,0
648,0.3123561696357391,0.4095636121019031,0.405540685952337,1
649,0.5011422723001236,0.2849881165468025,6.1151248730520065,1
650,0.464743872619863,0.4206504762145616,1.0688505831759418,1
651,0.6847630417535314,0.6443911754571356,2.229479245466635,1
652,0.26864064666220167,0.5567555406949602,2.4806322507021097,0
653,0.42561210153338463,0.29566807196233197,5.042034022721592,0
654,0.5750190802852517,0.4980383156064717,2.078559900280398,1
655,0.6760721352468793,0.36662212490950286,3.9946275668126865,1
656,0.5911079250870401,0.3855945941272834,3.4300544956950754,1
657,0.5899865016721761,0.5144172409099588,0.8684551343267624,1
658,0.5876645384436481,0.6890154577866332,2.4719879276860364,1
659,0.7212684460689706,0.6218934396551248,0.991108166878432,0
660,0.7156548642541319,0.6672648590647022,5.7489580693705875,0
661,0.3703058122672964,0.7132156818713363,1.6614452776608728,0
662,0.5520020109029211,0.7059554862780667,2.4229445849220594,1
663,0.5904823707066258,0.34638546127040515,0.6952005093348331,1
664,0.2834627530299338,0.4824983251401974,1.621263174582803,1
665,0.3246188020784207,0.36234827635946293,2.263916328527322,1
666,0.5026420865759333,0.6977176890261566,5.944825785954682,1
667,0.64590930057614,0.39215066157366957,5.371303999961035,1
668,0.4015570424126615,0.5218945547755042,3.3692018247498705,1
669,0.6084709801547648,0.31000140569226664,4.206154312841255,1
670,0.41068693847780396,0.27947096841163765,2.9525622701016805,1
671,0.46544513060273324,0.3154842032482738,5.310463984730192,1
672,0.26229646494988856,0.44766791928552707,2.4784459671618384,1
673,0.3445868913734346,0.5037967639574701,1.0549581359014655,1
674,0.41600236831888776,0.2734044911270949,2.7616521865831363,1
675,0.467313890841926,0.6574804788497582,0.20194911382886938,1
676,0.4701985977135369,0.5588076311327251,3.3736214988332027,1
677,0.4664042029963988,0.47448682969190586,1.4711772945090462,1
678,0.6427873145507833,0.43491900549508516,1.0542764269068299,1
679,0.3775567596756734,0.6879308100987424,1.8164118461889598,0
680,0.4845048062870795,0.6043912778183979,2.4700644780563796,1
681,0.51627135986153,0.6919662163922169,2.0012059224982206,0
682,0.43497795182379284,0.5247817508531218,3.550384214379868,1
683,0.7505649936850588,0.4394256092186806,5.7098540673014195,0
684,0.4169270759859143,0.38240761531135753,5.524673875994539,1
685,0.936433920604209,0.9349535392995175,3.91319546534434,0
686,0.41302929787616244,0.6543626366804076,0.7637430593266388,1
687,0.7136188810858991,0.4720646726200491,1.019591134061975,1
688,0.7163858327959319,0.592122213894268,0.21224207025706748,0
689,0.3865047102179844,0.7392894079782132,2.2960947789525052,0
690,0.7026145724512168,0.348934005270076,4.934473096983938,0
691,0.6908917596324472,0.36337930972862503,4.131581887299086,1
692,0.7344727939583948,0.4205063941508005,1.904764780877961,1
693,0.9488605390433175,0.0,1.12201376316652,0
694,0.5808569225814405,0.27595525992155473,0.28501016244274496,1
695,0.5367449013552061,0.7236957733835759,0.007521338021986956,1
696,0.6360061852079973,0.3052299988750859,3.0746680961493165,1
697,0.7086124788764235,0.451455606755317,1.9661086180009253,1
698,0.5133661184105534,0.4383449464081135,3.86252933705225,1
699,0.6810156326911052,0.40541209335556067,5.6234611625678825,0
700,0.46041325067840444,0.6876843797114902,1.8626638706615628,0
701,0.09198718054580304,0.03835516209742934,3.250955780288122,0
702,0.578624127180598,0.32242725382257204,2.5534599258754143,1
703,0.3231255629612943,0.5572439807828277,3.321325951470676,0
704,0.5032010097294951,0.4258370724493153,2.5710009218715872,1
705,0.6335644605724748,0.353279782492729,3.615642029880406,1
706,0.6033536230375476,0.7092130892945524,1.4720693297387448,0
707,0.5256463288504812,0.688615699455551,4.793684510464577,1
708,0.6516100286485899,0.6929185460156362,2.5585914380363493,1
709,0.3956295007778863,0.34087474451347466,5.113193866895406,1
710,0.1384686904720366,0.9904671222397793,1.3979520512096666,0
711,0.4318655907761144,0.6589060450725133,4.483234576793883,1
712,0.6646790674116251,0.3569444755222634,3.7607576177158712,1
713,0.32565230476098816,0.5482373250704036,2.3182159132686406,1
714,0.45458198112247117,0.4569445607609812,1.3478315706516526,1
715,0.4101878820368478,0.3906801865307651,5.8645939562219755,1
716,0.3302326679697234,0.6234745203473273,0.987997995510879,1
717,0.22089761922973267,0.25953959377561864,1.9229287407279034,1
718,0.6683731805377903,0.650652153063218,1.341372233325434,0
719,0.39486639702217685,0.3489950418236096,4.511555267865852,0
720,0.6978833159512907,0.4175984951085518,4.895051974361667,1
721,0.3578668393007699,0.3940980137454982,2.4533379717459196,1
722,0.4929636183262165,0.623567657371956,1.9817619308909542,1
723,0.4898574679594748,0.36445255391197,2.947424143061096,1
724,0.6991496200518887,0.5260021494394731,5.56659506771985,1
725,0.47405257315605553,0.3095617887280574,1.3953273296728448,1
726,0.32591786271385964,0.427953477839201,2.1618830817191728,1
727,0.6025577179531885,0.5573500228548797,3.280212227471725,1
728,0.6617925839415748,0.5425858993755156,0.50489585272964,1
729,0.6683440514313569,0.3184980478623802,0.009755946283320022,0
730,0.5669838609117822,0.6842074708571559,6.088702441495431,1
731,0.7060096873189264,0.5206541955682595,6.004705474007538,0
732,0.2528684172156738,0.5229645047564621,2.5604503911785157,0
733,0.7552321891805309,0.5446456414657477,5.809568004775971,0
734,0.2976658348497336,0.40133185565843843,3.2858802350415806,0
735,0.35514288854328263,0.6872237382389039,2.1530606368020964,0
736,0.736363746669807,0.550865939153796,4.6046669976847125,1
737,0.4893320271902073,0.6383262153509432,0.10041732930039837,1
738,0.3923646137123891,0.6445622105038473,2.290057748992355,1
739,0.46358939932436777,0.2618357617841639,4.546962155841633,0
740,0.4840466893266383,0.6281548498917988,0.03571309733916195,1
741,0.3265208099319961,0.6900688934222048,1.2260890859913198,0
742,0.40737094127536744,0.27201734413610806,4.104139049924725,0
743,0.597363464150571,0.5173905680337904,3.8171469831195526,1
744,0.40821388944562986,0.292605472096804,3.044079309580808,1
745,0.6348659095326773,0.5398036494083874,0.5674840579133533,1
746,0.7277591069874323,0.6021643665372345,5.9806323935655685,0
747,0.5347144102383925,0.5175588119597585,5.259445624621771,1
748,0.5770607592878187,0.5251336055248182,3.7274697505709167,1
749,0.6053158755968443,0.4631631747776759,6.0879002752122755,1
750,0.3529902097029802,0.3240162452287987,2.2384690931803504,1
751,0.2770440507547891,0.4700880577084855,5.18817064408647,1
752,0.4695703334460358,0.2975791530115815,4.587844177212827,0
753,0.2940879853636334,0.5990186328159698,2.502750246377826,0
754,0.35364673269693897,0.6642428511375403,0.47436018103342176,1
755,0.8397163515360255,0.005461190398807938,0.32817743999842375,0
756,0.7183873948149364,0.4751448561686583,6.09479524130135,0
757,0.7101677245541013,0.5814803618353926,2.7062633206120474,1
758,0.2502226808858533,0.5981650335097052,5.373642543196051,1
759,0.43574344999054193,0.628525552313008,4.511591320018039,1
760,0.2713856586855058,0.5571432943832075,2.6146712578870814,0
761,0.49218439995259705,0.40780671646345007,3.865662954161322,1
762,0.6060569825201827,0.5098765074171023,2.0089616497056335,1
763,0.3757161977188434,0.3341966859928914,5.679918792190734,1
764,0.4733978905013282,0.5638546301019577,2.547591506478008,1
765,0.393863591357061,0.5770049950074089,5.9208670430416515,1
766,0.2595456215054257,0.4822366120399037,3.4123309762553604,0
767,0.36485957778212874,0.7021793079551809,2.0985150190411526,0
768,0.8562059761182031,0.04555299216781892,5.846899975825916,0
769,0.5239538145906242,0.2734340111207388,2.302883687252864,1
770,0.5335583376691211,0.3697371362532147,5.027277150078866,1
771,0.2666365213497413,0.4620437110623101,3.8869499656072968,0
772,0.4445452033678736,0.5756830957915634,1.632334132943269,1
773,0.27806467124948897,0.38959384168801586,5.719781161557938,1
774,0.31987989526696003,0.567041382573284,2.5185225419934327,0
775,0.5710772473658512,0.645852453596829,3.1803893316190934,1
776,0.4055328739148312,0.2844949380089608,4.752422215027316,0
777,0.4170535048526583,0.29911601849510977,5.823927896637091,1
778,0.3570294759606515,0.33329101580636794,3.7271357763491153,0
779,0.04474773444625265,0.04472042338632504,5.591730574390651,0
780,0.7307122708119509,0.40937668723723103,5.305547506011276,0
781,0.6067362482766748,0.45267732943314076,4.330617670165559,1
782,0.5557895773245327,0.724166743995463,1.5183127886507422,0
783,0.49499872391375827,0.6939693679007115,1.1468809682363452,0
784,0.5505349756860418,0.7318239340082027,0.14042014329981414,1
785,0.2837287504508727,0.40145449463783395,5.33780471005914,1
786,0.5245053615543486,0.6424722139723604,0.6389792466082215,1
787,0.33451984820912617,0.6539830315380527,1.9166022405442211,0
788,0.4964557247158561,0.6734980415458226,2.251260841683253,1
789,0.6521221560994027,0.3114029856562592,5.1708575850841445,0
790,0.7310537674886851,0.5402956393510796,1.1060312890477844,0
791,0.4085035734851083,0.614691658989167,4.054651034203117,1
792,0.7294743117589363,0.3849229172018287,0.5877308351481938,0
793,0.49908315238516615,0.5951473920388477,0.8118898661466574,1
794,0.33607134374653513,0.5585209114428427,2.500800921378174,1
795,0.3992152620093206,0.709869750541242,2.6569611212736794,0
796,0.7272693584221729,0.4483220756434527,2.762808372222123,1
797,0.721853488247821,0.5448293482389596,1.0266399714683638,1
798,0.44958040267258637,0.5084125957288678,1.011595127995236,1
799,0.6753315489349868,0.5879388435191619,1.9306300979233457,1
800,0.3893768408767548,0.275189592785133,2.0984627607973168,1
801,0.3081122984632779,0.5201649156483228,3.086510865595397,0
802,0.2852682763345619,0.6458438931545313,2.404414382247611,0
803,0.46680973314437846,0.4145866354036098,2.124852043423662,1
804,0.36803939215851805,0.6160474719880841,1.8052912065283406,1
805,0.705924693814475,0.5058450529311754,2.513605827591935,1
806,0.7311393234505019,0.5027281464487574,1.4967360688263165,1
807,0.2833187804999934,0.495476395094405,1.877903002439374,1
808,0.5289542065040708,0.3102457124254205,4.479870692374385,0
809,0.4512635778982996,0.5190822130742287,0.6040871557428902,1
810,0.6552186294412793,0.5918339390753703,3.79035241789353,1
811,0.6884880378901079,0.5350580200617867,3.930085187765596,1
812,0.2540440929109099,0.5068366543132916,2.7568349556501888,0
813,0.6595459694789303,0.4393733552108009,4.684081139174376,1
814,0.31705352237176837,0.6455813745709003,4.591309930193095,1
815,0.6024240901008403,0.4625254213499038,3.513880614597559,1
816,0.7005835259168192,0.3772245155812247,0.00745913622759975,0
817,0.2811878342144026,0.47395715580010744,3.4870760815627952,0
818,0.6495309392246345,0.33097201353680744,2.646618554128019,1
819,0.28534386814693613,0.5792373712311761,2.696755766874511,0
820,0.710360745903527,0.5646116918708267,5.127378171980448,1
821,0.40942525675977903,0.5663965433610209,4.552449296202116,1
822,0.46385593920865975,0.3409329532422132,0.5942891542180855,1
823,0.41791813431228325,0.6254845751559501,4.600072421933158,1
824,0.35755626203153457,0.581293567260805,5.262732451924948,1
825,0.26623038383585274,0.4647430503689996,2.0901735613680654,1
826,0.5771082122959491,0.683868137225824,0.6962334291894888,0
827,0.29299893010466,0.3640159962989245,4.459345053974934,0
828,0.2990609804143519,0.6452737920862058,2.812674342161323,0
829,0.6367157542921116,0.42855426267873786,2.8139080165459727,1
830,0.5750151425997168,0.547793456426754,1.6002458572928817,1
831,0.4799893643542327,0.37596694230125505,4.127785634101424,1
832,0.2572118080719585,0.5344879509352717,4.899769453862531,1
833,0.6834675524850512,0.6183395050463155,0.9023441582016747,0
834,0.3434189127064818,0.35396570293370505,4.0815465885804665,0
835,0.6404481792438499,0.4162234316511264,5.958956373332656,1
836,0.30170856089361037,0.3453846606454628,4.169951470046737,0
837,0.40145411883105475,0.3725392783456246,2.1614819101424754,1
838,0.46470046836506157,0.7503193480028142,1.3059424594430833,0
839,0.6733900334692138,0.6687599401975373,2.0714782445813094,1
840,0.5888519666175283,0.5290364752019593,0.05955902813409633,1
841,0.3648228975581389,0.6974834388568242,0.7700840356457315,1
842,0.742564671499434,0.5083692751437293,0.07915619250405509,0
843,0.5857305882583946,0.6879259424076596,1.2153405358265805,0
844,0.47443212302135757,0.4011218270628873,2.3727533829569354,1
845,0.36512314261696177,0.2913224028665547,2.5151423327572777,1
846,0.5718927620233892,0.294092567092766,4.742301878639615,0
847,0.25986327778778623,0.5029938904513608,3.711745188279864,0
848,0.33344856545709767,0.6710147485382917,1.7551170543205339,0
849,0.5043423577085084,0.36462874946033547,4.526953831136336,1
850,0.47377085519066175,0.7292632296575557,1.4290799901158928,0
851,0.3156106530415694,0.6459596586991596,5.903804696294433,1
852,0.6842565452129569,0.42813848862807835,3.8819444080413144,1
853,0.4027611784914596,0.7261822092666828,2.7224495155210455,0
854,0.7561418201242825,0.5462819299779624,1.6840185377256611,1
855,0.3834086227501787,0.6293108859155653,0.5730828533867234,1
856,0.6314849575794506,0.6686636909100405,4.051758917974241,1
857,0.3637364061809614,0.6336303989687961,0.7315736736837333,1
858,0.6837720332975645,0.6237709150661485,0.0916821613343933,0
859,0.587545559809179,0.3459829015294924,3.6702013553859523,1
860,0.2582082106932843,0.5962897228699977,0.6254069428421544,1
861,0.5256469226647001,0.5571738041881424,4.271322006396953,1
862,0.024970314921521974,0.9592513647301897,0.40701221301433593,0
863,0.6800599212415301,0.426372791559473,3.5437260607317826,1
864,0.5748790719637209,0.3053260085140202,3.8375242259049775,1
865,0.30622027522394973,0.3706309765644529,4.2781354694707945,0
866,0.49403699622513064,0.27684258323340377,5.390313261099943,0
867,0.37721326212207523,0.5799711267959068,5.622478278562523,1
868,0.4639600700322563,0.7352162928644784,0.9559193308261886,0
869,0.5929658750530488,0.6544535134708012,4.151202065856058,1
870,0.6016581855749447,0.4556195870988585,3.052469052226614,1
871,0.002793484296976862,0.008750253277332993,3.6027660584342005,0
872,0.32263027359093,0.3668044158652815,3.562307888225714,0
873,0.27552409078444573,0.5025683835321204,3.2330777362428718,0
874,0.5881440389871995,0.4503828815844171,0.32278352335636895,1
875,0.6637172563610207,0.6484094127051216,5.846476268091313,1
876,0.1700141226416832,0.02671172861943455,4.585874989169719,0
877,0.5366720079399557,0.2622950487737955,5.6654278141902505,0
878,0.2299731216547378,0.5636753168019911,3.2168442760459146,0
879,0.2966209010128781,0.4925982752947627,1.0214961725521359,1
880,0.4179119583908126,0.7380463540861258,0.7952400952973404,0
881,0.5208761165201875,0.4566919626712316,4.427960407725407,1
882,0.5009329350310658,0.25094594102630874,5.799682149423678,0
883,0.6140844246912521,0.28885568359255315,0.09454933504717732,1
884,0.0032457304679490593,0.8850716479545352,6.047302725945584,0
885,0.7246668585835808,0.5671329113649074,5.8835125594771585,0
886,0.48040069222190435,0.2716151685878018,5.661840199502457,1
887,0.5626739846745156,0.38716473277518937,2.717063277012995,1
888,0.7233396251817921,0.3854552921923822,4.7193472779704395,0
889,0.3451639701464507,0.3161461891120095,4.58120915974772,0
890,0.3575614771473129,0.3566927262318949,1.694016575552993,1
891,0.36894956041366417,0.5147745822854605,0.44637928952021605,1
892,0.710027679802786,0.4421404459853108,6.119836058005218,0
893,0.426565434873864,0.26922417767722534,6.0117798282945865,1
894,0.6132614118462835,0.2846837956183561,5.826703327146798,0
895,0.323535000338381,0.49421602149628185,3.4454381808220447,1
896,0.6561030450764972,0.6763685645147167,1.5884593903026378,0
897,0.39946799476229405,0.629150930720131,4.550966461494768,1
898,0.6118754212950032,0.49560700795705864,1.8983020009180023,1
899,0.569870817086921,0.6830666841504973,5.024485534257766,1
900,0.5597622568870732,0.3228020922413193,0.788277457129419,1
901,0.38879120186634486,0.4094571686131248,1.558445621780534,1
902,0.7705181145974721,0.43438354354871744,5.094524340912145,0
903,0.2978759013320148,0.5431355404046255,1.7713187030785627,1
904,0.5931600463418181,0.3359790296853306,5.936822732233878,1
905,0.5269988118619052,0.6769669711200326,5.4667189149789435,1
906,0.41517391200170667,0.5222674613695919,3.08711248264153,1
907,0.270409240234728,0.3981787752885897,2.6915380855307314,0
908,0.6889739421053657,0.6551436968415664,1.4940576541920503,0
909,0.6246947942001815,0.6383803998064733,0.36188745035121145,1
910,0.6726267529565857,0.390915409660669,6.2477387867035965,0
911,0.48115171311806215,0.45188266139981964,2.829041903784079,1
912,0.5456417496476531,0.5871317894663717,5.641428386557655,1
913,0.7382176675009645,0.4412505858057237,4.830614806876189,1
914,0.46996731682978515,0.6958613930260238,0.45727866694044866,1
915,0.43446998754098853,0.6981804976109792,3.0610835400479757,1
916,0.5797153601315005,0.5262928262080654,1.7526928600913838,1
917,0.3290630880578384,0.6311598371446224,2.3938258263863013,0
918,0.545985118286255,0.4740190698140545,3.7242878206868633,1
919,0.3815217966931755,0.3611939791375949,4.323698458763579,0
920,0.6497169309892485,0.3661882485119319,2.4755629244310264,1
921,0.6866069659374434,0.6496472010316708,2.5504657668861426,1
922,0.36843164692676933,0.7206389673942529,1.2712722811182118,0
923,0.5534458542290701,0.514129934428273,0.18458403929526507,1
924,0.6121558665542237,0.6134660796179836,1.7287145266549329,1
925,0.6495726260037714,0.3523139310314473,5.201127739928578,0
926,0.6511440090735713,0.6608060486320625,0.618421804105672,0
927,0.499055946338276,0.7127322016128014,2.061289036448606,0
928,0.445891360914119,0.6290622584161266,0.7359730758138691,1
929,0.6962961056202799,0.6319981615075676,0.03555097462307355,0
930,0.2953196224513696,0.3459704574561389,3.337643600617186,0
931,0.6695029081447197,0.37401477718483195,1.4786752711013118,1
932,0.7371463874814567,0.4317291264267519,3.720758152201712,1
933,0.020457096780527664,8.688099311731548E-4,3.4410683818198766,0
934,0.4110986955993709,0.2842509957060568,4.079851985790929,0
935,0.39396461033892965,0.6447389418011188,1.4653645718104433,1
936,0.5511334922471974,0.29926826473126655,4.099587295261209,1
937,0.5006554706311147,0.7198489938777223,0.8158569380593501,0
938,0.6241197677016651,0.6185369107661524,2.6054856411418714,1
939,0.6638894164591388,0.3490787664328056,6.221082789164132,0
940,0.4986854407441303,0.480906517423009,5.826258621066951,1
941,0.28914339735313527,0.6199376269173763,2.832568215279167,0
942,0.27107302285396834,0.6118452862011189,1.4273448807080027,0
943,0.4155162579642254,0.47307779699829916,3.9249854313707013,1
944,0.6653263693783376,0.6343427693429313,1.2751980341382871,0
945,0.6551320984899495,0.36355427321073364,4.928671916649109,0
946,0.6969689770784991,0.5621789183266397,2.3080586833581744,1
947,0.95216686532944,0.04097119434625098,1.1337403885357578,0
948,0.5138623249712062,0.25922147248838123,5.9844736194694494,1
949,0.285514739333458,0.5531754922181338,2.4897614012474194,0
950,0.45582115150778024,0.5035332607609979,4.732791552546796,1
951,0.2692135608099562,0.4331507118753657,3.921825670101563,0
952,0.29811096254827957,0.6547211529655814,3.4185526029922366,0
953,0.40580616852007767,0.7177853721991446,3.808569564677678,1
954,0.33982695760179327,0.3463043194760078,3.6610615150744072,0
955,0.5334308764264873,0.3563373081080947,4.6222791650112836,1
956,0.7356897139218943,0.694066199820138,5.591328417707803,0
957,0.4268253740322888,0.37539558429400083,0.07343536927876926,1
958,0.5856303920617413,0.3973939616562875,1.0494209553970009,1
959,0.7174222420538727,0.588818476654328,5.566212477382234,1
960,0.3532621255700438,0.3259666730013164,4.307737734448716,0
961,0.571056789276914,0.7017034934409715,2.5850333811761446,1
962,0.40365772921524556,0.7125807986772154,0.9835849952838691,0
963,0.47769150715883735,0.7700364512065004,0.06868999110602754,1
964,0.5449440020561291,0.5852086082628338,4.267907863902476,1
965,0.46845072876450994,0.6737587899519146,2.15246665889341,0
966,0.42775043384227157,0.6778427433257671,4.569739071900449,1
967,0.7212495237324011,0.5067030007551596,5.961488001518863,0
968,0.6290101982890057,0.31961511992445796,5.742198553629503,0
969,0.46008661934414924,0.28135774811159336,0.5987199650170066,1
970,0.2913682530481915,0.6135671917300742,2.351462877619196,0
971,0.5059431201432295,0.3700867699384206,4.476793325458927,1
972,0.4543611710657962,0.28106497704695343,4.990288030273812,0
973,0.5509323090293732,0.28118654022253936,6.249713016333839,1
974,0.5286893709605404,0.32807594258988115,0.24794181751457603,1
975,0.3349557882526661,0.6766904914449834,4.612493267427114,1
976,0.7112612719456354,0.5788840952455467,4.320961008034462,1
977,0.48238665165533795,0.2543552147188961,0.05946423825579217,1
978,0.5059824767311947,0.4117692587590822,4.575212320412532,1
979,0.6472760019953122,0.334740777167923,0.4985848519301926,1
980,0.39571300016046723,0.2568704483938624,5.454810807866265,0
981,0.3057216454831298,0.6567933066790343,0.09365393022621589,1
982,0.310982061123205,0.3308305425252616,4.006286303031138,0
983,0.5708332005812313,0.42663038855329916,0.306289731024144,1
984,0.340010054449199,0.6818207617177703,2.988480354484566,0
985,0.32683536965308285,0.4273774709471498,4.075420490877492,1
986,0.3921906178429994,0.39739618174878083,2.8141942195204614,1
987,0.3019082091557882,0.4573930400897814,2.377623072544202,1
988,0.6074151062337123,0.533442395971957,5.389711367646356,1
989,0.9509240839849883,0.8521192385989608,5.285755942814611,0
990,0.29272371457401125,0.627732314865443,3.1598278681471816,0
991,0.5139756243426177,0.2667326433522345,6.0006782170367226,1
992,0.7050554155377342,0.5191659153030701,5.476186899041501,1
993,0.3978114249609604,0.7331215748119708,3.229848687086035,0
994,0.4776523098227026,0.3610877608093759,3.2139588181688126,1
995,0.5608975492605406,0.591336121669606,5.523084470665475,1
996,0.9923923851079067,0.21061285396669435,5.645538445168238,0
997,0.5234595605526234,0.32174380324772706,4.933024809475678,0
998,0.49391189747489656,0.7207769502284789,4.669644582873235,1
999,0.6919388513302324,0.23749170599583305,3.922767932070463,0
1000,0.6627397530997268,0.6557186607847986,5.867821434724038,1
1001,0.0016911195489816737,0.9934055334224022,3.4460232056936366,0
1002,0.43808227384477044,0.36621904680484657,6.248051180101622,1
1003,0.7385060070462979,0.5133185669742328,6.093827118810822,0
1004,0.5455948323077817,0.31406322850923224,5.3073854357148695,1
1005,0.6255940602791501,0.2974015128083229,5.787413923254628,0
1006,0.7201086512825406,0.58943689530332,5.771121701594777,1
1007,0.6039116965430809,0.5826955026713734,6.156123606396469,1
1008,0.6306534541373676,0.5224808263610292,4.840393726981933,1
1009,0.8714502430245834,0.9126884440869812,0.2963596292026301,0
1010,0.08375753818708122,0.15677178419712387,3.1305972819423875,0
1011,0.4893589169011039,0.6902689260540606,4.680776169717123,1
1012,0.404773957145276,0.48807578006488384,0.5352059699718996,1
1013,0.4863229749320241,0.7133525526824969,3.430499411897829,1
1014,0.6306825554053376,0.6662546501527731,1.000641442858027,0
1015,0.4069283266364137,0.3372429605338704,5.529497526719563,1
1016,0.3948262621184747,0.3836745833235782,0.26789182522126265,1
1017,0.4942027795451126,0.47669096712011044,4.523777892219175,1
1018,0.7257982827040399,0.44997055291439025,1.2236721240027204,1
1019,0.5027067894609618,0.2768853318529996,4.311774114753798,0
1020,0.04062736153150836,0.8411348656419656,1.2110008872795484,0
1021,0.7495533042773971,0.5223030535042217,0.6425716067393676,0
1022,0.5144035633732706,0.6891672602989105,4.926101954334734,1
1023,0.28416027077407147,0.4091140679172732,2.7396693555485516,0
1024,0.4146503390445538,0.28352800082183033,1.782215415566356,1
1025,0.6578782684619472,0.5372433300184457,5.0684776418393325,1
1026,0.29290257184720603,0.3436681213745005,3.3699780110991244,0
1027,0.5472922121461594,0.27420949220294805,4.3716590834489,0
1028,0.5368221151353433,0.5466445428517666,5.0616358971758615,1
1029,0.6007366471126423,0.526211662837933,2.260546093802579,1
1030,0.567587558543035,0.3338907502782799,3.1636752278082096,1
1031,0.675174400924751,0.6476130485484145,1.3352167815673235,0
1032,0.4997282123223016,0.7361764784890673,2.7903858249517937,1
1033,0.6782768175219434,0.34087184971044854,4.395044961271765,1
1034,0.6316540963746662,0.5223505197738669,3.015519651268931,1
1035,0.2506633007296336,0.38047992540395814,2.6112506805892535,0
1036,0.312007549622524,0.615181160190176,3.2571553729382323,0
1037,0.3850299551353068,0.27062538146618037,2.282798321858933,1
1038,0.4438652595660971,0.681078882608287,1.6745480674359494,0
1039,0.5271495129512929,0.35697722311765157,6.051100400405967,1
1040,0.39280625463448854,0.360459577154806,5.792667810942811,1
1041,0.5988801124342442,0.5995545038218907,6.083045635930341,1
1042,0.4591116164184333,0.37682649834482546,6.0928446596773655,1
1043,0.7114108999638769,0.5621496524448478,3.065756115778555,1
1044,0.26213927045222085,0.4851395053856627,1.2156198006481145,1
1045,0.7102930692754443,0.6399067698810063,5.3859430797101915,1
1046,0.48109298527009725,0.29683238152212016,1.4421287006507921,1
1047,0.6191821798362422,0.6958389013293421,5.128489312304614,1
1048,0.5502002432617001,0.5596115282190772,2.2524627940182946,1
1049,0.6296424939922947,0.6355547120640349,2.085091106360559,1
1050,0.49410433272361226,0.47583123682712436,1.2716156852698535,1
1051,0.6613367171135154,0.41495485478840377,5.6896980309413046,0
1052,0.37563550459785816,0.6290547592772333,6.263605538501528,1
1053,0.4510641290239217,0.4160758297204269,0.6917201975376058,1
1054,0.46450873135221393,0.5042894600021547,5.209474103777212,1
1055,0.9541924249949583,0.8757487147005135,3.6102893708316453,0
1056,9.213955047256046E-4,0.1480400721842276,4.892729114072912,0
1057,0.3630742912185847,0.7070240702257962,3.3662948454156068,1
1058,0.26493189325837885,0.4054550515551768,3.822900947057128,0
1059,0.5815794802505999,0.30025676008406155,4.445983666331102,0
1060,0.5886202596698127,0.6657863475009189,4.787699376292798,1
1061,0.42680717092361486,0.5517847857901743,1.144000952947679,1
1062,0.38509408553219676,0.5147784847518873,3.9382022713047466,1
1063,0.5782513087647799,0.3222350161372066,2.3542412864064204,1
1064,0.6759648275495796,0.34742020946564073,3.5054088571401096,1
1065,0.6255121923617474,0.681806552660969,2.895434349468041,1
1066,0.7486190211832588,0.4503870609870938,6.063405939824013,0
1067,0.5128385617130672,0.7112627713935448,2.392582738173664,0
1068,0.4840045287276407,0.7290173229714851,3.0271390206187276,1
1069,0.6695811398066858,0.6527020479799843,0.9737558028259903,0
1070,0.716909633842278,0.442766506209748,4.727546888378819,1
1071,0.4114663720480648,0.39838821602565094,4.5088151438904625,1
1072,0.3329438244588291,0.5265204218717028,2.316407268203689,1
1073,0.5608212937106617,0.4223288594785607,5.081951805773697,1
1074,0.6119758483769809,0.6283341276656985,2.5100962434613643,1
1075,0.5693100275058351,0.3153918968329948,4.299893341816259,1
1076,0.4926186725324819,0.616545592658504,5.05968205962481,1
1077,0.7116532018428277,0.41884630316089944,4.154854507344771,1
1078,0.7216995124026784,0.36690585141875615,5.035785400030055,0
1079,0.5106046160509262,0.6916027296502936,4.928746735015968,1
1080,0.6130077247269654,0.6540172589076824,1.5076433044529585,0
1081,0.5341638394312577,0.30559141557804836,0.4320233314132904,1
1082,0.44401503651210616,0.5376285280872573,3.6703118431235446,1
1083,0.4675364362238606,0.31309401922095825,2.1877877959541907,1
1084,0.7102174002483675,0.45569625132740166,4.858519660375175,1
1085,0.35641795832127887,0.3454120142441397,3.793768349131314,0
1086,0.5591066188758577,0.6011904389817941,3.6658258422920476,1
1087,0.4505911281463877,0.3047115859230758,2.231157542885545,1
1088,0.055619937197171954,0.052686864199784245,3.7723917033188474,0
1089,0.6657701071236635,0.33860979509456507,4.641214838975128,1
1090,0.4773947516746535,0.5894036581230497,2.9727941176521084,1
1091,0.36809027711830583,0.39791272084251317,2.688398460027892,1
1092,0.6410521615702436,0.34852404204921095,0.06399543586390741,1
1093,0.5519183426112197,0.40920867444950726,5.025738853986083,1
1094,0.6515974384955158,0.6459223598692799,1.9919280053835495,1
1095,0.322677222147573,0.7080942706949218,2.4701444966626998,0
1096,0.5435366319381442,0.2668997032435986,3.5089530286569612,1
1097,0.7329684107971165,0.5693505336649058,0.44201743578358604,0
1098,0.4634179670159793,0.4066972785029259,3.7365130210845687,1
1099,0.5974721846123708,0.3825693672774294,3.0833586792838372,1
1100,0.9713536051104686,0.9198173205072627,5.256175921918071,0
1101,0.5956629542956251,0.2650334232144037,5.035135342868724,0
1102,0.7553874722450638,0.5528201705049893,5.765720512608685,0
1103,0.5797811806877456,0.26806841657090863,5.880095984239167,0
1104,0.32923835684049624,0.654119742463995,3.294984452753443,1
1105,0.6174740504245902,0.5706828062532002,1.0562485444148688,1
1106,0.6490304584786067,0.5413646583366746,1.1231987950896012,1
1107,0.3991832325996819,0.390864792171342,4.046361603989898,1
1108,0.6095316816897579,0.32584642124339336,2.765514296933223,1
1109,0.41947499279152195,0.601872321541083,2.24447388473456,1
1110,0.4383847664655745,0.30179813039939285,3.907012339001435,0
1111,0.6332051909635936,0.4119373956080834,0.3488355922912461,1
1112,0.5952442394219977,0.6086638658781326,4.783427477107961,1
1113,0.3863698265628489,0.527070916132132,0.08179400289929845,1
1114,0.5600299565430521,0.4233246220472694,3.439073924801379,1
1115,0.7271341791345104,0.4768057722785559,5.461208412859646,0
1116,0.34840113444861925,0.6265594190334474,4.437930636857945,1
1117,0.42363364452837765,0.2795125761545364,5.6997275440989075,1
1118,0.2695847170472157,0.5297622458246137,2.237170502733395,1
1119,0.4474167669017138,0.5867787094880985,1.60540801419681,1
1120,0.35659672194473707,0.31919319416221115,2.3700848029113684,1
1121,0.3473016197423884,0.31235710997710886,5.503180300019686,1
1122,0.5196231924800814,0.29418972006200494,5.138207180975169,1
1123,0.5591361364908985,0.6955503286873145,0.3188059452014862,1
1124,0.6065881510410126,0.7088358346385362,1.7241221224218983,0
1125,0.4874977105922947,0.7093418885600071,5.534519163472881,1
1126,0.6399706749610624,0.6167133172331085,0.5982765213992149,0
1127,0.10545359923066336,0.08102758573637553,0.6341531737702985,0
1128,0.5581112225974688,0.6030311775015953,2.862699640490163,1
1129,0.510611973711782,0.6159702728118724,3.9533980034563263,1
1130,0.5295976476811212,0.6900891765576855,5.047830879085,1
1131,0.580986156976257,0.3081352780286934,5.923888661832383,1
1132,0.5575609835429826,0.3083051104897215,2.5554289849745246,1
1133,0.6436284067204807,0.550514802224551,6.076998265675934,1
1134,0.5848753926077882,0.44879574283968854,4.9493734256391555,1
1135,0.10063878992022972,0.8857024282851136,1.0620619144437737,0
1136,0.5240225296791278,0.27829042632897205,2.5924798364948582,1
1137,0.6123156565293822,0.3003182656748852,5.90361544381065,0
1138,0.5833369755426777,0.39479791356605043,2.2246994580651815,1
1139,0.5105448623789777,0.4653268054444495,6.260295947418669,1
1140,0.6768511731962198,0.31692439642769227,1.5066518666195305,1
1141,0.27372619496051875,0.5227381728765746,1.8314553500564117,1
1142,0.39329712723742544,0.5398102413872387,0.16632106389872203,1
1143,0.44724018881094574,0.7383080948351866,1.0346180323226084,0
1144,0.697833590323418,0.4349075402980207,6.107326726276592,0
1145,0.47372059602672567,0.6301155078250957,5.650561691550664,1
1146,0.6540396872149496,0.2981131765883841,0.9949522464122,1
1147,0.7299521847190409,0.5722258429775194,1.2582779062133738,0
1148,0.2679388189504589,0.4011007270288529,4.060400137613094,0
1149,0.39747842006171497,0.7215317672016708,1.721054593239789,0
1150,0.6185038261014999,0.4597790487096103,5.380271758055845,1
1151,0.40327122567754153,0.42775869667249355,2.401235983035515,1
1152,0.7203496344193054,0.5637336539191344,4.813702569561016,1
1153,0.2661197077854821,0.5689503381425454,1.686112292716358,1
1154,0.7119229234734732,0.636108931118265,5.248535372054913,1
1155,0.3374708787435031,0.34953083000965224,5.097775017836339,1
1156,0.5952655559125137,0.33541708635357603,5.325369679345052,0
1157,0.6737865849315952,0.6755917659602395,0.3729955713971828,0
1158,0.5249453683622289,0.2727356583229461,5.574809155809797,1
1159,0.27157176029428526,0.46955826273704004,3.9298337295550043,0
1160,0.3178559760801667,0.535422699838715,2.1513190111154543,1
1161,0.38199215129092867,0.38543695608026113,4.592123446092899,1
1162,0.3340223045782936,0.6265961021846138,3.659192888831481,1
1163,0.5735234264348964,0.2888726285165439,4.978139488612227,0
1164,0.2736115829048127,0.5184315671075517,2.280832830001972,1
1165,0.6730548802347018,0.6440362914804694,1.1122212455958018,0
1166,0.7337335487819793,0.5272945136940144,5.636399711700303,0
1167,0.8848725148698835,0.03483939035222155,4.069784221913471,0
1168,0.4895184556351891,0.7232610670149412,0.5623882226101218,0
1169,0.45932279251846947,0.5602784053284441,3.4111474677407436,1
1170,0.0664013515049481,0.9483441599476984,0.9910701106905818,0
1171,0.4217934962203826,0.34942355840784917,5.983518951400046,1
1172,0.6484189853244594,0.5916377445652949,0.8524450151262088,0
1173,0.26879050503839136,0.5607565731004674,4.1341666364469605,1
1174,0.5692655292465282,0.6921007322025574,2.895632305566194,1
1175,0.4949014201353386,0.5179672079185866,3.8185009723166434,1
1176,0.4061662008698846,0.5477206072383157,2.728548418089324,1
1177,0.3307966646847807,0.6414284641384477,3.5018581265636204,1
1178,0.5622510875633023,0.6031148620638841,5.398819992962054,1
1179,0.5271511216678623,0.5448115632340251,4.282391343237518,1
1180,0.3585690829452428,0.2946691091811014,2.5769696307178007,1
1181,0.7017411515179764,0.5778644691482806,1.502963273208207,1
1182,0.5816602734366513,0.6917948594119985,4.929129999575692,1
1183,0.7098939912889073,0.6405966652463582,2.0812776573472545,1
1184,0.30395448885776366,0.6473555337948812,2.7883678181101015,0
1185,0.587118053528508,0.49793465023743594,2.4588805692521363,1
1186,0.3404896360254691,0.6760501866550587,3.069472371454539,0
1187,0.6551523889308367,0.35081587873644376,0.008538977964253291,1
1188,0.6992122660174802,0.5692778607794093,0.4576790736789771,0
1189,0.5537063172560415,0.27988306670546825,4.134020401771112,0
1190,0.6571298000077468,0.39684972360381715,2.596228284346403,1
1191,0.3914874160218924,0.4513484343085146,0.6553879095345386,1
1192,0.2572691987433565,0.4970593663886016,3.1788262882894522,0
1193,0.5088580436246402,0.27036968389008187,5.4027943251461465,0
1194,0.5337882225861547,0.7485981269273494,3.3821606916579547,1
1195,0.9281321425531724,0.9906570640669947,2.421454469377322,0
1196,0.7436275514570028,0.5334177744736655,5.490575454409559,0
1197,0.40359583472168453,0.46077529159585795,1.6851306386223326,1
1198,0.6592714319476175,0.3870830136350663,2.5017400278575774,1
1199,0.26965717137156087,0.3990184741716844,2.878392902603642,0
1200,0.4098483918361623,0.45208912186263256,2.363576726864844,1
1201,0.5688149501781313,0.6348264883512992,4.734026409500191,1
1202,0.5402871896668708,0.7338072657128509,1.3051071196504855,0
1203,0.47135207644840527,0.6992791398531446,0.444784825509805,1
1204,0.55562183035936,0.30788234631454064,5.85999942078765,1
1205,0.27304794805525384,0.47308628734267233,0.12103487840261185,1
1206,0.6855590604076575,0.5152037341714151,4.762696159183788,1
1207,0.5795143828614348,0.2967520074861983,0.4677584881953931,1
1208,0.4493269681838256,0.6116698633197861,1.7342479113122289,1
1209,0.2865729861000742,0.3565520127487564,4.364801149051007,0
1210,0.4213946225273448,0.26642333472103075,4.753576945247151,0
1211,0.7190531916329033,0.3827427177182687,0.8738450283717967,1
1212,0.3143928811983728,0.3971671027267728,1.870015560179433,1
1213,0.6086123639242147,0.3158660115314637,5.433385343070276,0
1214,0.33396613577285394,0.4688183850307843,0.22017656323879414,1
1215,0.5044183760036305,0.4619946086083087,3.232988553397726,1
1216,0.6599611103403317,0.5142672836064093,2.3430910202931234,1
1217,0.2552414510953586,0.5325350756808594,1.8313159822301757,1
1218,0.725174574989156,0.4608252885805594,1.1224545914371067,1
1219,0.6176796693687225,0.6446770396554885,3.5452265412895,1
1220,0.265789364837537,0.5793680072828541,4.128723100891777,1
1221,0.5562290808523617,0.6989606129966712,1.3027918746669418,0
1222,0.3217051525891888,0.3433227144878838,4.408695868470539,0
1223,0.2709037545614564,0.4637588603427099,0.7300339274133748,1
1224,0.5987180303819395,0.4875963255671231,3.489972568387363,1
1225,0.2916136075619612,0.41480895746418806,3.9535432545732596,0
1226,0.4319389599873992,0.26005245136468197,3.833333882316113,0
1227,0.27687091023637495,0.5402412499813108,3.794856236558247,1
1228,0.40813192901867923,0.2962835253228284,4.105085962518506,0
1229,0.43582999339806844,0.6017023408495356,2.709006931789059,1
1230,0.49424374755633504,0.4270734218275216,2.1904033281723145,1
1231,0.7127930007435469,0.4783874236444916,4.971341957674288,1
1232,0.4391914648531431,0.7236659987837941,2.427289783210808,0
1233,0.3145247920058047,0.41961248343899793,5.593258807978526,1
1234,0.6227754943399894,0.4877375707192899,2.015226860092735,1
1235,0.36416479658013123,0.4356884285896636,0.42281937950619786,1
1236,0.5522845491828146,0.6405034934147569,2.4799928582035795,1
1237,0.32518682062566495,0.6492618583952287,5.107243107058895,1
1238,0.410579196246712,0.29093905102410317,4.049927619718096,0
1239,0.27106817657175447,0.4591132488108514,4.235980725575714,0
1240,0.30631156205766935,0.3932320567076692,1.6174033054197998,1
1241,0.43938228546967556,0.6469727393668561,4.412770617539072,1
1242,0.40272664592036717,0.5583552772287688,2.784781767438008,1
1243,0.5532213504342399,0.5517256772698321,3.830979731442994,1
1244,0.6268328904861296,0.3186869766062141,5.952924378644044,0
1245,0.3695843005436787,0.6271113136328371,3.8836520149878524,1
1246,0.3322097253955592,0.6484769938465745,1.3281487083799668,1
1247,0.3414852816381652,0.395184257357214,0.9886373494208119,1
1248,0.40185053117288416,0.7282906924969893,2.5018124044462557,0
1249,0.5062076084530495,0.558153006718543,0.30700510767342415,1
1250,0.46465276827441515,0.4979695462846709,1.1984968118916284,1
1251,0.5332697324155313,0.7452592794426459,0.6557010637063411,0
1252,0.6312481846099636,0.35509424452973093,5.195379092451066,0
1253,0.4879668127754045,0.33144722799760595,3.097704985285028,1
1254,0.5674881975532736,0.2932139254406114,4.580395249031841,0
1255,0.7456601349787191,0.43068058615105664,0.6424925770454026,0
1256,0.42371608022763435,0.34916348102937433,3.260154465193375,1
1257,0.7277864065389266,0.46713523921579464,4.3577922242527665,1
1258,0.5908235862945546,0.4841884113185161,4.030309428796111,1
1259,0.37576406989252137,0.6263345024353714,4.94035180375622,1
1260,0.6279428516000667,0.3798986573513096,1.6501774310494224,1
1261,0.6041107563081897,0.43022400503774677,1.2140215344105567,1
1262,0.40323431236366475,0.6489002370305754,2.863786667692898,1
1263,0.5430267789443866,0.6788076046112977,6.192737316884844,1
1264,0.5625541067400203,0.42969414390191757,1.7393985402464425,1
1265,0.26186090345783386,0.5155847958909973,2.596933343500238,0
1266,0.4595786414689357,0.5496906415493202,4.90824719994526,1
1267,0.3301005841011922,0.6904055596594977,4.11153973293594,1
1268,0.05495796725998253,0.864850638944009,5.026108228307022,0
1269,0.5914215713702369,0.6395812528612086,4.602245641057486,1
1270,0.4864566825217446,0.5667205476714293,5.778198538611272,1
1271,0.2728267826161332,0.43497250459187814,2.1878591856988723,1
1272,0.4707783790548848,0.6416672242622561,2.911003323000538,1
1273,0.7152072451471285,0.4388444469139096,5.18038638416031,0
1274,0.38244438807102493,0.42346239203187547,1.6661583288821717,1
1275,0.54485583588372,0.5167159737691027,4.9661192110953465,1
1276,0.4265523333269278,0.2987514010595804,4.9652714267657885,0
1277,0.650622347148393,0.477983358660704,3.2953558849054665,1
1278,0.6202471419308643,0.7026451170836956,3.8693007609908454,1
1279,0.5822897182772375,0.7153186881430893,0.20894478093879942,0
1280,0.6998382694914368,0.5891548777478022,5.685263371971994,1
1281,0.33858641457129734,0.669079298173883,2.3908648603372638,0
1282,0.5175057124916377,0.657893436007923,2.058714208483473,1
1283,0.26555830959453014,0.4452997515097082,4.2411909783666655,0
1284,0.5021248775240792,0.2710980303636638,5.23691155020396,0
1285,0.7102556709932065,0.6247289229249902,0.606980295571588,0
1286,0.3480539154932391,0.4415868336959235,6.232342592085336,1
1287,0.662928188253517,0.4577823562428066,0.05913515309915754,1
1288,0.49414591572569333,0.5815872889900572,2.0014216429366583,1
1289,0.2690425698195968,0.5914095009691641,4.375055088901688,1
1290,0.6528211601446026,0.531014960991372,6.244296158546924,1
1291,0.6468316905327556,0.40211115330729896,1.557948630200743,1
1292,0.5974294197860088,0.6617951217156947,1.8081743215784623,1
1293,0.5369638231816631,0.582956543043304,3.4248892291811375,1
1294,0.31797462995591164,0.4897067080779486,3.443752836451708E-4,1
1295,0.9661396066827256,0.9328146695989737,3.0736332499608223,0
1296,0.4059098501077512,0.7145538551034194,2.672573347204103,0
1297,0.45423750035469185,0.7235786930770913,1.5396098219501013,0
1298,0.7439067389278444,0.5226823530818752,1.3089340755472023,1
1299,0.3243867601454667,0.5528936149729772,1.2766807523333916,1
1300,0.35604845673188584,0.7317610783452975,1.072772620579807,0
1301,0.6501415675677461,0.4693269493747784,0.9211952114859195,1
1302,0.8672365838868001,0.059435809517804056,0.7600989008133017,0
1303,0.6384974740699492,0.40983775048339216,1.7021084268812037,1
1304,0.5799749992421256,0.3466593355658333,1.170538179876859,1
1305,0.522853400469577,0.5721173874003135,1.3686050090091013,1
1306,0.2465545455898299,0.5475491926448851,3.2408822682464145,0
1307,0.31280969051166335,0.5279639697372543,5.2288486874208555,1
1308,0.7051337531109235,0.5041624664929724,1.686093442279557,1
1309,0.6718965770725231,0.6016480355470576,0.14061994859593324,0
1310,0.5987483182223083,0.5699941200789926,0.0127918811715384,1
1311,0.27078139899910875,0.4387778903602023,4.698963189278399,1
1312,0.35890673887130403,0.48175767697590394,3.127192548713884,1
1313,0.29902644882967133,0.6351180649528508,3.547941107929276,0
1314,0.6121057699722066,0.3083080876888844,5.954502509086884,0
1315,0.4736470858678596,0.5897881796152417,3.736446405220474,1
1316,0.6365793759090839,0.6722648468336991,1.5842477900521452,0
1317,0.4480937928570161,0.28705416622701035,5.9732134415753935,1
1318,0.459016514433051,0.38566838114883983,0.7134452330208032,1
1319,0.33991909853567515,0.6802184004473029,1.8773397280647588,0
1320,0.6257115897123761,0.6518817119657939,2.6502319621831916,1
1321,0.6363628260410733,0.4119534200536423,0.10383375541225053,1
1322,0.40935459717649314,0.7131271372347116,2.479570785318095,0
1323,0.7163997128267969,0.5661339905056358,5.801380640400029,0
1324,0.6679602883232806,0.6706163391075846,1.3830698825531842,0
1325,0.4559077433366846,0.43337822430723705,0.8620998256489546,1
1326,0.048820851269053035,0.9663617870574023,0.4501487230240948,0
1327,0.38769686259714703,0.6077904538104278,4.168078327807833,1
1328,0.6739563766465622,0.40961262373279556,5.787627093222068,0
1329,0.2545466978429498,0.5960051881855826,3.80291439307861,0
1330,0.5778978119777547,0.4351060570747338,1.5980967017507242,1
1331,0.32218745610474964,0.3161362617991339,2.398867922430692,1
1332,0.14067644173648486,0.04077378117519554,5.4579032171977,0
1333,0.6114426575661984,0.304026013405885,4.712427612991594,0
1334,0.37101636929917314,0.6952078165979114,1.9180698406822696,0
1335,0.652283324137713,0.4045007216409025,1.567359251042703,1
1336,0.2520908275240973,0.5277511161439705,1.9161823378084413,1
1337,0.40665653861438034,0.6721557236474603,3.0923320235330447,1
1338,0.3750929494986518,0.5964460474451028,3.487249013077841,1
1339,0.6851162916829672,0.6332284814040408,1.7989089758234083,1
1340,0.6537856614826519,0.33876876564093406,3.708631262834544,1
1341,0.4414102934120181,0.6080016850551472,5.745813763251171,1
1342,0.5727347132180408,0.5901916367138484,0.3597413353864547,1
1343,0.5780095378033512,0.29172661096241603,2.97927004435118,1
1344,0.6490907439357896,0.2965158652864448,4.225326714847757,0
1345,0.7389261714757103,0.5108337431230602,0.7051411744231944,0
1346,0.3798413522718585,0.6481929437256614,0.973516388103325,1
1347,0.697150718689371,0.4154106109141945,2.117954360061521,1
1348,0.5207403890505017,0.29968433400468275,0.31347550807989966,1
1349,0.5351018665651218,0.6803149887476212,3.5757383075398317,1
1350,0.4430085643646514,0.5232872400240663,1.8911173165480148,1
1351,0.3129724576865699,0.5751893309253889,2.5704975618026937,0
1352,0.43122682540635326,0.34825178788558103,5.440750660791233,1
1353,0.5763736474928645,0.509792680900489,0.7181789890077472,1
1354,0.5236337387858769,0.5263458191968129,2.0892726517752616,1
1355,0.560253191798172,0.4694049770328003,1.1710855614296076,1
1356,0.5106806313864294,0.7606044455327174,2.3783199794385324,0
1357,0.8775072121261527,0.9589793978260223,5.093046205322451,0
1358,0.5708106315821042,0.2860492071837132,3.041762272757496,1
1359,0.4432482476525866,0.5241955550885874,5.573164066253828,1
1360,0.2964099817995832,0.5574997420596489,2.098502822187245,0
1361,0.026085819063810595,0.17841799926904614,6.224823151101651,0
1362,0.40233432094948207,0.3187918135058098,4.646358267082816,0
1363,0.3924472440595472,0.2746014017733487,5.159405245357783,0
1364,0.6788195277412824,0.35562539738606364,6.172897618055958,0
1365,0.077821777292703,0.08025372287475079,0.32189950319781985,0
1366,0.607478204704688,0.34836173476413296,5.580173388499007,0
1367,0.4075648170247301,0.2596152655535639,3.0039801151365504,0
1368,0.5171056864781832,0.36886403218231517,4.491798234766596,1
1369,0.44843086840225604,0.2740682298522077,2.4214181084550654,1
1370,0.3586784539742829,0.6577894367057953,2.647961728111757,0
1371,0.7140574135960895,0.3977773107356905,5.715319754244947,0
1372,0.4839889494393577,0.6699093290026266,2.981176792722499,1
1373,0.6537136600493391,0.629559654501661,2.202899292769921,1
1374,0.3042288052936071,0.5553043086661339,0.85385774437939,1
1375,0.5648511922787063,0.6990165715165976,0.5570071220302484,0
1376,0.36899877400425485,0.37654540400985864,3.6546435659469925,1
1377,0.43709283369821933,0.3039348035762417,0.5561314329241933,1
1378,0.5091017582199323,0.6665200483955367,0.7481670285881278,1
1379,0.7173741889375626,0.5853418205995764,1.655249143120685,1
1380,0.5216285008844007,0.7262428439060656,5.7995013627643495,1
1381,0.586996946916442,0.39382243564304514,1.8005114891407417,1
1382,0.6241047055357232,0.5877410430162251,2.545227987568679,1
1383,0.7227504222504364,0.5729558971513159,5.525671961167958,1
1384,0.3886051321763654,0.2840902085777656,5.051400920294805,1
1385,0.3487798875093357,0.7030143799714859,3.9955472464050446,1
1386,0.3874244426297989,0.5002387513443284,4.215376499995003,1
1387,0.653988030620806,0.611636008087855,2.0307635977666934,1
1388,0.04362297182754476,0.874012185881388,3.4486533633269305,0
1389,0.6245294187681154,0.6721087795454778,2.0066458394099507,1
1390,0.6319964784733658,0.6665712189611336,5.883770123849229,1
1391,0.6145979540015702,0.2859740784114739,0.40973863245802544,1
1392,0.5686386321788409,0.6777384785253882,1.8199253757365776,1
1393,0.261179216427203,0.46466846579194043,4.016277964980588,0
1394,0.7106343356245085,0.4210858316579626,3.516896688094935,1
1395,0.6025317293325569,0.6043262393738004,0.06995985397394858,1
1396,0.2946789618657012,0.39923102490699036,1.998479041419654,1
1397,0.5372913030336021,0.5907027330637887,4.882932145817765,1
1398,0.6135680626731311,0.37083156459788125,2.7652686438721235,1
1399,0.36008639001076853,0.5896890898671594,4.219497619331268,1
1400,0.6751662576136617,0.46505202456615463,2.3849806840903534,1
1401,0.27679767862729526,0.5012640214798363,0.9164481311658058,1
1402,0.43046499628456747,0.6829137824087328,2.7048248285518333,1
1403,0.6734348251852788,0.447739888619426,2.3936756975005915,1
1404,0.5542496844600565,0.45738025892267836,0.7007579863025177,1
1405,0.36183936965517227,0.3572392364817592,3.2854516560733837,1
1406,0.04618738425209722,0.14490422214307846,5.912962664881771,0
1407,0.32497588921512627,0.355167227816285,3.2962786300484366,0
1408,0.42021121962449187,0.7085139621862524,0.39993719625363516,1
1409,0.5666307669224606,0.6264130669987789,2.402678688489894,1
1410,0.35468810116808314,0.586059838003729,2.3647643671419467,0
1411,0.6377649222249159,0.6567934206417195,0.17695257085449723,1
1412,0.484851620804517,0.3696747101696461,3.924421125574712,1
1413,0.4273625527094566,0.4680405762134786,0.1631694342248791,1
1414,0.2540781329731216,0.4171227481527846,3.543096113956985,0
1415,0.5821449625151017,0.43150503976968485,2.4069689846002826,1
1416,0.28101881487339897,0.543049081107125,2.2667252511665925,0
1417,0.6359880734990166,0.516756930696318,3.474413893810346,1
1418,0.28470434689036633,0.5792348764904631,1.2540206148559896,1
1419,0.6885716231602445,0.5954657706880718,4.718202882447898,1
1420,0.2901992304524165,0.4817518585438688,2.1348510230384092,1
1421,0.615898832802652,0.4153013809036165,0.3438506735901924,1
1422,0.5690048225534443,0.29684034091151174,3.386168768347941,1
1423,0.58658943343714,0.6825521806506994,1.5051197733665003,0
1424,0.26659577319506406,0.5634584604304625,2.3659194117786084,0
1425,0.4929680136161308,0.47967523098901327,5.640413082916584,1
1426,0.6982000096572232,0.3356421535512038,4.200007740236706,1
1427,0.6593338689508444,0.6697129983404597,4.916567038931044,1
1428,0.7638631533664408,0.5317592297704063,5.328853853469019,0
1429,0.4928848447628266,0.7328490941553008,2.1405503135839767,0
1430,0.5598457683529852,0.7329620447162392,1.3521189600664107,0
1431,0.7019678991281529,0.3580434642379859,4.613981864616583,0
1432,0.5920424106844931,0.6631003317902806,0.4231648980998166,1
1433,0.4492271511776827,0.5966447819706832,5.975450022561286,1
1434,0.4825819984969771,0.6042454839512286,5.892290211058001,1
1435,0.537731615581056,0.6185185122350922,1.0533881473242386,1
1436,0.7233339375625486,0.5232942607568766,1.078302995365066,1
1437,0.2079050646116362,0.5535680547875763,2.384350957384271,0
1438,0.2731480694218534,0.5963859451496974,0.5177118733038256,1
1439,0.2622031017302873,0.4648742482573871,4.1280554545149,0
1440,0.34538276399696216,0.6295730052721938,3.20154750211891,1
1441,0.5507554282511036,0.30489012161674706,5.567309781236457,1
1442,0.5795650520493892,0.638829098603357,0.5319592496909258,1
1443,0.5195097557459571,0.27463781762846856,6.260881088981535,1
1444,0.2398188868035443,0.5537679055193417,3.550835308802048,0
1445,0.6366728323990036,0.6772731485701392,3.1668578948132198,1
1446,0.3980298632364871,0.5500702410316564,3.0211135484842373,1
1447,0.5492315250940517,0.3598726881641341,4.155245339098403,1
1448,0.3315383684725697,0.6430210825622462,2.603260250561395,0
1449,0.6926840895444292,0.580849101361264,5.501996021853205,1
1450,0.6928775363661177,0.3478455532885374,5.06064729646879,0
1451,0.2872614273266927,0.6138712081214142,4.608591758625679,1
1452,0.6837659430760179,0.4030439014763823,4.429122837864953,1
1453,0.6883687340554532,0.5163644227636975,0.14447441799239616,0
1454,0.745289419191232,0.4155356720918139,0.33011219709535555,0
1455,0.2573070630343429,0.5044746974981726,2.8872708611623117,0
1456,0.721468615348344,0.5508410049760043,5.982567630724805,0
1457,0.3595447327060204,0.3618310746910245,5.544788032599799,1
1458,0.7267201774225736,0.5982110637649536,0.7151195312975573,0
1459,0.6682928756973012,0.6075751638432173,5.952291274316541,1
1460,0.3288077151134039,0.3713720472093154,2.768042499289991,1
1461,0.28427004274255363,0.5443183874278682,1.1517954986212964,1
1462,0.4164256576726798,0.439326640944463,6.083449477529203,1
1463,0.3892927540211359,0.5852271949532445,4.3565170757452005,1
1464,0.5621356251840017,0.5370216388013095,0.07988240680583036,1
1465,0.9563084273955171,0.8418814467506428,1.4090977726340528,0
1466,0.7420710505233779,0.47997000974206017,0.9077136548290402,0
1467,0.5300273210358255,0.3054665474534239,4.144182951003813,0
1468,0.7431809544702688,0.429590697679408,0.031507687870821144,0
1469,0.6703794985014591,0.649469296255846,1.3005707693137745,0
1470,0.256087778052195,0.5084638088053008,5.299014552474476,1
1471,0.2643268625149293,0.4702879457220148,2.8472357307783676,0
1472,0.6850919000180812,0.6035637713282648,5.926133450151724,1
1473,0.4562375451234648,0.6763020227890734,0.7755416166235368,1
1474,0.4434052389320198,0.717024278345156,0.07527920631990773,1
1475,0.6531748482460292,0.30989389221778385,4.1978997768455635,1
1476,0.24988247018135465,0.44982404860383834,4.396420313458282,0
1477,0.04181446558841147,0.9810896871889668,4.793681847445095,0
1478,0.5378848296889001,0.374767371527542,4.083472627517307,1
1479,0.25699238663520446,0.6306356304896023,1.8404690135052113,0
1480,0.6758576208435123,0.48507077037365876,1.1543761987669199,1
1481,0.2595452009116091,0.3970237424101599,4.11334243536481,0
1482,0.6219985993878804,0.2854640428842195,5.695059683580278,0
1483,0.750476929243834,0.3840443341333237,0.2764226388573795,0
1484,0.3694931791070757,0.70202063610148,2.159729245576928,0
1485,0.7365817491603577,0.5321698036593097,6.031093527518427,0
1486,0.5014680598570053,0.4168315290878926,3.7943746542215306,1
1487,0.6189524465648972,0.31287045174174616,0.899981882260519,1
1488,0.6813888311674083,0.6733400033196523,5.235473476871759,1
1489,0.7036579737558851,0.37389078239402973,0.3361738038938067,0
1490,0.003531915548881803,0.8573616129456847,2.667672686001839,0
1491,0.44676544353861175,0.7210282751703717,1.2797775748313953,0
1492,0.5575864121117803,0.44625823713306934,2.266685443251334,1
1493,0.6375859055736913,0.6553724907954939,1.2343441295152715,0
1494,0.6877759760540118,0.6029430551080038,6.25870877802309,0
1495,0.5161992956179611,0.6551679652135546,5.899208797621896,1
1496,0.7371272139794975,0.45916784550814355,0.2828504090472566,0
1497,0.3166893645843301,0.39768131626650177,6.243229563610942,1
1498,0.2729962087809278,0.5785707708338532,3.5288504874690863,0
1499,0.7017925664154631,0.6142014923298028,5.893165619452634,1
1500,0.7263579221032338,0.5353912201102862,5.620848250398465,0
1501,0.36141591549525726,0.42729115781741445,5.104969485711241,1
1502,0.6854358475363393,0.6041948004415519,5.547108516372047,1
1503,0.5534682690427211,0.5052492137137375,0.029621479222726954,1
1504,0.5425434137275074,0.2861429768362229,0.04691704628238469,1
1505,0.3634868673115408,0.45145413049601707,1.3615186044417855,1
1506,0.6113152008202741,0.32240568138314885,2.7150915971926524,1
1507,0.3563798173513247,0.5829109596575027,5.26830852673186,1
1508,0.6373302745045503,0.6164918417650738,1.5911105969985222,1
1509,0.29445606057999635,0.47686317560234265,4.568465884627111,1
1510,0.41007478323761626,0.570679176082246,3.263366964652376,1
1511,0.33798574250035046,0.6814557571432963,3.437279349231082,1
1512,0.2337426832456664,0.5795339404782385,1.598518977329149,0
1513,0.48145931586293156,0.4548572983804544,0.7114396768320641,1
1514,0.7432426303212519,0.46404971998206707,0.8134182083730849,0
1515,0.9970214355737872,0.0559259169630976,3.696011605029507,0
1516,0.32990219069903437,0.6569604152698875,3.619020097842685,1
1517,0.5097906101371679,0.4282993503067616,0.25116731313156204,1
1518,0.7258002178085748,0.48297196187551944,0.2266471883035974,0
1519,0.23960454109498228,0.45205388724461043,4.237718877067654,0
1520,0.47217621039587443,0.35660855240208844,3.490520636639296,1
1521,0.6700472454546638,0.6736946941399832,2.52692522976753,1
1522,0.5789056490799448,0.29221095402593944,4.422062975392479,0
1523,0.5422161851607029,0.3060665352202118,4.606782783518434,0
1524,0.6152937831079112,0.5652206551086094,2.754781487921802,1
1525,0.48889637625296395,0.5320643167874458,2.3871195539499763,1
1526,0.7173149330905196,0.3913187715206173,1.2475303494185883,1
1527,0.3697993514535423,0.3335917505380573,3.22209385248959,1
1528,0.633437359950357,0.3410293074617362,4.366606153108314,1
1529,0.6342652043574857,0.33078027626583595,5.205091242339069,0
1530,0.5228556390566914,0.6358965256318799,0.729292399043232,1
1531,0.6654216285107563,0.38963387779579767,0.9892903475417081,1
1532,0.4996165161289661,0.7360878737080806,3.6247603873524175,1
1533,0.4635599945340808,0.6856199999054544,4.691328244144744,1
1534,0.4625668586712736,0.43109207169453323,4.436430832907243,1
1535,0.6616871579246038,0.5708635980028632,1.5120581553601842,1
1536,0.27809248711913287,0.5369716017000424,5.650087459046685,1
1537,0.5479934105370144,0.37545399791148815,3.966007879556074,1
1538,0.4647000297740674,0.7064592164726533,0.5582339755378348,1
1539,0.2964745898807819,0.37740577909811834,2.7420411432216882,0
1540,0.368837173973412,0.31031038593976384,5.678715838742544,1
1541,0.41940452267480594,0.6624914825722096,0.16992028345047366,1
1542,0.08452659231245807,0.05177639786393181,2.6339197262932377,0
1543,0.481161092123265,0.7343347521965593,5.889076957215187,1
1544,0.608757534773023,0.3424464152335717,3.0726197008076324,1
1545,0.40663654782025493,0.5715589274533991,5.186817560471204,1
1546,0.7356433877964407,0.5249618504201684,0.19696573478260168,0
1547,0.32163379443909135,0.469379580074874,3.529871053867453,0
1548,0.3787147162902287,0.7077864078166837,1.1230870340402095,0
1549,0.7331100974535468,0.47131312125676195,6.210130626654187,0
1550,0.7067934115115597,0.5329901560864257,0.19062250821833765,0
1551,0.6174867215430535,0.6681878875981618,1.5135619442346313,0
1552,0.5923693372773662,0.5480546395164895,0.33078616705221703,1
1553,0.6510077725054857,0.3390913548649249,1.6575238727338888,1
1554,0.7289210825856012,0.42033895538492194,3.589461121763262,1
1555,0.4884189159056913,0.7392371725236484,0.33493159901899455,1
1556,0.6888860529950771,0.4593567067346176,1.2518350538780088,1
1557,0.4706357882987356,0.2837765058438142,2.6101203801748185,1
1558,0.5688807945457164,0.5552422784394531,1.5335992969627052,1
1559,0.6104763227433595,0.5967979559323069,0.8827887349011454,1
1560,0.40779935989214605,0.7437373347077814,2.9818194125140383,0
1561,0.17324600230863313,0.13242535508529846,3.635770530912122,0
1562,0.37942886330598635,0.6986332384457545,2.714268093437228,0
1563,0.9871235003381453,0.07607039806296668,1.0190111767036916,0
1564,0.6449115197941824,0.3267580102258074,1.8824061615161007,1
1565,0.3887149176361966,0.5499686602243612,0.1370510755598406,1
1566,0.4017691648348154,0.5471012219504775,2.4075308999369307,1
1567,0.5239770701178338,0.46920155173214423,4.925406293568032,1
1568,0.5696779680083822,0.2653901028662904,4.453365148887948,0
1569,0.41993020795941266,0.6800146331934126,4.115606201059766,1
1570,0.38287897035666096,0.7079172706024789,0.9254888175485008,0
1571,0.7047709306165292,0.38858481421604807,2.419591038754643,1
1572,0.9015018158270444,0.027555048094173643,0.8909607131397121,0
1573,0.5392022645163227,0.6254099531686484,4.235506546772785,1
1574,0.7500039662430924,0.5444954526215642,1.2702352066897313,0
1575,0.6001348897195703,0.309085606955066,4.406193193847245,0
1576,0.4190527187333598,0.6926110985299346,1.4036892273096453,0
1577,0.4115785653817184,0.2842666281404098,4.216763029901673,0
1578,0.47592912440306917,0.6730138690248565,1.2237438587138378,0
1579,0.27605471275586974,0.38608634897971955,4.450215808711082,0
1580,0.5246452608409403,0.5550500769706578,1.0472176221991514,1
1581,0.4263927542738538,0.40035009874331395,2.5872926013115123,1
1582,0.623666429499243,0.6317637482741808,0.6126993389863402,0
1583,0.6535693870644242,0.5900693545836347,3.0891107234526993,1
1584,0.5791178710484506,0.2432986911233436,5.555859307274199,0
1585,0.4962923908755843,0.6861969602986034,0.5350029771512602,1
1586,0.3549528256934147,0.5953835559149071,0.7227750249130827,1
1587,0.6940457967252549,0.6155123343609868,5.609495749670615,1
1588,0.5372033279651216,0.48222242930289144,5.65883267013444,1
1589,0.30520011229804817,0.3697052910251222,3.653950336942332,0
1590,0.6735522306515128,0.47938038908227865,0.9512854014275816,1
1591,0.7018731210805059,0.3643807813452765,1.3775650148203187,1
1592,0.6659400478748978,0.5870504572996429,2.484498422418465,1
1593,0.7517508240595143,0.4251251829572723,6.0751831154840685,0
1594,0.5970247117127833,0.2667890091769331,5.53448270214,0
1595,0.540608649962686,0.7161853911342397,2.6492165052004757,1
1596,0.41841498788396264,0.4581229484224463,1.4916647625994486,1
1597,0.6225177779104003,0.31484258308786156,6.100444438467553,0
1598,0.9304862432116722,0.9951701640072613,5.875317785325116,0
1599,0.7272864035833214,0.45525041736099003,0.056528902039651996,0
1600,0.594583329938543,0.2772105982560444,0.41405957016838657,1
1601,0.5098457470905845,0.7330489504362403,2.013358285404941,0
1602,0.3395275419111617,0.5182395381979019,2.9089816748455313,1
1603,0.5449588261187038,0.672587730476747,1.7765303184879564,0
1604,0.26149134432560733,0.5394706499837076,2.269956801992553,0
1605,0.7217327045529256,0.4728134799968121,1.3462354782603432,1
1606,0.4149632504631198,0.697274909893794,2.7990403964289947,0
1607,0.6426825931035274,0.6553813111655685,2.718832257254045,1
1608,0.5664959273018282,0.46830253123551174,0.5634808016281044,1
1609,0.4346441235416115,0.719997343357596,4.352525978591019,1
1610,0.6694080526716717,0.5936788583921307,2.2546947122733596,1
1611,0.5611907802714856,0.590374710779961,2.281928413624614,1
1612,0.5087950776800415,0.29345077333002795,4.280213956577768,0
1613,0.5823831885222813,0.32833569693963804,4.824119309021982,1
1614,0.25344945045707357,0.5178860501474454,3.7449259215999176,0
1615,0.7038467975954323,0.5948453659963266,5.052233658077197,1
1616,0.41327990692548794,0.2716732574878785,3.4632390430375377,0
1617,0.5032612648405104,0.6646736189867963,6.255312181577793,1
1618,0.273271535911815,0.4665916572631432,5.742700709290872,1
1619,0.6179017570643078,0.6894838927416446,2.2554646536253977,1
1620,0.9967763314941813,0.0543644501393576,3.2227596806648022,0
1621,0.3024074342471594,0.49640590588247124,3.1991903520627867,0
1622,0.29065113943499193,0.47313341924505936,2.8603855500498576,0
1623,0.3707080643165054,0.5286811435964297,1.297206774091137,1
1624,0.4043923941468363,0.309457661252774,5.098374591792185,1
1625,0.2456921173374354,0.42578306294587764,4.488046285378678,0
1626,0.6915916441901249,0.5389054527141748,1.2967849209228017,1
1627,0.3531971001226322,0.7213199325348432,1.3853329658394322,0
1628,0.6419585863142236,0.5563130087418491,4.643219156011056,1
1629,0.41857746774729393,0.4649117948139658,5.735805529777081,1
1630,0.5299213103235869,0.2965753405072285,0.031096863730311952,1
1631,0.6038609045465035,0.5166164031668483,5.437241141100579,1
1632,0.4992708601881098,0.38316898269651517,3.8956265131492693,1
1633,0.7275886817237937,0.43933355656663586,5.695348732309855,0
1634,0.3135494262558462,0.4709415619409133,2.9712487413502737,0
1635,0.49762558749152064,0.26357887092206206,2.5795463253723225,1
1636,0.42708024510871967,0.3032975056065991,4.12909944721851,0
1637,0.5323147947806701,0.6770039248936209,0.44865560926195003,1
1638,0.3749056198999095,0.7053574784969019,3.64691085412948,1
1639,0.7074956775960985,0.5758702846855485,0.6733991229892998,0
1640,0.7111121773783432,0.5602222083100082,1.6406585130715985,1
1641,0.5751919804680644,0.5248194747775997,6.264523120347555,1
1642,0.3803975825026696,0.6900553616236195,0.4132429500289639,1
1643,0.6786340584903781,0.5323377407381934,3.875747765741451,1
1644,0.28192711601794784,0.6241134671138053,2.97630721337355,0
1645,0.427841702717447,0.503951989915304,4.921061362540752,1
1646,0.693747908037698,0.41629903431102844,2.7385119212733637,1
1647,0.4692143449165034,0.7417958648470561,1.0850567624872567,0
1648,0.6521698797722941,0.6495895916101717,0.8795872626604395,0
1649,0.4110944043797465,0.4091796598896783,2.3388483717375568,1
1650,0.5637406795417759,0.5974532655701916,2.672187560382859,1
1651,0.33379370220005866,0.5492845567526374,2.1801369277907505,1
1652,0.3469001135478929,0.6316832254188358,3.7554048011273027,1
1653,0.32846790093605616,0.6750311928992021,2.484220175886098,0
1654,0.7460700100209448,0.4436304555169024,4.907765347930385,1
1655,0.23657882045834772,0.5425344449155226,3.974394451971881,0
1656,0.6687538046038038,0.3198554052679675,0.05053091030069326,0
1657,0.5310206390932897,0.423202724661054,4.409204775835164,1
1658,0.6891141821187045,0.627995235660882,1.5453129056376191,1
1659,0.6897382182764624,0.5085679295720501,6.274474532046061,0
1660,0.31696352320931637,0.40262070271026823,0.6500785361602972,1
1661,0.4435390584117247,0.5099095036950277,6.267163642309142,1
1662,0.6148529333009382,0.6865278037312904,5.789547774848023,1
1663,0.9262272275649907,0.082457765602147,2.7818017033553786,0
1664,0.3217958485848552,0.335227418477421,2.894116381538492,0
1665,0.6896416133505718,0.638819030411901,2.911887753531743,1
1666,0.96749586218866,0.9875017354157724,5.042022527351955,0
1667,0.2949990818698875,0.421989296722773,3.2980707674449157,0
1668,0.6270584527372278,0.6429091855280681,2.22209149135758,1
1669,0.6011398177529413,0.4579106881558275,4.647775574532678,1
1670,0.33838274694528386,0.5041204651731164,2.5014605321685544,1
1671,0.6850549368463721,0.6594908090164715,1.520514514911177,0
1672,0.5764714491161461,0.6936998925636644,0.4071469160725988,1
1673,0.5810878285922679,0.6684707180262094,0.759109791584844,0
1674,0.43460655832723416,0.6021860870382777,0.614592933982566,1
1675,0.270266640794393,0.4154671161145933,2.21878097828282,1
1676,0.6476707481461818,0.6589691669779729,0.698664854158931,0
1677,0.39102198266334365,0.7227494593440498,3.5843093801357835,1
1678,0.25547331183717986,0.4471276719495457,5.308914840038041,1
1679,0.5888659617105426,0.6259949585294428,1.3856144259990355,1
1680,0.673865180187356,0.43889437528729297,4.614545420361633,1
1681,0.41047275586923293,0.44078038244880813,3.6617990951120065,1
1682,0.5314627616861061,0.28701037516759087,2.7168979617662288,1
1683,0.42364492424773476,0.513082035864121,0.6486760871163338,1
1684,0.4529373235715418,0.7027365206090388,2.4670964749844444,0
1685,0.31926215347692627,0.6552679562262976,3.4379555310444503,0
1686,0.605509548730528,0.6866270005524073,5.965899322496979,1
1687,0.4762115283671491,0.6663130522514037,6.258059379421038,1
1688,0.40053458983700424,0.4275876123950104,2.5950396485251463,1
1689,0.3547777303569723,0.49850485962248425,1.8323526429288917,1
1690,0.3083865857595225,0.5502089319844207,3.0897716256354872,0
1691,0.5892394826631356,0.6743254172754237,1.2573856227275446,0
1692,0.6606834144451886,0.6551464251936002,1.6778819231331208,1
1693,0.309649637487029,0.6070350840039049,3.064237932203475,0
1694,0.4257885798586931,0.31715606701391,3.4788381266968846,1
1695,0.43431685324507235,0.6480002384515198,1.9860672391013894,0
1696,0.5357184543109472,0.2638233727873753,3.0081797986332757,1
1697,0.6428079333873349,0.6570060528079186,0.5895073627247082,0
1698,0.694330029998777,0.505037354831743,5.762250864933595,1
1699,0.033211646368204895,0.07358727521965054,0.19568624861658426,0
1700,0.026776569473471398,0.8857730074898931,3.9162555638023107,0
1701,0.571132762645794,0.5465689618690324,5.698892492099019,1
1702,0.5553945524840245,0.5854099894664835,3.7002440019744443,1
1703,0.5537195275702599,0.6412051469998991,3.373275098453132,1
1704,0.3328388456726649,0.6132026043441989,1.1024626695439752,1
1705,0.4500148533378603,0.39298793832598705,1.5339409827466104,1
1706,0.5964136394609367,0.6675279913060854,1.4126333664909472,0
1707,0.4672746306439587,0.5632334959880997,0.30836520967133413,1
1708,0.6590606133787892,0.35402803772911606,5.8425886147852815,0
1709,0.4856334108467219,0.7380619668240768,3.239155103852188,1
1710,0.2990464140473241,0.7015019266710381,0.824834625975376,0
1711,0.7058817093348321,0.41193958332109093,4.5412035622757525,1
1712,0.32516178608014396,0.35942731531967065,3.292315046863169,0
1713,0.47099655660944034,0.35315504743854087,2.9393720868335653,1
1714,0.33039375624368444,0.6088018805276794,5.821651214391651,1
1715,0.564360399381929,0.25743667317201796,3.6353904213478185,1
1716,0.7083313555353364,0.41679733353632037,0.33375862783143356,0
1717,0.2571754506394736,0.5223864568998351,4.057510587155805,1
1718,0.6707747763041665,0.5548638592493514,3.7692601386571485,1
1719,0.2994584952170167,0.4629340892879504,2.875350487874631,0
1720,0.582103701392696,0.40800417352809976,3.681382247859136,1
1721,0.6570506083882409,0.5193725073655151,0.34530666293554924,1
1722,0.07140750880378349,0.12025235951290728,3.1325453418860763,0
1723,0.2582918430078707,0.010750904823088336,1.9370579909740524,0
1724,0.5163082203954538,0.2620993701500917,0.21410246209367273,1
1725,0.4721748367061628,0.34118609887550827,2.7000742407143634,1
1726,0.461762377200277,0.2768763166242317,4.938753834067741,0
1727,0.4528773901737838,0.2766259292006749,4.731213286849563,0
1728,0.4558376952255201,0.6967796788854449,1.6900751889916206,0
1729,0.49708803508986693,0.571863134139128,4.015696103768984,1
1730,0.3197226739429974,0.35829469219349486,3.1373568637311013,0
1731,0.3264221825288582,0.5549835521320757,1.2876827608933084,1
1732,0.5020091149176211,0.6510878083099725,4.358367001788455,1
1733,0.5341849296639437,0.2663680605753404,4.880674760801773,0
1734,0.3106936996016459,0.5286807082386595,5.570044545317109,1
1735,0.3957345536059908,0.31162227578698365,3.1452785505087864,1
1736,0.11347252566411847,0.07625021774477397,2.6128490051387714,0
1737,0.3816293961057692,0.7147869583889069,6.219998838618874,1
1738,0.6083290143316405,0.6550500952113462,5.883819099400787,1
1739,0.6373106628787899,0.42824879283780176,4.877713332484618,1
1740,0.4887797552923248,0.25783493302628996,5.28132990771132,0
1741,0.7524957051133183,0.4526653622402266,2.072646855619822,1
1742,0.4194748153030389,0.7228924341900349,2.3359823469945424,0
1743,0.9666326587212863,0.903872866485023,2.5891342045945893,0
1744,0.5446399215376722,0.6317516453939699,4.853063263763796,1
1745,0.7126217058128842,0.3908894812943953,0.22672823243541357,0
1746,0.5714910713585074,0.6990628422696318,3.551698385916527,1
1747,0.42120598922443436,0.3426570678261309,3.5436102972175796,1
1748,0.6884276340859191,0.34974030502884285,3.5330925547599685,1
1749,0.29930271370618156,0.33417740674044966,2.5548991146125957,0
1750,0.5214335674467976,0.2885419233486668,3.6936301868761707,1
1751,0.34659453678256213,0.520886219561638,1.43988348914709,1
1752,0.6803474484836106,0.3661077440048051,5.491426092313868,0
1753,0.595661507106941,0.6171622472305273,4.909891497109554,1
1754,0.6762717111738992,0.3395907274205197,4.12372651214294,1
1755,0.389756534919298,0.3140298147974233,5.711059357317616,1
1756,0.25048577006385486,0.5136537448223466,4.519072179650139,1
1757,0.36152233893868885,0.3152648987991961,4.430236434013521,0
1758,0.4468923624245494,0.46132813727772465,4.856146348117679,1
1759,0.4303315273983528,0.3191179868221427,4.137680765393711,0
1760,0.4145933088044683,0.3251035235060216,2.019542188650342,1
1761,0.47266059418058276,0.45005202092321434,3.900382385134594,1
1762,0.4513705800674563,0.3095757535643041,3.3542586420092126,1
1763,0.30604548488475847,0.6567517841858246,3.6796359293835867,1
1764,0.5504632826025623,0.25699549956631196,3.8344626578453997,0
1765,0.39753232030973495,0.4690946829202509,3.3937876365614157,1
1766,0.37270814699216737,0.28975876963888286,5.140375646408943,0
1767,0.6587823768317042,0.670583317550045,5.958292791534343,1
1768,0.6692350128385864,0.36830387974046863,2.1323708879057044,1
1769,0.32951864562671423,0.6009678173747918,2.210278819099664,0
1770,0.6104342049087346,0.40788224468556855,4.205628380261408,1
1771,0.6622953743524997,0.3214383634871326,4.713156113628169,0
1772,0.2662864155529033,0.4907721569638585,3.30099991735326,0
1773,0.44640886912636624,0.7223073126662256,3.8739096400684288,1
1774,0.41385102809300994,0.49594071116532845,6.158175701196999,1
1775,0.41212810400533234,0.37083503787277694,3.688021011708002,1
1776,0.6269579313219368,0.32455588531114404,5.228903157027519,0
1777,0.72744796065735,0.43052034354538293,1.2575788484478514,1
1778,0.4372643753068793,0.5529540467295438,1.6164947299551602,1
1779,0.7002780457018308,0.5820468749530162,6.184059183916306,0
1780,0.49557549464188433,0.3392122220473116,4.427204637138731,1
1781,0.37565987869504186,0.35207181685596906,3.35697255957487,1
1782,0.5679793217697906,0.6910943202751848,0.08827435847014975,1
1783,0.6297786707531121,0.3209293213990223,5.213884687466293,0
1784,0.6148671220771954,0.45703146342333745,6.207555257550466,1
1785,0.5234507060678038,0.6602727523492579,1.4840511613112053,1
1786,0.3115200149983351,0.39033433628655395,5.048878407820937,1
1787,0.6223408256485385,0.6432761150440428,0.40239611544233006,1
1788,0.7376934607379854,0.5386318653827785,4.811568391492816,1
1789,0.23184380996361775,0.5126862573896396,1.9221381113263727,0
1790,0.5101775767574375,0.44235840471288024,2.0106409431412122,1
1791,0.4800119141646645,0.6150850320919415,5.5259922136229385,1
1792,0.7135562655679003,0.3682730095359687,6.247739287130663,0
1793,0.6230862430386545,0.7028900471024421,0.7392276912682312,0
1794,0.6710935884774342,0.36248453428218896,4.731241408468081,1
1795,0.3798836124606147,0.6428012481512358,1.8456189838455543,0
1796,0.6974258609557935,0.42567101955821884,5.983555974269375,0
1797,0.3854312346060424,0.3092502607305432,4.037622419529039,0
1798,0.583956660168171,0.6737737700457562,0.8645517433555354,0
1799,0.32819829197448197,0.3490820469447311,2.8822969738245674,0
1800,0.5105925602897639,0.7020705931567621,0.36815949821735205,1
1801,0.41359966164575246,0.700065233637989,1.9924334319284633,0
1802,0.5537756538848554,0.2543494478829835,3.6576862015719422,1
1803,0.6777463969678862,0.28070401754093227,0.45132669285762833,0
1804,0.4483270907253905,0.48070549890592107,2.651378879458486,1
1805,0.3539854133419104,0.34031635913613956,4.805325641354014,0
1806,0.4550248281417315,0.4738659426266762,5.729805997045322,1
1807,0.2930727342109339,0.3950991337445445,2.339188615224736,1
1808,0.2645993162920612,0.5057375013187009,3.0786435734320516,0
1809,0.23564666584019522,0.48425773298758035,1.7778235402683153,1
1810,0.5383949612024334,0.5638959821312672,5.85148507584017,1
1811,0.7274250183287649,0.6123104959699499,6.276102630324712,0
1812,0.7104419118717084,0.40187897951887025,4.743706559010935,1
1813,0.6820783164596038,0.6100918991016495,1.2511576065493597,0
1814,0.397459547749051,0.29702529959157836,5.82764535182758,1
1815,0.6672306746881969,0.3622960387137677,6.210281036489429,1
1816,0.3912064507255739,0.3139887919767889,0.26424117129572966,1
1817,0.6357559726613818,0.2772302343173067,4.6857921743671245,0
1818,0.5978419114010471,0.36406426538190634,4.63288249598782,1
1819,0.2574707842606121,0.4881571892446295,1.6197668029564485,1
1820,0.4194899132063221,0.2928764233457499,5.785093671529037,1
1821,0.018049553239194886,0.9227430168180785,1.6599779064526514,0
1822,0.49473293646289357,0.6105328209209917,1.753631677374166,1
1823,0.4149454989133508,0.4311196629673691,5.006390978665433,1
1824,0.4004487157828384,0.7298853002602376,1.6688607867816547,0
1825,0.6818075294379911,0.6476644296055905,0.4481984578943653,0
1826,0.6202563537206415,0.5559884936532201,3.1856903718971625,1
1827,0.4811836062959087,0.48289865246294056,6.2261334916039495,1
1828,0.5320369964553433,0.7422741915480698,2.995505710466119,1
1829,0.7070989186085485,0.4185646528831221,4.740597713565102,1
1830,0.5856056608277118,0.6779582943635944,5.581515740279958,1
1831,0.5092105315230583,0.5774031335228079,4.0102673491809435,1
1832,0.5357312886910031,0.3211046437574993,4.795315273835421,0
1833,0.6616650901342555,0.3922330665316501,2.6369086937699584,1
1834,0.5393201728605868,0.3652979846159551,5.02899979347607,1
1835,0.25263641123584346,0.5085708022444823,2.500226112183545,0
1836,0.4018135751001469,0.4119384033278031,0.9536113510149228,1
1837,0.5908043338416895,0.48625304390928303,0.7367266420537408,1
1838,0.5132582061906527,0.7279767747163213,3.644560150618734,1
1839,0.23795501193227947,0.5139663914198179,1.6970956090759035,1
1840,0.4617588765402875,0.5935212218497821,2.699114632043227,1
1841,0.6465198418393631,0.3378491179667013,3.511499275327569,1
1842,0.6290093169419395,0.6620899275022923,0.9010428218492033,0
1843,0.407248455973083,0.5761396932620418,0.8488451262211129,1
1844,0.5856050431665079,0.6514728453773739,5.928181239978156,1
1845,0.316367676346984,0.6471182623350327,2.4293544611292965,0
1846,0.3686047491640833,0.7159406775396271,0.3429599191424882,1
1847,0.9573532741978863,0.9665308970183052,0.7840970470784243,0
1848,0.6676748726386783,0.6098282079935069,2.6672593574650305,1
1849,0.5303204858277043,0.6550892670383022,1.684093131651725,1
1850,0.9341989117966084,0.03754041112082302,5.2388052941567045,0
1851,0.7309358087298929,0.5592944760033507,2.4034678654789983,1
1852,0.5069278647796553,0.6496437882027194,3.1166051592728405,1
1853,0.5946063672977332,0.3353806469891508,6.14331305483498,1
1854,0.4319827689135031,0.6384519370356772,5.90157304717897,1
1855,0.44278873612621683,0.6098133993555349,1.7165468126858192,1
1856,0.45341569484612715,0.584861370753245,4.624983509667086,1
1857,0.681733832729278,0.4714144407884234,0.3382883364864767,1
1858,0.7230395009946463,0.5546150266368572,4.716821011720537,1
1859,0.3376478381346789,0.43032279377643784,4.657726860320476,1
1860,0.3887436025317032,0.6115805934230377,0.28553218976409556,1
1861,0.42299556697802027,0.532602377669372,5.994762957444816,1
1862,0.5849821542878033,0.7219593107695877,2.677627742737728,1
1863,0.3788405126265468,0.6774151420497092,3.396031607680826,1
1864,0.6523911511304171,0.447770738557214,4.159635696292903,1
1865,0.57360848098538,0.6784619928465887,1.2412955268937784,0
1866,0.25035478565146274,0.4850868572993632,0.9248257775237879,1
1867,0.3508353526123324,0.3084351178316941,2.180240662847641,1
1868,0.7058992704479043,0.36686759038399613,4.512011720214013,1
1869,0.5699672194586034,0.32708119643954947,4.523022566887668,1
1870,0.5045826200908776,0.2654728891383901,1.1218933558596405,1
1871,0.5582614110418544,0.6618874320807371,0.3296834844658278,1
1872,0.501287348375039,0.4741395664512281,1.2129951618280148,1
1873,0.5461890985472038,0.3897936583032332,4.4750107517044,1
1874,0.3014852663953479,0.4115045526355154,3.039593352179038,0
1875,0.3150439897215463,0.6814156728428942,1.1890734842055048,0
1876,0.6420183195888437,0.5465554312046947,4.856091920474263,1
1877,0.4271424853494729,0.7106335675559786,0.19519613274753933,1
1878,0.7480955695828382,0.4633374259099196,0.48849381846112566,0
1879,0.5571629209605331,0.5551675539413166,1.2599721485645636,1
1880,0.592208531618644,0.4357350222578162,0.6553927849547347,1
1881,0.720568059480424,0.5896158815670235,5.511123752559659,1
1882,0.38214546242128034,0.5199693485231857,2.807160139201443,1
1883,0.6199229603203028,0.2871856419420552,5.633257858397516,0
1884,0.281774946578598,0.40180592402395693,3.4553440615267146,0
1885,0.6482072344047529,0.332607047386123,5.010513627578424,0
1886,0.6243811846976367,0.4947386715890392,4.6393739918634,1
1887,0.03891842041294109,0.9139345129743357,2.7061826901330766,0
1888,0.43319090764541407,0.6930057207156914,0.24347482782052923,1
1889,0.47755916132760207,0.4781186327975612,3.5466507212209346,1
1890,0.7072707377052385,0.6466300271240331,0.16597216395064435,0
1891,0.47678689661994333,0.6547392508519946,3.07918225282058,1
1892,0.30338283199359156,0.5454592133126043,4.314451274947839,1
1893,0.6269653845115446,0.7146567181272722,0.05499131878692598,0
1894,0.5056239355409158,0.27768234146603793,5.075159630280052,0
1895,0.4994635312625832,0.2431055821254945,4.239636333828433,0
1896,0.34581706203062607,0.5211074247889634,4.891319210668317,1
1897,0.28936550012710355,0.4877754035820678,3.554247867146033,1
1898,0.6808071370239169,0.6646372322641552,2.3476507537575872,1
1899,0.7358699096005207,0.41284221672863225,4.318249969435122,1
1900,0.37911492651806533,0.7062549906314411,3.051110906514332,1
1901,0.3392790024561968,0.32352569207052173,4.7369518625533775,0
1902,0.5713808855029838,0.30164231514285283,3.473401064732856,1
1903,0.27894197457539543,0.5899177277035824,0.9643271385203576,1
1904,0.5136854630531866,0.5447619616267545,2.2271744248141694,1
1905,0.4367934785278662,0.3082676003397935,4.7480841975131725,0
1906,0.260965766193794,0.54978881636759,2.370805015657554,0
1907,0.28684212860499536,0.39166838636719914,4.740785525316017,0
1908,0.5757970251702013,0.6463396543302924,2.0284918660212763,1
1909,0.5557084260044659,0.3122624167754044,5.729683306043027,1
1910,0.5064418509794352,0.28187062304077287,2.462372803034016,1
1911,0.3555356996353826,0.6472903577779648,5.832319656285599,1
1912,0.4393162125862778,0.7413328380022699,2.214611329352799,0
1913,0.6355959116646283,0.6516313409077829,0.1690095230555304,1
1914,0.5408013912581835,0.6290848395800837,4.985575312401484,1
1915,0.47267861672965794,0.5221996256414654,4.132728468207929,1
1916,0.4327229793501099,0.3880933876003207,4.439719372684982,1
1917,0.4692014044703463,0.33478106029626603,0.7868849714836763,1
1918,0.4072645498971988,0.7151276101070201,3.1006152350488603,1
1919,0.5380948748592567,0.27261220575723,0.2743958569740535,1
1920,0.3610242062236116,0.3702800269986426,2.176778941242707,1
1921,0.3830856777476722,0.46020070353290815,3.0085626062913455,1
1922,0.9833098411697458,0.8725290123977922,1.2239530737581517,0
1923,0.7274687268235304,0.41898511782943865,0.3883575239137796,0
1924,0.2505913947779521,0.4035686583582944,4.668329885450284,0
1925,0.4666890015553837,0.26728901884068923,1.0992307445388712,1
1926,0.6351212332930041,0.530532328896886,4.716663647345351,1
1927,0.3982714759864864,0.6337895923419808,3.1100179283206453,1
1928,0.3076960004816312,0.4106260483193405,3.454044804119729,0
1929,0.4538379280085722,0.4097804028004217,4.104160136435478,1
1930,0.39337640788709305,0.3892030651746763,1.5125885935724803,1
1931,0.6579540848484615,0.3655549026768244,1.0069624226463367,1
1932,0.3633891759527781,0.4202915278903536,5.4612598015666265,1
1933,0.8654073795637268,0.004656282843038932,5.363136515649259,0
1934,0.30418104626559944,0.38887932769260247,4.041437985114436,0
1935,0.33951285303604456,0.6427397693615394,0.12947703651308948,1
1936,0.021855799413143785,0.010202728845233912,4.632808665921243,0
1937,0.25994110065398957,0.46600722257640204,3.1096514551470418,0
1938,0.3484174247898672,0.6361913030482989,2.5791528405656816,0
1939,0.5679818147228888,0.5935683156763834,3.06319120754439,1
1940,0.5596702838753028,0.7230539049603019,0.7602328968565919,0
1941,0.3122169342140534,0.6039693743626945,4.55480038882785,1
1942,0.2975212225286042,0.6204966114407389,3.851776350892986,1
1943,0.30369076969737957,0.38193361358519257,3.845628667647304,0
1944,0.6860387439563383,0.6536288703504181,5.673996231026507,1
1945,0.3271877386647949,0.4701243691648928,2.458894611441843,1
1946,0.42663266285283974,0.34906126106636587,4.400723903132259,1
1947,0.4395573420954595,0.7151544505194499,1.9484326997793138,0
1948,0.596573247145102,0.36795297263755866,5.795945019168928,1
1949,0.4915969458094754,0.5152869758463036,4.408814169955438,1
1950,0.6853340075381873,0.4117480006495018,1.4225536099361245,1
1951,0.38172552456910464,0.40019575470670776,4.812093345821054,1
1952,0.6080281891282091,0.6718902348835599,4.09435309679287,1
1953,0.8759393575527202,0.9160700830460008,4.64307835425426,0
1954,0.12188684533613761,0.07440992868110177,0.9709535233267771,0
1955,0.5571706070909864,0.4233328181562095,2.696197078593672,1
1956,0.35269105614540247,0.5540676132910518,4.447037984416518,1
1957,0.5318059668303569,0.2618301285866997,3.0762597604879414,1
1958,0.6189420383513115,0.31432149662713876,3.2629342498895637,1
1959,0.5774362124360075,0.4198828321924987,3.163211192222511,1
1960,0.7523736275587231,0.4257765823465453,0.5313502337987632,0
1961,0.6999679594747482,0.556420088272545,1.4797828871354735,1
1962,0.3020262462224732,0.41135746071619955,3.2316096747842056,0
1963,0.32406837418558876,0.39765469387980606,2.1498972300110477,1
1964,0.4924238997536686,0.516405479212507,5.206988243685624,1
1965,0.6886549242786951,0.6361587751684917,1.1008137042789012,0
1966,0.2822924241383783,0.6344055040645131,3.1074042267067985,0
1967,0.4178207399818147,0.5739333084587978,5.928993588064959,1
1968,0.5032949238610428,0.20804448097373457,4.02718904452892,0
1969,0.6843131967945434,0.3977761619946743,4.361292052319709,1
1970,0.6638482644708722,0.6523985537419053,0.7369979362957237,0
1971,0.24232748599749776,0.4894137981255037,2.789277651848917,0
1972,0.48187873342584003,0.28440153235012505,4.84952202439415,0
1973,0.4965501786425466,0.4992222530095978,1.9045651744093068,1
1974,0.4230127555725778,0.3416748411816054,0.8204043634502923,1
1975,0.693950622680737,0.49599617480778885,1.8210603333085102,1
1976,0.25763620348971694,0.5171673842658825,3.803957747523722,0
1977,0.3473024337784477,0.35145635282704923,2.907502282791545,1
1978,0.698628512340081,0.3943640420880649,6.07169220410859,0
1979,0.6707234330017927,0.6614779905291241,1.1949127140831055,0
1980,0.30052725392320984,0.633068116928687,6.174692212877448,1
1981,0.3680533275638795,0.5041878280618373,5.538861514094967,1
1982,0.9414871666453922,0.03071507093048386,3.53580751629677,0
1983,0.5557203187242309,0.5000441983368575,4.191350706555728,1
1984,0.633023214638707,0.43226480610998674,6.058871780834613,1
1985,0.644271285301259,0.38323985742695094,3.3552485578244373,1
1986,0.6098640354293677,0.6267587449561343,5.297161179520667,1
1987,0.6009342357143024,0.3112631311046082,3.767570993024077,1
1988,0.322456720578668,0.6772439935815299,2.131968931040475,0
1989,0.3400932342551952,0.33894711849886977,4.80997178700219,1
1990,0.49261613137003935,0.7019841811427949,1.5157408742701057,0
1991,0.6830903134443401,0.6175153644754046,0.010107166631975417,1
1992,0.28321626769288477,0.562710592710994,5.888784978331497,1
1993,0.5718176526400098,0.39805973657105753,4.147410261852916,1
1994,0.45543475638832887,0.3213611702998987,0.8500686566724558,1
1995,0.45935064797345393,0.42574603970752384,0.6625579820953683,1
1996,0.326507429624859,0.5007479222053439,1.1731449005538859,1
1997,0.4912992348321937,0.25615144831459874,5.358898057040447,0
1998,0.6339635583586944,0.413196039842642,5.82161884861658,1
1999,0.35205606273123285,0.4125427908466641,3.67075216270223,1
2000,0.5550026198591106,0.5049922855372452,4.017701603954021,1
2001,0.4922174159998442,0.7159926768690562,2.574474478268315,1
2002,0.6748190508613001,0.597474097254964,5.770394639989645,1
2003,0.7295572774377935,0.5758678046938551,1.7486398495610858,1
2004,0.7425418146774395,0.46855024292626757,4.845273838494624,1
2005,0.11395602170525393,0.9105885885697701,4.390800625926285,0
2006,0.7364591825201804,0.5522897756783003,0.6747784642377116,0
2007,0.5219403993023874,0.6181035449819435,3.1816018317974293,1
2008,0.67588670645393,0.392904843209232,1.6394713237475231,1
2009,0.23412197729947065,0.49723142086285793,3.9725391236978655,0
2010,0.621663988606144,0.5102003397366404,2.048519738243656,1
2011,0.47826164563955165,0.4860265467346412,0.738687071087136,1
2012,0.5202043222695942,0.31915561905098383,3.9850559075124354,1
2013,0.3980531989373497,0.3268908386068334,3.6119402871051425,0
2014,0.26864404397600067,0.416056298687458,4.054273703865285,0
2015,0.4847284390927203,0.5244463870983812,0.3383271447677947,1
2016,0.7253075397397867,0.45720763648652707,0.15065402306370312,0
2017,0.6379141716636898,0.7032364731189066,1.1055491539407505,0
2018,0.38554081010585267,0.46187785525922587,2.5658275259758563,1
2019,0.47855641193875376,0.3797228875985963,4.653130456780576,1
2020,0.349158175100709,0.6321579455767855,3.6475489374381604,1
2021,0.5945109021223361,0.5081020205261829,3.382045531025465,1
2022,0.019341875663365947,0.07000015414335801,4.426808511821552,0
2023,0.26527636454953774,0.4389010581914009,6.255303977482047,1
2024,0.6013803565741127,0.5502971597895036,1.9450294553738896,1
2025,0.7343358307294893,0.4292309415330459,0.27017468796047794,0
2026,0.5684824972897565,0.6144972854478065,3.6523830978636815,1
2027,0.29437198139885995,0.5500081948939911,5.509533704255883,1
2028,0.4081818608266966,0.5035239607219524,1.657396497060872,1
2029,0.316671978902691,0.34192365805228486,1.797852630395376,1
2030,0.515462448862088,0.5007996757448511,4.889276099581597,1
2031,0.6480323822632528,0.5999784409940303,4.770785847960955,1
2032,0.47156284404273263,0.511291729147346,5.94189857314944,1
2033,0.3443573082983049,0.40326863732555523,3.8651744882079795,0
2034,0.27733280546115363,0.39382793594485893,2.885439028341373,0
2035,0.6184917633431294,0.5679342228812679,4.386437569145032,1
2036,0.2856755771237049,0.5482102568303313,3.094977211183701,0
2037,0.5798283636398934,0.6520500803285656,4.034503502573267,1
2038,0.5461262679825614,0.25282869182259965,5.780262527650657,0
2039,0.5372966632507661,0.47847641134645236,1.2272711274505206,1
2040,0.49632621839032826,0.409411179516987,4.181474787932564,1
2041,0.291934202690432,0.5884041841967242,2.728135563543156,0
2042,0.24499186234389947,0.42661895957793416,4.489213220078653,0
2043,0.6454161559539962,0.6717005683043465,2.659413485440834,1
2044,0.3037028216221288,0.6226179216987056,3.081076571959815,0
2045,0.07471706087385843,0.8320144000820896,1.8111739137370721,0
2046,0.37602371385010436,0.3274177627072357,5.201236194510148,1
2047,0.9633194483062405,0.9772318726160352,4.299989793454601,0
2048,0.33521983685635587,0.45528276935999035,1.8836010369809872,1
2049,0.5374172023188346,0.28384852524016563,4.80432204614117,0
2050,0.2985956434740773,0.5837925625036513,3.613609401494397,1
2051,0.5277744029203363,0.36871746582396836,1.1713058164057488,1
2052,0.952697128193738,0.8410192645226469,3.332954674778794,0
2053,0.36505061625735014,0.5260769522971813,2.8035019094726796,1
2054,0.07613824604988417,0.98649525144238,1.8517583931624806,0
2055,0.5739214698880445,0.5363157663952922,1.689944243203291,1
2056,0.34554605240501846,0.3781700871559603,4.067302023582431,0
2057,0.6863892341683736,0.5434159267375624,5.430557779548016,1
2058,0.6523600383605147,0.6441695349264401,2.985772792755101,1
2059,0.4246744830363705,0.5429467530935305,0.09342554010221886,1
2060,0.6810752287940446,0.5406224341946761,3.5462131197056976,1
2061,0.3926573171094566,0.6720829360451689,2.3005353692519406,0
2062,0.48122667043745304,0.7165586591269062,6.271737286016438,1
2063,0.32501604716977345,0.3704741490825167,0.8885739047809287,1
2064,0.4498947667462439,0.48195310200074615,3.7192942494636174,1
2065,0.6945621421202633,0.3884417465967471,5.014754225493405,0
2066,0.5544168465131454,0.3839847598795672,0.2718258663005618,1
2067,0.6758531020141102,0.7005177092223119,1.3617741722322445,0
2068,0.3483738517764071,0.3876837382560119,4.787391687148377,1
2069,0.6793670426578331,0.47369556558010933,5.170618749850347,1
2070,0.48498977125239034,0.5755345666712502,2.801854530068102,1
2071,0.4688734909575161,0.5400316371972693,3.6706880792263297,1
2072,0.645517860403117,0.34724035341615916,1.2182297280531187,1
2073,0.5122711089412253,0.5312235755410853,5.87432422929934,1
2074,0.6959432030390447,0.32243120689815435,5.2288544359158085,0
2075,0.3438111063387141,0.6409644630793175,3.5062210742334194,1
2076,0.34180904260454514,0.5599824094097069,5.556374791704518,1
2077,0.6601492374313777,0.36738712705194193,4.6995393986983585,1
2078,0.60086086744747,0.27315301851537416,0.15776868677236722,1
2079,0.3340270011432782,0.40792498344808087,0.8367028648354059,1
2080,0.3742606946572209,0.4911032132604547,1.9280514887136144,1
2081,0.5361542160384983,0.6524672597336126,5.421170213863152,1
2082,0.8624256064356267,0.7224901245009162,5.138507071018689,0
2083,0.6812823120355171,0.4533694079382784,3.053721271711007,1
2084,0.4676136965598951,0.2830824686904625,5.773529114123016,1
2085,0.4532524892463376,0.7331325001414263,0.5829866198614743,0
2086,0.5524748508565462,0.3788211865448791,4.7491843775526705,1
2087,0.6302726386935275,0.5365281795289333,0.1698081862021743,1
2088,0.7090832402013384,0.5293604562765521,5.052895931209428,1
2089,0.3956138860755748,0.49737853725960857,5.516998013166049,1
2090,0.359015387361393,0.39796876941913173,2.7977465695750845,1
2091,0.5118841483036267,0.646707435044763,1.7074635402724863,1
2092,0.34774497556414546,0.40392482532251733,5.013725491703981,1
2093,0.5442950142308006,0.4474018219997151,3.7011569017236763,1
2094,0.6029807777085275,0.33727191076050705,1.8748705658002807,1
2095,0.3649852252605319,0.7151562281897706,0.999460850027336,0
2096,0.7219122917158987,0.5488475431566581,3.817896836165487,1
2097,0.6275648767639236,0.3477556207361485,4.3605318718226895,1
2098,0.7264893124209691,0.5706491554257558,5.971763918755387,0
2099,0.621382345514448,0.34506551590763046,3.587791213352429,1
2100,0.3321797548397225,0.39701973754139197,0.3436418426933579,1
2101,0.9937817751076728,0.9140443966841729,1.4847231059628887,0
2102,0.36869773550685747,0.5110872463947603,5.816739018028178,1
2103,0.7398326456727435,0.5287645449792303,0.26552659217005437,0
2104,0.3946000518129886,0.3238047865994745,5.77798105592928,1
2105,0.3248027583936999,0.6798914967288312,2.3000638878521658,0
2106,0.6814780981609215,0.6447255685639535,0.5065401944480463,0
2107,0.25582761566419776,0.5175214143682404,1.3512556723085805,1
2108,0.36431514963585443,0.543637642814384,1.8098982457099024,1
2109,0.6451232569557988,0.3918645228295571,4.09017030161328,1
2110,0.6998757151994653,0.5488979588676814,0.3840452907625856,0
2111,0.3198054028160084,0.4956540821296759,2.339608459916782,1
2112,0.5576145046311225,0.5769943072763577,4.715348544205187,1
2113,0.5525846826924486,0.685271800145145,2.263484867329885,1
2114,0.44785806186110466,0.32019318419500226,5.597865524413787,1
2115,0.7448214011442053,0.479481126925394,4.6954712861556045,1
2116,0.26291509386146855,0.48144554613496804,4.382458753958479,1
2117,0.5518556507425734,0.4842922882780033,6.075474954687264,1
2118,0.7133849153307532,0.5612378062775346,0.2221020934482983,0
2119,0.26990947049838837,0.48863951369917613,1.1600299530327023,1
2120,0.544401789352307,0.2545560855961571,5.059170337134895,0
2121,0.2617890811111427,0.5776874251507943,3.963332882360831,1
2122,0.4383729893438126,0.5073583735931672,1.6115545182586226,1
2123,0.5581694854953223,0.2727901392840094,4.8507870155406785,0
2124,0.7174899698849184,0.4888485582517712,5.03467996524707,1
2125,0.25227912406763175,0.45230050138635947,4.184680998739683,0
2126,0.37740231344892844,0.6966042516228358,1.7495382135135316,0
2127,0.6588157559281326,0.5570171037444167,5.776392357415588,1
2128,0.9489550588231579,0.9379518132510273,1.2399912695539481,0
2129,0.5464638085345277,0.4509123146380026,3.613635544632098,1
2130,0.4305378637763834,0.6370372236692318,5.806011155996392,1
2131,0.872074965826303,0.043584742082680476,3.270574228971838,0
2132,0.4897176139095214,0.2509727668850917,5.891929993889531,1
2133,0.35320917989337297,0.5842479453069452,2.238548196604979,1
2134,0.5454216537461919,0.4197907017647068,2.322319605057446,1
2135,0.35185193926206987,0.5928117312666608,1.788670546116527,1
2136,0.4619224296678926,0.6731269884347497,3.5927315456724602,1
2137,0.2871784228578579,0.6307768074393177,3.944806455263698,1
2138,0.5035762707740128,0.7070390448330317,1.7237193216824442,0
2139,0.748867991870527,0.49160319121928886,3.7368436818636592,1
2140,0.6717012152685929,0.32483747672157703,5.606792646293581,0
2141,0.3504296043858398,0.6690586003864221,0.44135798338562215,1
2142,0.6909874072979859,0.4978378846001519,5.697034179811038,1
2143,0.5815488503053501,0.35801648804443903,5.723767503542089,1
2144,0.5873839099621437,0.29374727360947545,4.814907170390631,0
2145,0.4322025009703734,0.6112479405893878,4.295709072958085,1
2146,0.4431914663993572,0.6864336651601131,6.063585647380774,1
2147,0.3751551624987992,0.3390466814790314,4.003958099493694,0
2148,0.6065538870455808,0.7254960625057777,1.6752484503126315,0
2149,0.5030430411001082,0.26723236319076377,2.8326460261672746,1
2150,0.4725928836854957,0.5145824038846973,1.0958889692706413,1
2151,0.47203364548045046,0.2465010847670474,3.702600691116601,0
2152,0.031125838449761953,0.9329410817461198,1.2046173312265447,0
2153,0.5830996692169229,0.26861919612163093,5.8201018399542885,0
2154,0.36189428424844766,0.5716675643605423,4.262670681279374,1
2155,0.5697458695833018,0.25853454585171065,5.775707992342585,0
2156,0.7113825088165516,0.4863934827474085,5.074942889913548,1
2157,0.6684859881660429,0.6528784281447717,0.7149941764473386,0
2158,0.4776644633047777,0.600986310909963,2.454960179489256,1
2159,0.717135857108304,0.46519261324139394,0.4857932106731461,0
2160,0.24275240357563696,0.5590424321908974,1.7736194542168247,0
2161,0.29397414944274125,0.6242291509497244,4.349686650848706,1
2162,0.7064967516072214,0.36181532877084793,4.923697244765844,0
2163,0.7332850676121963,0.4358980931910634,5.859406057190857,0
2164,0.2531432549665244,0.5243003362742158,1.6376725314501366,1
2165,0.3434555457763715,0.2980272178205059,4.411081133802444,0
2166,0.2565834201467355,0.5097233179066065,3.059719269315336,0
2167,0.34744668775011495,0.6742395883623348,2.1683812394378195,0
2168,0.3805380400272861,0.3166187117437027,1.337063642220225,1
2169,0.6912860255478142,0.6292868666753426,0.2927249838851928,0
2170,0.443275693771625,0.7285105889532127,0.7636568367545793,0
2171,0.684454941259465,0.40141321659023327,3.8696292713400346,1
2172,0.43377734248304567,0.3091793317214403,4.904609889824346,1
2173,0.3462462326083224,0.4106886634705074,5.7834642181340925,1
2174,0.14216434586400972,0.9478598124376555,6.052430243424986,0
2175,0.28227446653796573,0.43965485374810737,4.094151187140583,0
2176,0.4570848256974459,0.633465480558929,1.0511314066896276,1
2177,0.43054870616711444,0.37800167983880245,5.023063872919873,1
2178,0.5000708685448938,0.27140224818363407,5.660442249052986,1
2179,0.5610455529301174,0.3112489931242005,5.942100435576617,1
2180,0.6347416912354773,0.5632998523812438,3.859481408439481,1
2181,0.5248816649972728,0.6769562350479017,1.969456472568426,1
2182,0.3299752612454283,0.6574428845667989,5.243157634162089,1
2183,0.5979068264983548,0.3619308212761427,2.325266810131927,1
2184,0.3871874495593332,0.3890331444066758,3.929049484715361,1
2185,0.6986084176446932,0.5610707437124006,5.865252628986743,1
2186,0.5792411200612437,0.45850760096255105,2.906978680221917,1
2187,0.7036526316430821,0.4784982408304962,0.5117306700918576,0
2188,0.6676932052901636,0.39145454397991003,5.775112122936631,0
2189,0.3289718098000668,0.5686124907184574,3.0432027614329864,0
2190,0.46822185563376806,0.6734459176410857,2.305628647144521,1
2191,0.37413573918605175,0.3504804029359074,0.19429213804696419,1
2192,0.6116498965770087,0.696445637073991,1.1762047711649046,0
2193,0.39653303780989985,0.47401574106047706,2.6615243658227916,1
2194,0.6349496975561569,0.6693495681356446,1.745003632135814,0
2195,0.3594130340013734,0.32583861160542366,3.8883815163069686,0
2196,0.6344627028576864,0.3071333133130241,4.855303588569412,0
2197,0.6979656418184174,0.5678033485704782,0.5146052742645538,0
2198,0.33580258296262305,0.6200145226940466,2.652241806094812,0
2199,0.34864127100194625,0.6735759211383906,1.031839349805168,1
2200,0.5930398867792523,0.5331632443658746,0.8792804939735053,1
2201,0.5324384525883773,0.42664379499950844,4.794084454342299,1
2202,0.33032536911216764,0.34613057779179257,2.7908423823420483,1
2203,0.9464024806342476,0.9433971276584969,0.37433260289661635,0
2204,0.5582155963947092,0.23511790674967173,1.9405755057658216,1
2205,0.4106170459732677,0.4462760579295618,0.06051889918649067,1
2206,0.35699576420225926,0.7053622968995177,2.005080458587853,0
2207,0.2575554708044582,0.47587293702712097,1.8029133785999774,1
2208,0.6371290103820846,0.6856328007305963,1.2873065500796526,0
2209,0.27190898481496883,0.5102537198607111,5.003361607107225,1
2210,0.6173142931192321,0.5186130197743728,3.354559455977487,1
2211,0.2984155188789864,0.49510113628855973,0.8849564479265786,1
2212,0.6635106148007198,0.2788915598870566,4.3866682131494885,0
2213,0.4961932014754984,0.7039319984754313,0.9775849777962521,0
2214,0.4545719868310456,0.4248730792087737,5.31432211021939,1
2215,0.723025298005139,0.44265675230089324,1.7486117861025898,1
2216,0.26700504380885937,0.592823369298998,1.600221845266193,0
2217,0.7156830697286025,0.4846399348814176,1.728248794565601,1
2218,0.29191021107409815,0.4355924357990297,5.033206643042567,1
2219,0.2866016493974872,0.6398153272533104,2.693532385836911,0
2220,0.9118594158592291,0.0649807828956514,4.515792948832884,0
2221,0.4170719993578685,0.2784363169340684,2.9622383565646455,1
2222,0.4024496033482511,0.3440525333170939,3.6961826415417534,0
2223,0.414179716224225,0.49426722696024583,3.4246943000080607,1
2224,0.7022122830198652,0.6017478211842768,0.2950186626157077,0
2225,0.7066579429709813,0.36596267517698505,0.07169873230436163,0
2226,0.6063908910519011,0.39460360167555913,0.6215692113112762,1
2227,0.4851868610130394,0.4652836393040033,4.756411551029292,1
2228,0.47861207701711084,0.7150709800277698,0.9926838616037447,0
2229,0.3587469048423442,0.5418201494841206,3.4038929594147262,1
2230,0.4691464156853219,0.3267531420147711,3.6058545561901196,1
2231,0.5601587134510606,0.2813641988798375,0.396548450063056,1
2232,0.5722349601011932,0.2644294353281888,4.790854556232779,0
2233,0.38088929218849804,0.32175553606489266,4.371493035295987,0
2234,0.5454860924889533,0.5566365660652397,0.5370176784375629,1
2235,0.5009690374233111,0.6322862847440456,2.8615430764289465,1
2236,0.7319513810787932,0.4935444423521976,6.0898041231294515,0
2237,0.4262469288250684,0.6298583353463412,0.0020959005381842033,1
2238,0.7120847653848813,0.40899443045311845,5.2766549595089955,0
2239,0.9933264771361522,0.2449998312205869,3.0319183727206793,0
2240,0.6475119250866007,0.6594395875953702,0.9129797724489569,0
2241,0.4553231737488924,0.31102626166097724,2.3165931653779666,1
2242,0.6986539731420013,0.5481296357090835,2.5401371936655526,1
2243,0.4958043304031689,0.2632663073639884,4.627808192688056,0
2244,0.7328756676553765,0.4929807736981843,0.6622074474264196,0
2245,0.19303275522930607,0.005156847094015218,0.8285539592022312,0
2246,0.25096308843167753,0.46848805967239776,4.995257133476257,1
2247,0.5041784601825497,0.5614366478853893,0.608180203473341,1
2248,0.29984019276348123,0.5252272125282096,0.5518236494147322,1
2249,0.2564115800330709,0.5746990050654072,1.6937082105934083,0
2250,0.47128970478661925,0.3131985771129596,4.1519374053599645,1
2251,0.5900782044199834,0.3867068632503397,1.5266685068468528,1
2252,0.6874457869297198,0.3634206608614784,5.657742216390651,0
2253,0.7355224291597754,0.4107755537141289,4.876220220473614,0
2254,0.401025088021519,0.4888594649741988,5.046160978699468,1
2255,0.2386110588606956,0.4803067325054203,3.079225774502929,0
2256,0.5486044650268107,0.7232405418070316,1.5887956800796772,0
2257,0.7012216243864542,0.3764370441684914,0.19844755704848194,0
2258,0.7560053682650455,0.39469049788709354,4.576716572391468,0
2259,0.6657027764084129,0.6161769904112012,6.081057574423095,1
2260,0.5732588969890327,0.26172642683469927,3.9071207101188796,0
2261,0.3096390320006331,0.564763045951038,1.9301499049584638,1
2262,0.34085982045385754,0.49584615452182706,2.120752943436222,1
2263,0.676178771968994,0.6591759854210205,6.213745698445868,0
2264,0.6856901653995829,0.4931212543578639,5.5510668253462,1
2265,0.3907452580393919,0.33699977503894124,2.3830621356712354,1
2266,0.5088294498938887,0.537434015257044,2.202742578289747,1
2267,0.3232341226018758,0.5722756553907685,6.241370989224703,1
2268,0.4657811073042236,0.26198487849901464,4.986441369860019,0
2269,0.7010553767640817,0.4657685832014828,0.21980667845345253,0
2270,0.5059335082032389,0.34086574233197703,5.332156234291554,1
2271,0.5787845189455548,0.31260954261888935,1.9292110686857102,1
2272,0.47068356645166526,0.4119243818688181,1.7340147668095847,1
2273,0.11538413808594032,0.05141655509403818,3.687626125786473,0
2274,0.41961178480042033,0.3030992849752395,3.4686715482338037,1
2275,0.47153093339835117,0.26433466311557985,3.687781468236582,0
2276,0.44779930892036385,0.2583261153389492,0.1468992718883299,1
2277,0.6665793293215342,0.425633180357075,6.252423423396032,1
2278,0.479988019726907,0.5965746102569822,0.40393055851477033,1
2279,0.5324172833204247,0.5410220846900944,2.6466154298217686,1
2280,0.6031990841546019,0.4928865130914649,4.523525931387841,1
2281,0.5719470685157027,0.5639452027600091,5.219454195494539,1
2282,0.7801227395610868,0.9502827763795234,1.8598939542161939,0
2283,0.6067638006862054,0.3979967611141591,6.2523318860194985,1
2284,0.49583491655948136,0.30544414661749303,0.134322565949956,1
2285,0.4978163943773893,0.7391430489953342,2.569352284764107,0
2286,0.584097132437939,0.38773797932014986,4.899231977885974,1
2287,0.38458551997601775,0.5689281058923227,4.282214440157823,1
2288,0.5871730124064393,0.5497703756758476,2.783845420268097,1
2289,0.32477302395338553,0.6420223757736331,4.929083052436066,1
2290,0.5916392388153756,0.5629090975890502,5.704383043499292,1
2291,0.5186340272326553,0.5231475944458162,2.9729569372639455,1
2292,0.4524968004002571,0.5008454069273913,2.2710359104215936,1
2293,0.2948372955786501,0.47681618823953936,1.642702830098201,1
2294,0.6871713474441,0.6088566847436466,3.5935574415059386,1
2295,0.5736570626573471,0.6154801063077292,2.372542702767051,1
2296,0.25753058302218845,0.5445328487822861,4.681270211201556,1
2297,0.22990717220475873,0.49504055823483656,3.523198427631571,0
2298,0.3623620583411301,0.4734403898147733,3.22316036688462,1
2299,0.6685207678615752,0.3047126216012438,4.293198957923964,0
2300,0.6920746641366919,0.36794164443612676,4.429399668041968,1
2301,0.3336364734501457,0.2962052164731286,4.898297984746823,0
2302,0.711891830798411,0.38037975158382775,4.314664672318009,1
2303,0.37222819064585355,0.31668009316387324,2.7631708402495727,1
2304,0.48917956992779454,0.5072612338273786,3.12337336836673,1
2305,0.2967254043693882,0.5799111762627112,2.537266281115124,0
2306,0.2798845716007607,0.4252881121954994,5.557397965537973,1
2307,0.5222496175937787,0.5709375251131548,3.503400008141253,1
2308,0.38144091734516977,0.7419884473239305,3.830889791412534,1
2309,0.5070518268348823,0.7138757960638937,1.1280629575174355,0
2310,0.3334570475278076,0.32906509033204356,2.4023198373593497,1
2311,0.38880306944058024,0.30912534216772536,3.9779386265384806,0
2312,0.46493670877212906,0.6990808740383112,2.5385520707072695,0
2313,0.5092841762962557,0.5962813801558229,0.17669175205364712,1
2314,0.6693098187946477,0.5422129836114365,1.159045395578795,1
2315,0.4703575818619442,0.2947233585610081,6.067947226018371,1
2316,0.6645729396777991,0.3926878622902257,4.930074682798402,1
2317,0.7238047174607438,0.6012419860035457,0.7505694727941588,0
2318,0.1757061684922477,0.9489243402394949,6.206126134826431,0
2319,0.3393758620242109,0.5680133946038729,5.673960660664117,1
2320,0.28113869471908387,0.5643345247374617,3.078259393258553,0
2321,0.4185670861367137,0.316200859752759,3.9641042178120234,0
2322,0.5002996391174325,0.46719801801616717,2.771381443634513,1
2323,0.690324467025756,0.37687047821517855,1.2365819212927192,1
2324,0.4922440732639259,0.6605737027184276,3.8734749674402655,1
2325,0.2911429630932578,0.4844121046428209,3.070918698875904,0
2326,0.4353624748892822,0.5894439557764045,3.8255819938766527,1
2327,0.4583912859107718,0.6378482660262881,2.642484583171679,1
2328,0.44169337462286606,0.30697392591563416,1.9982676088338531,1
2329,0.6115067838685337,0.4025817218556467,3.856507056716581,1
2330,0.5871842382430386,0.6810570118253046,2.303150510881439,1
2331,0.3780035958045672,0.412688437512678,5.701711235720111,1
2332,0.5790695110653619,0.7127378542190841,5.932576950890653,1
2333,0.6442607880396906,0.5459537953797216,2.639022279591529,1
2334,0.4336778833748821,0.729066526893865,1.1982159755566963,0
2335,0.27163710332325197,0.5692721190418268,2.432747693824429,0
2336,0.008392602203436671,0.9551368215712657,2.554331245274666,0
2337,0.4257588832115858,0.472690175226331,4.816916943737646,1
2338,0.6861687111874912,0.6150238024331491,4.680145780291703,1
2339,0.26577413957720675,0.5499033513108789,2.5992577407310726,0
2340,0.40109586175016365,0.733290251535183,2.670207379694146,0
2341,0.657568522106828,0.37288597857875033,6.062027433532151,0
2342,0.6430285318553159,0.4436501316618574,3.0528554674203052,1
2343,0.487574605523799,0.25587964801589674,4.520020717306776,0
2344,0.7397768968231464,0.42050444302658524,1.1797333885300982,1
2345,0.6903932576151656,0.4046322180010723,4.6308558621215195,1
2346,0.40005333083117983,0.4107387989408478,4.6407504756453335,1
2347,0.4025220298996009,0.5723149294599184,2.1884982838612252,1
2348,0.4864984079670002,0.3401520598746463,2.2183858524715285,1
2349,0.635362119586612,0.576526694898462,3.22214179612525,1
2350,0.3442729300937241,0.6688756530297953,1.0924269370473032,1
2351,0.5253627795514411,0.7238060187879466,1.072077041475683,0
2352,0.42365885788645724,0.5403854001228898,0.009186578423297245,1
2353,0.4028155536543747,0.5726901061405476,2.899145848815216,1
2354,0.3456490440373565,0.35696771827572293,1.5742074060935933,1
2355,0.6803065215815843,0.5433154470923958,2.9249497698086424,1
2356,0.5403884228921317,0.27714241767907877,4.4680538081666406,0
2357,0.6448964176037744,0.640177944665253,3.3572633986417943,1
2358,0.0666011588680329,0.03791097002197485,4.6270178280462755,0
2359,0.6063660448863204,0.7035699306655865,6.149994296611702,1
2360,0.3873485616338177,0.370200742260558,0.43521524930429856,1
2361,0.042480213271414026,0.049979932325011564,4.112602985294282,0
2362,0.9084803345235538,0.9801550067292695,3.5283172664007196,0
2363,0.7229069124083217,0.5985196844581147,5.841803952106642,0
2364,0.533238868900981,0.5000398399536425,3.740811889228102,1
2365,0.7301525665539482,0.5985056162403057,1.6021550319733038,0
2366,0.5962729749487985,0.3826144051611993,5.661275890889213,1
2367,0.6840260851871488,0.3600746678920937,0.28519402083454926,1
2368,0.11182393148463145,0.10503058192941384,1.0782501969725296,0
2369,0.7206250816354549,0.5976146922927135,1.4284914012075915,0
2370,0.5296436424234606,0.7329983086222176,1.384334874946263,0
2371,0.9646842832323925,0.08285250734641918,3.07706310194092,0
2372,0.6657155917817896,0.3383618404612892,5.454226693448914,0
2373,0.34058248686306425,0.38364551307897504,2.5725677021673152,1
2374,0.39081221434661856,0.6933411155172629,4.767287131825278,1
2375,0.5466221172661516,0.6548955402487954,5.456086663702226,1
2376,0.29842712743112865,0.6450331575012791,1.2258433336941363,1
2377,0.2516528906938544,0.5022196625296994,3.6997995561051504,0
2378,0.5225798196936485,0.49836442638128725,1.363432971373172,1
2379,0.5333128515131388,0.5855836411994084,0.5858893762420874,1
2380,0.5700595587088584,0.25434987225689687,0.864259787319248,1
2381,0.2693258356021619,0.5285434880830336,4.761926987743649,1
2382,0.26357543241913933,0.5068338065113491,3.861025345689053,0
2383,0.62107313610971,0.6659944180229779,6.1416699830377945,1
2384,0.6593064656948424,0.31769570446456435,5.441890719352063,0
2385,0.47727275236546235,0.417601117518236,2.3548528271838913,1
2386,0.3093017866705678,0.469812002356265,5.135281251053997,1
2387,0.3573880967100086,0.2843224980412207,4.478716683451318,0
2388,0.4727130647716469,0.6109447556406763,5.479804945190233,1
2389,0.42479490791018837,0.3085530453532968,4.611918999121152,0
2390,0.7184285192676441,0.5225037065602324,0.29349476527553353,1
2391,0.29228984392907,0.4212514485812116,2.280857472608846,1
2392,0.5363634837582346,0.3840746098740182,4.723669462902934,1
2393,0.30540152242646185,0.6303286842883247,2.0164758312745215,0
2394,0.2725914283455686,0.5050588675520006,2.680975698990664,0
2395,0.4546494318676381,0.35496018120275985,1.6795264398754384,1
2396,0.42298494215555954,0.3613308264261733,1.1614417523582174,1
2397,0.5788359720061903,0.5223517122787379,2.5150655832456392,1
2398,0.5456295036651829,0.4626655423500333,4.195510762994973,1
2399,0.27315651679386926,0.5901493219579745,1.999006894483838,0
2400,0.3529993783868341,0.34474182788671487,4.328753896070813,0
2401,0.7033730946695497,0.5165824965282849,5.76571313359586,0
2402,0.6153975285787405,0.4783980732463474,6.107385087572317,1
2403,0.5251770135921181,0.6009404205024438,5.6753284002903435,1
2404,0.7352264261411722,0.5602663919947095,6.056764317854799,0
2405,0.5911553662875297,0.5721504143175237,4.944290897865577,1
2406,0.351239417248655,0.5003610045429647,5.418609481034052,1
2407,0.505586353923197,0.7211099112174173,1.2489117338625682,0
2408,0.2705716242507345,0.4571874171611957,1.6876753803408862,1
2409,0.29534862623413194,0.48619366059762065,2.106581149712241,1
2410,0.7006118794832435,0.3647720761065537,5.115728409812749,0
2411,0.42809701624271246,0.7197385974352315,1.2719973062798242,0
2412,0.6936876529053498,0.3466662524314139,0.4193939523101905,0
2413,0.5371262153957782,0.6897824979073854,0.4763051526601668,1
2414,0.10850235463200239,0.9441389332789065,1.7169585960052087,0
2415,0.6039890807013085,0.6888043073334422,3.371056690759829,1
2416,0.6081695102675618,0.3428396950583364,1.2317936284374273,1
2417,0.4425445795270106,0.479643085289178,6.204573688774183,1
2418,0.6710860771817599,0.32839692939829257,5.160260859104312,0
2419,0.3878335651706524,0.687071405921898,2.50689729930451,0
2420,0.4215039593344564,0.5864190332026565,1.4588978991149344,1
2421,0.443386165602642,0.2874994673920072,4.547722058483886,0
2422,0.5481354767763541,0.3012059365037699,4.194070060390486,1
2423,0.48573940934903287,0.2672553626073453,5.556208687739084,0
2424,0.5016653021294774,0.6052395069000093,0.08446800125577544,1
2425,0.2858423187629281,0.41504532987271064,1.8033188273179293,1
2426,0.4268714876517312,0.4963376184803923,6.138301832773906,1
2427,0.4765607077199916,0.6580920584531882,4.490326314020336,1
2428,0.7230673561664634,0.49474032225109554,5.072817115921967,1
2429,0.4283735859715813,0.27223521611934276,0.9357903690079724,1
2430,0.2793538947938093,0.5347562921275891,3.8391133401709636,1
2431,0.6312631892397511,0.6864301063595392,1.192299176057711,0
2432,0.7165537127840275,0.611782342846973,1.313305279399694,0
2433,0.4626278834180677,0.6483870631335446,2.6816632236709586,1
2434,0.4071524428688175,0.2980474112569729,3.5838569265055424,0
2435,0.6259468584000377,0.6612404112011339,2.2537927047959907,1
2436,0.39562828351886076,0.5630286724615349,2.8701496279269363,1
2437,0.39617435625586156,0.4328058443465736,3.0743618404007846,1
2438,0.6616418993108907,0.32117818437636525,5.701715653887481,0
2439,0.3796017777221698,0.3180469933055281,5.755755907878411,1
2440,0.6225654559578214,0.3542739474301924,3.4268112450913857,1
2441,0.5678130042302656,0.2466685396445914,0.4976731824837598,1
2442,0.4806092086708693,0.38720746081533924,2.34666259302177,1
2443,0.4756357559970077,0.6919467740919689,5.936533666396009,1
2444,0.6535741497881464,0.647676373562245,2.362627844209428,1
2445,0.15380542635150785,0.9758652220808559,2.191560568540266,0
2446,0.9957200546240003,0.8987702726604473,0.9205101775700599,0
2447,0.3142067072757934,0.5247975723245595,2.95047289466857,1
2448,0.5330973254727034,0.7238777112754777,1.0156828252647827,0
2449,0.6968951480191935,0.469343300373174,1.2535081074130887,1
2450,0.476853917470544,0.7096149382451056,5.516397776575841,1
2451,0.6660195519025456,0.6037692669608544,2.281268874680946,1
2452,0.2333578917113511,0.4324333966736689,3.683455427892855,0
2453,0.5458631191237672,0.6881887327272714,3.932421988342293,1
2454,0.3103205676811042,0.3638907700995816,0.7500386742966554,1
2455,0.5997669311531172,0.6305390745167115,3.0876470357543084,1
2456,0.6957809221347249,0.5747383526029176,6.203594917014804,1
2457,0.6470630214214265,0.38240869906152447,5.028824372281228,0
2458,0.5614372876602984,0.4602694334985629,4.134172221055827,1
2459,0.5537580688012771,0.6127490187739257,4.350733526029495,1
2460,0.3344258285090642,0.6793659549359331,1.5337625589190365,0
2461,0.9738997677442308,0.9986063688355904,2.2597294586126884,0
2462,0.5906651154218043,0.6798028305277619,1.6707625932348698,0
2463,0.4455234929800283,0.7313265582687692,4.735390263572571,1
2464,0.5490856563085014,0.6176443489716382,3.89851473154878,1
2465,0.3093806938882269,0.38535343253999665,4.55087497654269,0
2466,0.41243073478234865,0.3045417083075975,2.983695644683582,1
2467,0.3718833188069016,0.38216952908137236,3.9914820831583895,0
2468,0.3122629176478423,0.3412386244934771,4.514698672085515,0
2469,0.6523743873250016,0.4965358405896629,1.8173284721731289,1
2470,0.26134419164726364,0.44234506769721876,3.4173293086183074,0
2471,0.9342405268605716,0.07341115566040006,1.768208164726407,0
2472,0.6561821957437054,0.5031911572751326,0.14211079182075093,1
2473,0.7154264321058408,0.9718089105404998,3.4902037914481836,0
2474,0.5337495084995828,0.28526925798362035,5.2784988933860815,0
2475,0.5877260344655321,0.40757706744153527,4.491486565620027,1
2476,0.3533572329762693,0.6406997607839647,2.5829655011952033,0
2477,0.1288726994134099,0.6540569509781151,3.60969602078635,0
2478,0.5735434810955284,0.48467489582691414,5.331094664362967,1
2479,0.699706123852756,0.6271591272300195,0.8312544370299625,0
2480,0.5495673994229012,0.3322572059235004,4.432356761211996,1
2481,0.6143648748407533,0.4529405892954019,1.5576195875538594,1
2482,0.39159987033785726,0.45729835312815,0.46083045130704153,1
2483,0.5487931305285686,0.5113842805685078,1.0210872795671935,1
2484,0.6335455862346739,0.4165658764981908,4.448846065665003,1
2485,0.6844226923274493,0.3849285492400525,3.189203946861098,1
2486,0.5286972260212425,0.6123523243115703,5.306390641794782,1
2487,0.4605705025041014,0.25476440880893175,4.078484250666425,0
2488,0.5389143766070563,0.29021451630920003,4.382919280006798,0
2489,0.5591875841320021,0.49845111759667027,4.244994260438132,1
2490,0.2969119288400669,0.5880031144845015,5.368870993893059,1
2491,0.603981190432113,0.4451916972295235,2.608100887071343,1
2492,0.44527726390415706,0.6753743238566402,3.9863252950790145,1
2493,0.24678671876135902,0.5570926222110065,4.3343620823287585,1
2494,0.5949379461327557,0.7153124448312942,0.7980865307747061,0
2495,0.32308335281835177,0.6150145781183264,2.279200491485555,0
2496,0.024410046904481064,0.8875094135252362,5.501204979773833,0
2497,0.28199880758339774,0.49775664539833603,0.7018287155793739,1
2498,0.3511608119001886,0.5574859576460462,4.0847739579439,1
2499,0.6274524658818749,0.6801909752778134,5.756074628677161,1
2500,0.40120824990484416,0.40438063309577627,6.005971172070045,1
2501,0.5617490244327601,0.333978915880611,0.42220836093404557,1
2502,0.46120543916516943,0.2655614984576355,4.647890436210673,0
2503,0.4075819064484611,0.730988004598874,3.492864005024634,1
2504,0.6642368733145199,0.31457868623975366,5.383148579631741,0
2505,0.28649588594381137,0.43230891846069464,6.749291760721476E-4,1
2506,0.3054762527819416,0.40040565569290015,3.2963089699167734,0
2507,0.9169539185433883,0.09617820188740157,3.7904023355045044,0
2508,0.40864574294114603,0.2551759415539893,3.250380639068603,0
2509,0.7239161270456272,0.549929224488359,5.258313215519809,1
2510,0.46519246436803957,0.3898162535220405,5.068695731390313,1
2511,0.6632245256291687,0.33400546606036685,0.10712435479257383,0
2512,0.40925481108825523,0.264960949458978,4.186551575755276,0
2513,0.5008559133905572,0.3325977321778318,3.6306744182828905,1
2514,0.5618098165344273,0.5225681047209327,3.5549473359590267,1
2515,0.6615000745805528,0.618331549052755,0.7890892679689734,0
2516,0.8713976985390125,0.9304872054872683,5.563863215695925,0
2517,0.36345827721464125,0.6441574778688914,2.3837607219868007,0
2518,0.7402580666638636,0.4969275021481203,1.771988640443156,1
2519,0.5524635007820419,0.5042285600154376,4.018207057852875,1
2520,0.29332145634100926,0.4230094320874864,5.047181295004671,1
2521,0.4894199692930486,0.4827049251220883,4.596147390369133,1
2522,0.6804462170592741,0.526853218809383,1.925790896083492,1
2523,0.6887736741855186,0.5605540647126687,3.643206022201473,1
2524,0.6004690029776323,0.4638841603493574,1.0794015690691583,1
2525,0.4508711398903253,0.3563574131396172,2.7990877259200375,1
2526,0.3584372676690071,0.644291463209918,0.4351083284532645,1
2527,0.32756703655509256,0.6129562433615363,3.060517124220872,0
2528,0.443817301371725,0.6697807584286639,2.4704278672948257,1
2529,0.6801045952881003,0.3792438556229024,5.481298908470157,0
2530,0.7321408584947021,0.4656047188386853,0.06334307062271963,0
2531,0.3653024981842255,0.3548701250642441,4.271831542438414,0
2532,0.4652277518273133,0.2759765793557168,2.832275783766183,1
2533,0.7074742100232175,0.6128834814720311,1.0199608745033972,0
2534,0.08278472792997761,0.8661866982966601,5.458369121644977,0
2535,0.46417553547578283,0.6880052011346711,2.0921703648357943,0
2536,0.44146258289286244,0.2610674781869515,4.057033042895807,0
2537,0.6104020478810824,0.36181474206911657,3.742221068068118,1
2538,0.5689321148304137,0.7225215617003414,6.032303650223111,1
2539,0.7113264703646356,0.5324128111835355,4.385389625165976,1
2540,0.16962439299291593,0.5838821899439047,5.549554055647031,1
2541,0.26638728282175295,0.396162829067292,3.5409192194024275,0
2542,0.6910276962094082,0.6281060152693131,1.5318054851361464,0
2543,0.539086930219638,0.48943577799759413,1.9168769771442613,1
2544,0.40167824767350374,0.41428819124787436,3.0380579401389123,1
2545,0.5020568537314246,0.2587385407152061,3.2261211871847455,1
2546,0.3201903500843986,0.3244013689319754,4.167215003128597,0
2547,0.41010503486980343,0.465756822015427,3.7244620240351156,1
2548,0.45629574054380895,0.364890404268468,2.032473477230714,1
2549,0.5282115764655926,0.44835953118163335,2.0081924022182833,1
2550,0.31232164047382976,0.41169271086559833,0.10176766148291172,1
2551,0.2962117796117422,0.5026710519860432,5.981455459601829,1
2552,0.6734901897458089,0.637942384370939,1.0193097299467504,0
2553,0.9421338116014973,0.10928608691206684,1.370989194137179,0
2554,0.4654863832761854,0.7235168264800652,1.8242151616562579,0
2555,0.6199960243341673,0.35981483152565014,2.5047532856608847,1
2556,0.3101599284812127,0.6492604179317574,3.6479012627801963,1
2557,0.6905842300260348,0.514073963817774,1.2417202967055851,1
2558,0.5541662118932826,0.7241864374862236,0.2440706087973112,0
2559,0.2671558653245552,0.5754112538703033,1.2682072747213133,1
2560,0.5413895671405503,0.24796307944984333,3.0056503539393367,1
2561,0.5291637824071022,0.3740756962943648,5.041286592820217,1
2562,0.6639367917301836,0.6795355686119003,6.192645558988681,0
2563,0.5078536851200415,0.28683865113351603,3.9715785706356947,0
2564,0.4336768932386941,0.7307884525270919,1.1582352637241702,0
2565,0.3390610641454852,0.528376817073226,5.163283555043411,1
2566,0.2600127830698545,0.4255019031698586,2.112228930743764,1
2567,0.32673665909509564,0.4366656399325615,2.3323978474525684,1
2568,0.6086608839500345,0.317487689337098,5.889486092665876,1
2569,0.42231147521884227,0.38265079467351953,0.7300242295125533,1
2570,0.6756505126836757,0.49658085785790596,3.3347016277261043,1
2571,0.57993823310551,0.4977085533603826,4.3408103192860565,1
2572,0.26320378628272867,0.6003572059416649,2.6681310152124835,0
2573,0.4949903312864572,0.30762165261684815,0.30449190131189624,1
2574,0.7176747290909092,0.584801145256418,4.855232012468105,1
2575,0.6200822043171723,0.25190910464532495,2.489193870186066,1
2576,0.2480583049911899,0.5113772936312069,2.9874003305674175,0
2577,0.7062579447418263,0.5511139966647053,4.538747918971671,1
2578,0.2961883707011991,0.6081831467240776,3.624634308078706,1
2579,0.5598642248926755,0.5119291434074231,3.0273434063870814,1
2580,0.9717666978148837,0.8512458744893661,1.245708887756309,0
2581,0.021988187877989746,0.04719689706574972,3.416538000119339,0
2582,0.3167652424349581,0.6547294227268972,2.439194581609821,0
2583,0.38456886598764706,0.5202339086806066,5.563583013177877,1
2584,0.6980937307853373,0.38789476834120834,3.989326986218636,1
2585,0.027579686440917992,0.17251273794365926,6.2398162653622835,0
2586,0.6593958074053753,0.4427891558256353,2.237953614313533,1
2587,0.44839277974374125,0.6324202355710056,5.931928796945954,1
2588,0.6236221992233721,0.3821858498065537,5.853700738132619,0
2589,0.5689994385666766,0.2667636528914169,5.250140295460923,0
2590,0.7514000340695094,0.436036246360813,0.6412217423484269,0
2591,0.2652713444254065,0.40339922569925013,3.809410398488335,0
2592,0.3637144252600661,0.3704160003712165,1.8651381373069305,1
2593,0.3664914026081182,0.3742966799284935,5.709493028207562,1
2594,0.3764123888892592,0.5617702763422343,1.3796950854511505,1
2595,0.33673294344001214,0.6274380112567922,1.6728734472772095,1
2596,0.5799194517177301,0.45682029177943806,1.7530645444981372,1
2597,0.32849360118797366,0.486977196416507,0.6894192705415023,1
2598,0.3953332789218184,0.6490644426692129,2.9549835210845226,1
2599,0.3476968432818583,0.46667893449135434,4.798054149515623,1
2600,0.304602216632349,0.5674360327103094,4.142538554000465,1
2601,0.42469871877724336,0.7250400910522579,1.5714303636781282,0
2602,0.6447046471334235,0.6602279671841047,5.589248032557528,1
2603,0.4587657211181742,0.46239262261642644,3.923567694323142,1
2604,0.32426777794324313,0.3354545960672093,3.573122931942576,0
2605,0.5884036266997771,0.623711719879335,2.6489722336870836,1
2606,0.6874345393396053,0.39712287075707153,2.8470581370866976,1
2607,0.39966664165015325,0.7265028743953917,2.1720617399450695,0
2608,0.30048325614609644,0.6091094581058385,3.3146918943025083,0
2609,0.271039434742424,0.49625707590666596,2.500305890194921,1
2610,0.6667815255631596,0.6623675185436139,5.488618948637625,1
2611,0.5145969558650408,0.5205840271695257,3.6174628264969204,1
2612,0.5713509473674423,0.5557500101460564,2.069628276250338,1
2613,0.45578542665121924,0.7249573414414827,3.5238602898431193,1
2614,0.6569658141863932,0.6661609219150915,6.088269069854916,1
2615,0.714784383695819,0.37475418463329113,0.6887518091256941,0
2616,0.5719313057532305,0.32561542976030483,4.080541735770647,1
2617,0.7024328901653372,0.5684042281493379,6.126206607875655,0
2618,0.25899247375912177,0.593477889957842,4.478413824475127,1
2619,0.4361883239251575,0.2963572505712455,3.281724264905295,1
2620,0.7345907901907895,0.4227207715689316,6.130982580123873,0
2621,0.5701992980151589,0.7317430546594029,1.4275271185294927,0
2622,0.6785873002698025,0.6801544482102794,4.974303177121238,1
2623,0.5689569871482566,0.2885406120275293,3.6109210493666417,1
2624,0.4684060475739066,0.5671506513752832,5.8913937740957785,1
2625,0.6934773013533582,0.3919968772695218,4.431298882593801,1
2626,0.43544832466144817,0.579472205342482,4.845078453118339,1
2627,0.344652688537875,0.7241559344669876,0.8980913672620197,0
2628,0.46096832076977545,0.5450416005526983,5.107417048164848,1
2629,0.577248818696931,0.5259517961872213,3.328034204694085,1
2630,0.913560388420303,0.9183618472326108,3.6150595489715487,0
2631,0.6508906775841009,0.580892002235689,2.176997222389452,1
2632,0.2722764572675594,0.4975477267282286,2.567189325316608,1
2633,0.44595913933930464,0.39157576146834644,0.8007693166572158,1
2634,0.5578033585355481,0.3838037506546686,3.4707064198655693,1
2635,0.6393569542841843,0.3227281601094944,0.5364328666909997,1
2636,0.25628329098375363,0.5489580730431506,2.9832251340939715,0
2637,0.5094351591922276,0.2863115301912021,4.425954223636123,0
2638,0.6145430180278626,0.50818245841141,1.145101193827375,1
2639,0.47559441609218384,0.7092664547549324,0.09370704737146252,1
2640,0.6151788215213042,0.48090359815798217,2.1793241602348568,1
2641,0.24165526837040127,0.5301960375888427,3.7246922509385136,0
2642,0.6384096090289276,0.3052218400507298,4.493105535838055,0
2643,0.32317336079830095,0.4524790268799095,3.241920820746503,0
2644,0.9907002895143778,0.9073362704179024,0.020942835255479436,0
2645,0.7369177856166782,0.4317355598744525,5.698432458755185,0
2646,0.3009194214021551,0.607880057715164,3.0056863056502703,0
2647,0.4397113578251439,0.5244994731845031,1.6139433252595814,1
2648,0.4443751728264803,0.5369228109946427,0.7495325164479891,1
2649,0.6043115447730416,0.2787544891986527,5.721020734785943,0
2650,0.5473617143170365,0.7200869589030974,0.15450963008950858,1
2651,0.6695913728862929,0.6452235178080042,0.8169884887441472,0
2652,0.5870042322642245,0.6181907921530035,4.270378617209063,1
2653,0.3934977709601962,0.5007297269331451,1.6365028550003158,1
2654,0.7270420126555653,0.5811932890529956,5.00616577981649,1
2655,0.5270895206108397,0.5971250715404118,1.3421818732114503,1
2656,0.4534197498435912,0.6770219985919254,1.2502837117558965,1
2657,0.3692629193077784,0.6171895235671788,4.471507328207513,1
2658,0.3604214419818257,0.3409054978802405,4.237970086775983,0
2659,0.6549748485561251,0.3391542774371142,5.279681561681516,0
2660,0.35045150568443223,0.7005421073403691,2.380179522952787,0
2661,0.4441199006422641,0.2835713652055654,4.976947999955078,0
2662,0.28909357643033146,0.6197615404731266,3.0930954858534334,0
2663,0.6899495191734404,0.6510098780576866,0.10301512424624201,0
2664,0.6033126611877093,0.6363408900354401,0.4098407106241628,1
2665,0.6055158479263164,0.408551549588975,5.2416850833453275,1
2666,0.5262526059280336,0.44063268139727035,5.887382646846548,1
2667,0.7117531078694378,0.4023774001388764,4.294056552340884,1
2668,0.39358270901346426,0.5826311902206746,3.359091248371337,1
2669,0.29430631192452017,0.6343373375794736,1.0423506877686262,1
2670,0.6370760482334142,0.3291058943419462,3.7748970869018166,1
2671,0.6166925548491303,0.5598066249235752,5.215067514338837,1
2672,0.46966499384836874,0.25791737617026855,2.8483272956180663,1
2673,0.596274871128877,0.45338900297699425,4.002326693305757,1
2674,0.43471950640099366,0.6360095294868819,6.148347254563627,1
2675,0.2679088981389434,0.45376699379133256,2.0152878016091518,1
2676,0.5768489600023256,0.2583480070775402,3.4291928550724022,1
2677,0.3771629098467492,0.5367428488243701,2.601934619063806,1
2678,0.6351622516027137,0.4487480483849804,4.2208882024572,1
2679,0.27988654677798674,0.6219828142130384,2.082699798882385,0
2680,0.47382980408101305,0.2573937620505166,5.059189916191116,0
2681,0.7315395218537872,0.44429148379872674,1.499710576578793,1
2682,0.3550802621607762,0.3235021489009904,3.502561246621341,0
2683,0.688399890116851,0.5659442645698515,0.44615759105369684,1
2684,0.4076212246747027,0.47066210733093655,5.164036227059223,1
2685,0.34582085128892526,0.6747736654340023,3.9471238487181877,1
2686,0.715982480684303,0.5261956090581026,1.0185924003430484,1
2687,0.727307226928393,0.5868716639465703,2.6209967391811495,1
2688,0.5005026181750035,0.5637729494216648,3.227519235054655,1
2689,0.48145475830243717,0.3122637382306718,2.53016033562367,1
2690,0.3779904317467623,0.35795623520898767,1.25259461771966,1
2691,0.6171405492067372,0.32695418297030526,0.09138350093126668,1
2692,0.5918220976006529,0.4985204276612917,5.897598605465079,1
2693,0.49383528993962245,0.7192605367857245,4.11483365643429,1
2694,0.7371230310477292,0.5842072214692194,1.5216643530180365,0
2695,0.34048742224826833,0.40514330183258296,0.3890114236289808,1
2696,0.7254552097269373,0.4237344089412183,2.092241891163806,1
2697,0.35569347246426897,0.6431560007662717,2.4524542053804126,0
2698,0.7193546065439645,0.41564559615001917,0.9034469741049322,1
2699,0.3689691749312806,0.7137755450931162,2.959531409932563,0
2700,0.7435857647130464,0.5670355042239047,0.938601885745791,0
2701,0.9994670407492139,0.7768398149539562,0.709635803448448,0
2702,0.3889990342231354,0.49551758340061064,4.162346753321128,1
2703,0.5932377904258493,0.5357462680092239,4.659740053662829,1
2704,0.7590673942917614,0.4228581878015804,4.878912652870556,0
2705,0.5527928528773302,0.7256817183926868,0.9143012104111229,1
2706,0.5237766741014714,0.7479939709613785,2.872733848269012,1
2707,0.6320777880345344,0.5143771957211436,1.4033590937964209,1
2708,0.5660669517082151,0.44427625662772474,0.047811326389282344,1
2709,0.6592321144843742,0.425978512216546,2.5162696497829264,1
2710,0.5526708135790447,0.4819384541123645,2.5562354917795336,1
2711,0.5463230850109992,0.39252620574522107,2.913195762304501,1
2712,0.26627222667316763,0.46262321876328977,0.3617298225965526,1
2713,0.4404016896328535,0.6440866057207073,5.725410613795736,1
2714,0.4299145857544985,0.3391526432563404,4.172335817623436,1
2715,0.4682770224633662,0.7421981288096641,5.7758955484650425,1
2716,0.951686322473428,0.10258400363509684,4.291798438017532,0
2717,0.476500925466486,0.32760252257837025,3.6579051441521475,1
2718,0.7333458499099029,0.4508060087225113,1.0419586647677577,1
2719,0.5477602400816478,0.5591519424985057,0.24629114140763717,1
2720,0.5263742372155102,0.6515429413015359,3.9436878038649175,1
2721,0.5482936575566262,0.36447587717561414,6.183796640818242,1
2722,0.4732297335950373,0.6024972103426035,2.7622525064490224,1
2723,0.2718597436541047,0.4158075610123146,2.7583522060142514,0
2724,0.39891044356321836,0.42163106744773726,5.639820750660848,1
2725,0.6717663631029457,0.349791932690986,4.311915983547649,1
2726,0.3993492751046168,0.5033479559879199,0.4484074901666342,1
2727,0.26092216553298603,0.38990569027647465,4.636864588458734,0
2728,0.6192830460659519,0.3071834566584903,0.3981765681105952,1
2729,0.528790354518714,0.5247522851927366,4.691270869091979,1
2730,0.6677624948436878,0.608203576361936,6.0928064887026165,1
2731,0.47857596782351475,0.6819414003022898,1.550834317768506,0
2732,0.7450712455154737,0.495549502211987,5.299426757572558,0
2733,0.573806789989741,0.30349119722448364,3.589133146484704,1
2734,0.1925567653558763,0.20288656478106074,2.0417287187914464,0
2735,0.289378976655216,0.5022919752751752,4.8143175110213,1
2736,0.6973403552954323,0.45047801136398746,0.9631939311419365,1
2737,0.4355987133168245,0.2342811264809149,5.132141948404538,0
2738,0.4698582048199963,0.7232389287763854,1.9222958673669455,0
2739,0.7219367841537943,0.38466515561905035,4.734080057452816,0
2740,0.7358363259147331,0.4646067449956267,4.982427804171524,1
2741,0.7436939649977987,0.4223775705756742,5.8759400106610125,0
2742,0.2569453329242346,0.4390298698816706,3.824635652535242,0
2743,0.53873309827072,0.5093540081474299,4.485328752368608,1
2744,0.6652650073321438,0.4254110389020661,4.225174508189451,1
2745,0.44226984543345793,0.48587799070570686,5.372085655936012,1
2746,0.5207672967690612,0.3240584402162225,5.439165377932389,1
2747,0.3604054425074537,0.32057375084080897,3.9923600669951935,0
2748,0.44695982121933653,0.6977127206325504,0.18640450427761412,1
2749,0.571556221599999,0.3006776464722709,1.1899328552757764,1
2750,0.6960995400138487,0.569719946123081,4.533474743254466,1
2751,0.6254770597232505,0.5364787328328174,4.300065141380572,1
2752,0.5431779638911891,0.7017219841933355,0.0032208569155816047,1
2753,0.37244386590135664,0.7156207322888666,0.8469984881454032,0
2754,0.2855164704220398,0.595319127913681,1.7581809348388457,0
2755,0.2812050327904053,0.5955908289980479,2.299656981645182,0
2756,0.3931846741884872,0.3228849810186955,2.9689109434430776,1
2757,0.5335987419761316,0.7376731372226973,1.4774320131231857,0
2758,0.6138699686810607,0.3690567150830755,1.53059007384713,1
2759,0.63494276826007,0.3800481480930765,3.562666350964059,1
2760,0.4933666748843804,0.7129522555754458,3.11435101155765,1
2761,0.35173162219033405,0.360783638305237,3.7217717261780736,0
2762,0.29344608449941,0.37136553891952323,2.6240727394264076,0
2763,0.7072392336383486,0.41202789223828296,0.17481412853154685,0
2764,0.36579908864831673,0.42262760822012657,1.3610699265279187,1
2765,0.728059304859353,0.5392403676980378,0.3031841757136179,0
2766,0.6361022932152249,0.45778202970599785,4.644043897085941,1
2767,0.3018979299951017,0.6362327488118422,4.385817217320048,1
2768,0.3666577272227247,0.40005222205724217,1.0476212331596493,1
2769,0.5707267451436886,0.307098716690631,4.435582058991315,1
2770,0.3613437348102357,0.4946705570343631,3.2795958661086178,1
2771,0.5466191057482066,0.3087665826843825,4.942100929784606,0
2772,0.3757972314718811,0.3519991432602763,2.7868859556123966,1
2773,0.40429459768045684,0.7511975891703613,1.4746200022350353,0
2774,0.5491999963062504,0.6825031910331598,5.596000592603846,1
2775,0.2522293252460063,0.4523521210517514,2.635776413869168,0
2776,0.4676642227452524,0.3366411897224925,1.016419101507533,1
2777,0.5948669488280071,0.5926650570646467,5.974089954949179,1
2778,0.461811667256163,0.47328544274233286,3.6908661890285415,1
2779,0.07059689997189728,0.8724312745230676,3.8507333858048907,0
2780,0.725304208664944,0.5432952877944656,0.6848408100265049,0
2781,0.3908843665496352,0.4443887420040579,2.738054312428279,1
2782,0.6066491159309428,0.6908429124993172,2.631978035491931,1
2783,0.7419940883571722,0.5020382664437307,5.683129069719687,0
2784,0.5606863748679174,0.6906142702581765,2.2240127364848536,1
2785,0.6212854053147201,0.5103666099080413,1.9219595420132367,1
2786,0.4822088372664417,0.6542731394239302,5.945910041192983,1
2787,0.2726346355377368,0.5173491735965252,4.812396207230948,1
2788,0.36667153921055223,0.6874556018195233,1.3263499747641485,0
2789,0.506303252762945,0.57015486443202,0.36144862481304246,1
2790,0.3727927614979465,0.29831979814678633,3.6878427289185316,0
2791,0.47818743078333376,0.6130916096088704,6.022372060530659,1
2792,0.7307958005454547,0.5626401398379257,4.783077501275193,1
2793,0.36885017711101314,0.6541164899267716,2.808982641170214,1
2794,0.6265115267311516,0.6239171959354902,1.2360346380505922,1
2795,0.6429019625556037,0.3222988576178314,5.300812564503282,0
2796,0.6170392145103126,0.7000807561203188,5.452711990338045,1
2797,0.5138292379504679,0.5371377328706813,1.3938599114627568,1
2798,0.7549165921338784,0.4755440510137151,5.494149080868361,0
2799,0.4087302201550316,0.2974141521543738,6.178679751112965,1
2800,0.29670100256730525,0.4398289066171149,4.696072016035042,1
2801,0.6149772955599431,0.32630335891038964,3.6137829950751876,1
2802,0.374469595817079,0.5514859778894099,0.6045857009966527,1
2803,0.41139454971728945,0.5864182042588221,3.3135553011281362,1
2804,0.3450633799793648,0.35257693294695464,4.510736507628286,0
2805,0.7219008014336804,0.5852296300428785,6.233298555115432,0
2806,0.278043773101335,0.4869081769623102,2.851258615705462,0
2807,0.5606635832416708,0.3779324001283915,4.371428259697664,1
2808,0.634384323677442,0.6561170248642626,0.4790795699814364,0
2809,0.5886991313343648,0.2561738406533502,4.340729440561904,0
2810,0.5654985566022595,0.4652331449972107,5.245078361129349,1
2811,0.6149472209373379,0.6676706213345045,0.5294258803366683,0
2812,0.2605396324709586,0.514642966747652,2.4077855190147166,0
2813,0.6348234380533521,0.6026987426667466,2.3941768063621356,1
2814,0.5331747642741942,0.736550589526527,6.270472849835819,1
2815,0.5769631046040837,0.417381005505936,3.205320546786953,1
2816,0.44860876445687914,0.7226557754356645,1.7739570770736204,0
2817,0.674319321273797,0.5104327880955012,4.6178799806109,1
2818,0.4499586031374144,0.5978697751606581,5.85532428688776,1
2819,0.46779368579704456,0.5479737807228299,5.0406285734787355,1
2820,0.5849714188284763,0.30995815935212867,5.250185743535482,0
2821,0.5215018422122973,0.7124362998153774,0.6486563062107311,0
2822,0.9921972814125847,0.9656898864569591,4.03390157883756,0
2823,0.45972757780906104,0.6376879369550761,0.013251238948448929,1
2824,0.45877761182037424,0.2824116613240335,2.320978764149229,1
2825,0.31872270838146993,0.5933312607124962,2.7341722097300685,0
2826,0.5802669769382648,0.2992564972947023,3.979722634406115,1
2827,0.26293670153096355,0.5741613766162252,3.007119619023163,0
2828,0.4050860618897964,0.6415536196247029,2.17573373585522,0
2829,0.518040157241145,0.6974951595559805,2.0994492713729835,0
2830,0.4096292619871337,0.5987980703111496,0.13591827686732455,1
2831,0.4476011998356948,0.46245665120517726,3.293894154862622,1
2832,0.5100773193173325,0.2667499406936789,1.0097649814938081,1
2833,0.6922375286690619,0.6032147479683352,5.392392814002311,1
2834,0.4858458898516883,0.5131579730174236,2.096218422725717,1
2835,0.47379788551616553,0.486169896517041,0.14965775818242366,1
2836,0.5161091735662586,0.6102545490550926,6.1067201746976325,1
2837,0.48575680717656383,0.4626859705287783,0.38815559954241263,1
2838,0.544576272116708,0.39597230670583833,5.481276809788694,1
2839,0.8711681146915848,0.8426775189567104,4.352549282374644,0
2840,0.44203521239676236,0.5909346689819409,1.2914146923689847,1
2841,0.34931747881295266,0.683402128066246,1.3318877658071118,0
2842,0.6859248677674648,0.6077080660901201,1.938421088615109,1
2843,0.3612827519364053,0.4506256746117027,1.8954820126516487,1
2844,0.4481660688793142,0.6664175627635939,0.44989892870076365,1
2845,0.6690991263588841,0.6496179071319336,0.009096452543398165,1
2846,0.47451814095617545,0.6184748104859628,3.840549875347345,1
2847,0.5779145882473338,0.6044485640372125,0.026550197781667784,1
2848,0.6518660143937475,0.5358385609469946,5.823516538455212,1
2849,0.7149315739333886,0.5276762453072098,2.391339006359099,1
2850,0.5738019839911429,0.411447716536547,5.048038484908406,1
2851,0.6481426287938867,0.5633211422799262,2.0835000922760374,1
2852,0.548312024325572,0.7196576944075185,1.8711271906516163,0
2853,0.4600151675985812,0.2484486423395476,4.628427776345738,0
2854,0.32724851223940615,0.612559822195262,0.8946361436795796,1
2855,0.6677622981981043,0.46593857194477356,0.39287532842277717,1
2856,0.4611278136810173,0.5014820637996293,4.744893078898449,1
2857,0.430499875461645,0.5179502908972574,3.678877267669421,1
2858,0.4590702424216132,0.5287057591987603,6.282950894285779,1
2859,0.06528973334353695,0.9515609284500649,3.867994370102597,0
2860,0.6247989604215861,0.297552672561356,3.993108973924801,1
2861,0.3032980846513553,0.3835281718496166,4.169540297612915,0
2862,0.6331638367933804,0.3097375851741333,0.1461393760000055,1
2863,0.6149915081801878,0.4397809410463329,1.0276331134502268,1
2864,0.6038494072133223,0.3586162467274763,1.5689613038607428,1
2865,0.995360852385321,0.1639790144739002,1.9459993571538823,0
2866,0.32150375851541696,0.3768622104497894,3.3579416016784696,0
2867,0.46211847216380175,0.40863285316342624,2.3527679997959643,1
2868,0.4576485405887962,0.47966694847203434,5.583282333593255,1
2869,0.376135739617915,0.7044522436702223,0.9830062141279314,1
2870,0.6092041643939332,0.32860544655946294,3.0594741151617604,1
2871,0.2753391442444093,0.6113281970058475,4.1943570069584615,1
2872,0.24754839296901726,0.5880964675540956,3.3824564652592684,0
2873,0.48540189787655763,0.308215143766831,5.046792569950283,0
2874,0.6647804004706007,0.6535869166054269,1.0979610222477083,0
2875,0.612109281142069,0.4106599765942235,1.5785820076172588,1
2876,0.5819962191952021,0.36083965168492416,6.275868345864669,1
2877,0.41587027585356034,0.3462675059216263,2.920242511132718,1
2878,0.3320996922864234,0.676578286892965,1.611779788261468,0
2879,0.6125827833873585,0.6632727156669117,3.153999128975356,1
2880,0.5967814689271627,0.3997133525980488,6.257801241428396,1
2881,0.2720684263586833,0.5616386107075636,3.5323755019054675,1
2882,0.41546183584372526,0.2878599334374601,5.099489400965347,0
2883,0.24517821278872867,0.5646884061454038,3.8898922061701833,0
2884,0.4031390399439348,0.3614870908578679,4.968121506948909,1
2885,0.05666001208591962,0.9866458337340035,2.641265517683327,0
2886,0.41124051082566176,0.31773214329805993,4.023793855433931,0
2887,0.34802270345896535,0.49573474684912555,6.197210313669151,1
2888,0.3389116638123065,0.33998695546460034,2.0931860032333947,1
2889,0.6286187594058156,0.6686851828539762,1.315582871153054,0
2890,0.6387428281926616,0.38963274595177466,5.918886374826353,1
2891,0.6254649687058221,0.483565272414659,4.5356484260805345,1
2892,0.5860197407429811,0.6757544964547549,0.19655245094350907,1
2893,0.33791959777291514,0.65976178138715,3.88690580593936,1
2894,0.36229254162988556,0.5069920880085674,1.3056255223411577,1
2895,0.31634697926503286,0.4760427715164857,3.5639373828602676,1
2896,0.3952207223351621,0.5277560950885617,3.1194981427169166,1
2897,0.3411025265649283,0.32198183696755606,4.5475007428136625,0
2898,0.3741271365689234,0.5185275902801839,5.104971079648771,1
2899,0.6843381603000699,0.3601592990895182,0.9061623767942342,1
2900,0.6057355369469288,0.6071860053317956,3.380027543242999,1
2901,0.7462572260526836,0.5593799769318528,1.5117273871792347,1
2902,0.2844620355160423,0.5438988539338878,0.7791412147355179,1
2903,0.6302676617768999,0.33948314722875594,5.619934749947623,0
2904,0.3662371380444796,0.6172574305124701,4.022236862927193,1
2905,0.2861951097835012,0.5432992370072428,4.172892500155788,1
2906,0.7035096844069642,0.5318744638337912,1.8111884390501125,1
2907,0.5163561854145221,0.35158885153380665,5.7210357617977925,1
2908,0.6653966547804763,0.3971059007386728,1.6889028488376516,1
2909,0.5008315022696618,0.5701750600732868,5.531155901447118,1
2910,0.3729147004318121,0.7005328388825856,2.2508799391245593,0
2911,0.4910417321907939,0.7403801074692525,2.799438200960919,1
2912,0.7166204049956222,0.4180111279891958,5.891814483716167,0
2913,0.5026971425396197,0.3841597194817817,3.8778832970654085,1
2914,0.33350571382046496,0.589303198896829,1.8452861569543777,1
2915,0.9455007121855987,0.9608801325746622,1.6859180324826357,0
2916,0.3641561378905385,0.6928477905029832,2.417071603440421,0
2917,0.5379335659351803,0.6100806019068951,2.4140209764254066,1
2918,0.6684621811672591,0.3485392925860484,0.30293238623762486,1
2919,0.6082448273879736,0.6909804026161931,2.0781757935588745,1
2920,0.43449642459969284,0.6945139067161453,5.438510476723361,1
2921,0.3872349055529578,0.676621117889182,3.328550707257032,1
2922,0.2671194360478193,0.41927462366725876,2.8696510143780696,0
2923,0.34324872911856213,0.6718558101791223,2.614239096745386,0
2924,0.3662511925271878,0.658043601985882,3.47071307825236,1
2925,0.2810840034392684,0.5733008633729705,2.83600516554801,0
2926,0.6829140072172472,0.5536572884845564,4.939584575731067,1
2927,0.2773139265673263,0.5729594068809872,3.7430197196960076,1
2928,0.7448109982635458,0.4682946155984402,5.4966199791732615,0
2929,0.5279248750922496,0.37044497632852047,4.881582936585048,1
2930,0.7180170146997188,0.45243230120033634,6.18415147567067,0
2931,0.6199698797775895,0.6629247264096633,4.826895944289683,1
2932,0.4768727649269155,0.5136588188603409,6.268447940663102,1
2933,0.4230755825117176,0.6436858537299938,2.514600959233794,1
2934,0.6292077688190514,0.3283562844415792,0.5846195343218744,1
2935,0.5480713879288419,0.2725846151596304,5.691649000697862,0
2936,0.6351084480943652,0.5136912893211544,5.825401974397283,1
2937,0.5471482494976455,0.4046422013059337,2.5332595714766395,1
2938,0.6118796313048925,0.6937261166345762,0.07613352948695251,0
2939,0.31693153892855386,0.6693326979999948,2.7393662825310425,0
2940,0.1941464174766748,0.9093191226747885,3.4251530186416286,0
2941,0.3412386132631946,0.34657797256455647,2.2876878218173053,1
2942,0.36989359195428434,0.470712747795814,5.0051161175017285,1
2943,0.2517135614975156,0.5212574416269238,1.6001225756989885,1
2944,0.32491495608532933,0.32170758115354875,4.635280666483372,0
2945,0.44216234728021836,0.727401980412998,2.0130314436737056,0
2946,0.3428262920949318,0.49753951565083265,4.280334087242856,1
2947,0.5425040724300325,0.5545026218486895,3.7315588549914924,1
2948,0.3358128433773606,0.6145746101438593,2.834842363398841,0
2949,0.35052722797480457,0.6657541633456503,3.331996557076258,1
2950,0.4103889537224518,0.45997017340837953,0.7851133464954894,1
2951,0.25732876960713097,0.49724656302667064,2.5460726553408435,0
2952,0.6936392296571647,0.6084776524168248,0.27936570431886554,0
2953,0.3620978036274891,0.5262719275011528,4.029678293489098,1
2954,0.5684201296679122,0.7101679159946279,2.590929863749419,1
2955,0.3087472856383957,0.38720928256725984,4.795232633366366,1
2956,0.24862119601550087,0.44055596231782346,3.1519444695018084,0
2957,0.3482753075967852,0.42086851031059314,1.673728624868019,1
2958,0.4689955108462503,0.7379631416860942,1.6279063057822598,0
2959,0.620432135475636,0.3217004043116415,4.916231650216215,0
2960,0.7545723780150321,0.6036703702975809,0.10191878133177075,0
2961,0.45771392155091645,0.5175564359724326,5.171459689601791,1
2962,0.623918747550786,0.6569157936716538,0.19606237733033008,1
2963,0.9047230336101009,0.12336290804750367,4.072809038987593,0
2964,0.7087334616228805,0.49749755923825406,5.148759909079493,1
2965,0.5928928836606159,0.697861744940685,0.3314288246402919,0
2966,0.651844383458636,0.6629593809770008,5.771038546021051,1
2967,0.34694079922910825,0.29619991686167885,4.027167673032933,0
2968,0.5238092521447199,0.6650460366534653,2.2376327753708507,1
2969,0.5773127056606102,0.4824712660448352,1.5706489872281915,1
2970,0.5116326165188873,0.7010819785755624,1.7345324552874295,0
2971,0.4307558375752913,0.4255665220693059,1.5816850804515097,1
2972,0.5119819685560003,0.6350503831681581,4.617992871609456,1
2973,0.9481390662716597,0.021953284614520115,0.8225475876494943,0
2974,0.3108707554432468,0.3584633269437003,4.258650223741082,0
2975,0.2729218977941779,0.8077741936483934,5.090003953290296,1
2976,0.5695515087711828,0.3724161252108076,0.6232190039143335,1
2977,0.4079809365272926,0.33365120472486604,5.6609749749476155,1
2978,0.440479456926965,0.5022916182161478,0.3120605557915711,1
2979,0.7080764771779297,0.4549950122599899,1.5195253993655853,1
2980,0.3478979318498041,0.3771394487712878,3.560235670012432,0
2981,0.4239225422089339,0.32865300038916967,4.733003209837665,1
2982,0.6167124291595535,0.3835353965543451,1.9724883961533721,1
2983,0.31614919133861447,0.39050795246970654,5.166922791169179,1
2984,0.5902470106764943,0.7061739414147543,4.429744273764538,1
2985,0.6959250746200748,0.5888899478712096,4.339054681620404,1
2986,0.418661791102425,0.4471162499825394,1.7285313243025768,1
2987,0.5667187241467521,0.4651301298570797,5.525865628526816,1
2988,0.5070417824681439,0.35276843404615793,4.1136288748738465,1
2989,0.5791643874964442,0.5187484961349098,5.557087497798728,1
2990,0.6059417085526047,0.6353060898944091,2.085308504251961,1
2991,0.5983881190316529,0.33912391637244743,4.133187896619864,1
2992,0.502397453528034,0.7466818210161704,2.3517820700289813,0
2993,0.06120971885395865,0.9082519752752236,5.72750435957328,0
2994,0.9239474488786689,0.9283622722881691,4.255508456469385,0
2995,0.5265193869280447,0.5499458367482363,2.718031721292802,1
2996,0.4108242596834877,0.46163626062563723,2.0665528737253935,1
2997,0.46963237506668304,0.6735296235404287,1.6553170653799676,1
2998,0.6499530948164591,0.5110169247382075,2.798660580977799,1
2999,0.325759301812089,0.4521870923397135,1.5510987621998211,1
3000,0.4837455952462123,0.6128703750823585,6.189413037123473,1
3001,0.4518881541149223,0.5565124430468608,3.2260394158316474,1
3002,0.5846257376364041,0.3026541684061023,4.227760690944451,1
3003,0.5631519513166174,0.33212054564833426,2.1098709548390833,1
3004,0.5313070386126962,0.3375666472829552,1.1911377783635388,1
3005,0.7277336357563418,0.4968257398474448,2.0583249714132563,1
3006,0.6835067448886817,0.39099163589339,4.296975715160629,1
3007,0.5732558074149886,0.29721354868810496,3.9102015747148937,1
3008,0.5008489237675179,0.6086591142311728,4.556931130699477,1
3009,0.691976253603993,0.5713075586241065,2.9858247770140283,1
3010,0.6401433443602872,0.629997327022458,2.5519173995636857,1
3011,0.5605793873035246,0.4373048333629563,6.090525830055028,1
3012,0.6471722451987938,0.6784003931016448,1.3839755896268184,0
3013,0.6245392904219568,0.44510184951943627,2.0393212609799463,1
3014,0.3394370013834033,0.6829505672167082,3.5941066153531054,1
3015,0.39210854235019005,0.31837302904380277,4.77431188261617,0
3016,0.324405059213452,0.31265147367200685,5.31266669100078,0
3017,0.6795862114257316,0.5875056754348944,5.5949064947031815,1
3018,0.2969049835462505,0.45139943045085845,1.9295836254187302,1
3019,0.3303646871414377,0.5673125292487982,2.9925145290546107,1
3020,0.48066942404424173,0.25145498997448346,0.5512648235451698,1
3021,0.34364294986891575,0.3383068632039598,4.206790123947374,0
3022,0.46771994039176695,0.2802562023013765,6.105459702386255,1
3023,0.5603042092625643,0.3880572471687246,1.475978389143204,1
3024,0.5434214240276227,0.6938091489725364,5.60553109667706,1
3025,0.50929517366478,0.2656709569204957,3.4190527850763415,1
3026,0.6218282572550716,0.5363673357925353,6.2830171329690465,1
3027,0.5412482963969656,0.34055649174770025,1.043402390923049,1
3028,0.6052027366881291,0.6739349103237369,5.159987406127093,1
3029,0.3151029635294883,0.40522351748710006,2.9994279054202617,1
3030,0.574790112698986,0.4392437478481224,2.3917148586509525,1
3031,0.27089139157399833,0.4864846693171009,3.804565427031322,0
3032,0.5064831549043955,0.3562329343829694,1.7943216291152266,1
3033,0.34520832794001793,0.6381479928309537,1.6267772790368107,1
3034,0.2967162179556019,0.5870316131415344,5.158945085529795,1
3035,0.34790269896155307,0.7036145952213655,3.0792044519927124,0
3036,0.49926952902520805,0.23466895571599558,4.688711527729108,0
3037,0.3332218587155655,0.33264025934622476,2.2275928384225794,1
3038,0.4677980303202933,0.49694135450293386,1.776612935315172,1
3039,0.3919843927261515,0.5053447641619373,3.1573772376214473,1
3040,0.6887408109663287,0.3597966362959288,4.375068984952906,1
3041,0.28331282554244824,0.46183278861328625,2.4795725447875014,1
3042,0.6814400711982204,0.6267740236524912,5.9814759621795766,1
3043,0.13725251569144611,0.05783640652528405,3.912435563897931,0
3044,0.49503239383058834,0.7065636005095663,1.3083321993439225,0
3045,0.6424597495610228,0.7088585007958988,2.374386583785529,0
3046,0.7135001974167335,0.4673260953115587,5.009684747113475,1
3047,0.5336925533009235,0.3778920280968531,4.36451307621496,1
3048,0.38095277852057696,0.35789634193325953,3.584559740416128,1
3049,0.7295037250213116,0.5550901007459406,5.992122774591538,0
3050,0.6768454934069764,0.34724675427115315,2.1070962756871077,1
3051,0.6963570089299268,0.3691151806626251,0.7446879051891521,1
3052,0.6052882312548606,0.4113500610390119,0.09878697516297981,1
3053,0.37188820118702537,0.31355450735936746,6.022847816377445,1
3054,0.5890595195245697,0.6491817385695371,0.577409157939937,1
3055,0.5661786770866863,0.28956801157572526,2.742476805063584,1
3056,0.47012262030277757,0.6516161833913944,5.674773159373369,1
3057,0.539034371891128,0.5425827354680612,4.989349595946681,1
3058,0.6928168541661377,0.36292492038702,6.12148175899154,0
3059,0.39776949417979124,0.713186223577062,2.1639864685195347,0
3060,0.6752927942628266,0.40201817155656494,4.83595967475651,1
3061,0.2863838679409626,0.5427536107830114,5.147842603579112,1
3062,0.46617727345670895,0.7246469371513581,0.43335122313951646,1
3063,0.6021678106166122,0.41664879570734537,5.332419347671451,1
3064,0.4084074680209222,0.7191670682657748,0.634263060098164,1
3065,0.46334334035745184,0.6917762104903437,1.4063358336621727,0
3066,0.6492064761104187,0.3500542265541259,4.18307463290766,1
3067,0.39264441379983417,0.5448842910053059,3.5181538206634086,1
3068,0.4815641870249796,0.7105041093434902,5.1770744423869015,1
3069,0.5840985041844639,0.44313758417608445,1.138475847709687,1
3070,0.6824924943816499,0.6074772694521912,1.0186439230117361,0
3071,0.6600773767417117,0.3680552520358362,0.19963354474941986,1
3072,0.7274207732081394,0.5207941760026384,0.5939873306531174,0
3073,0.5231366923278068,0.5447002824966756,1.5108233679171055,1
3074,0.64468155189544,0.560348608927777,4.117209006402068,1
3075,0.5114820129482175,0.7270861464954395,6.2725681971938805,1
3076,0.8582105584647362,0.012800388597560296,0.017056228068326185,0
3077,0.44571676288347467,0.6641490278858972,3.3885755439926055,1
3078,0.31264797659565574,0.6475956311139377,2.9929757928325826,0
3079,0.5822119971506662,0.6632364262284689,5.8894141636495405,1
3080,0.41605827573717385,0.3232994244578208,1.4134548034083516,1
3081,0.6684079910207418,0.5447910420848913,0.8827782500231788,1
3082,0.2641040166278147,0.5692202502776578,1.0261744266718684,1
3083,0.625221495482944,0.3355180192856487,3.6814211418230545,1
3084,0.5721066841708446,0.2780793830073593,5.042646497903589,0
3085,0.5487758539754906,0.32945938375164924,4.566284790578198,1
3086,0.6740663872611548,0.5729708572102598,2.8042244675841412,1
3087,0.28618483987725174,0.6030235765682842,4.148274178919801,1
3088,0.977680722421586,0.8122125294723657,3.579751061008876,0
3089,0.6587456361387077,0.3400961586069225,3.9167807151196143,1
3090,0.4600199183450042,0.3642623998513432,1.939412630944648,1
3091,0.715552428128601,0.39042162280598874,1.0972925404375544,1
3092,0.5656629885987962,0.47327029898900563,0.5492947773163586,1
3093,0.5495506568310815,0.4171666897722822,0.36188736185278697,1
3094,0.5757574876087284,0.21895956391783344,1.3385237780381813,1
3095,0.4086787630840808,0.2649307951432385,4.011735013534698,0
3096,0.6741802441424672,0.6280546919605609,6.068450801084689,1
3097,0.45871837701091506,0.45134130014979185,1.522034238620499,1
3098,0.5305748615341469,0.3724012272187116,5.119838514996105,1
3099,0.4360983562752995,0.3004619104556873,3.825342785768693,0
3100,0.6336656096672704,0.4123873674925809,4.371292484448144,1
3101,0.7429860457383697,0.5295037369176562,6.049985436348436,0
3102,0.44698917663847726,0.7460435074973215,1.7900605269124945,0
3103,0.4136148441821141,0.6127999269225464,1.9861491212844158,1
3104,0.2536347216394772,0.5443496050969101,2.96303645261865,0
3105,0.2667416572816507,0.5454067902282597,3.917856236878875,1
3106,0.28362691279296404,0.5648460198773025,3.7576155422855173,1
3107,0.4002974128686894,0.5579150851184926,5.819184008929553,1
3108,0.9204069107808789,0.8680190808672528,5.8785761493162685,0
3109,0.4197781029926794,0.2410022749861647,4.692649946510615,0
3110,0.5581182391499813,0.6847723034194101,1.7985888507346064,0
3111,0.5786161117665504,0.5143790777444438,0.00807019612089465,1
3112,0.7177692770043271,0.634238489364022,5.678277117998596,0
3113,0.3916921869861696,0.3505585448299104,5.697694669259522,1
3114,0.4453303028766813,0.24544431267364042,4.945219117512719,0
3115,0.6519943705514731,0.6584499630309818,3.1118523540519947,1
3116,0.7015496504394003,0.36426925245279185,4.532057741410266,1
3117,0.3872566958831825,0.7018182366695295,2.1831237350188997,0
3118,0.25150634773358876,0.40190204589567713,2.2175254120773253,1
3119,0.7133713756827531,0.4699185205764059,5.546822201723159,0
3120,0.36820054125616447,0.6019188281247919,1.0718937672564333,1
3121,0.4584554810951124,0.36021729829231247,0.7356193666615668,1
3122,0.617730473132577,0.27337612046789206,4.7534696771083365,0
3123,0.005417752593519735,0.15822469071854653,3.1689294110819235,0
3124,0.2692653604819044,0.4655313886981559,1.5169748347023928,1
3125,0.6733015968441953,0.37270424959487347,4.9928247352337,0
3126,0.6537425222659217,0.6181503831454099,5.952733264069833,1
3127,0.2987521414810448,0.6664290869388094,0.5830917473856597,1
3128,0.5858313754088973,0.3703440590441983,0.2329625117031232,1
3129,0.32780505176264246,0.36883327372434327,4.563776731421322,0
3130,0.4362177162060323,0.40772440212349337,1.0837517994701749,1
3131,0.3007615286161706,0.5531305308946861,0.4909299422450902,1
3132,0.6367664045627464,0.628403743958008,1.1251082104978103,0
3133,0.002551646347875675,0.20187623568822927,0.5087171129389335,0
3134,0.5253322096029486,0.28555540913971,3.3448168637084805,1
3135,0.40306674023666805,0.3925372285799035,5.946371541578895,1
3136,0.4619646445153577,0.4326196583173373,0.11413796734248419,1
3137,0.8755149175237144,0.9532135203120868,5.489548610583406,0
3138,0.572927415737433,0.3317087724731726,4.516140366819641,1
3139,0.3038173385259431,0.3593236336730755,4.135381159915227,0
3140,0.4270577882426999,0.7142135397733249,2.547490448728958,0
3141,0.479997092361311,0.5367612553183714,0.8492285121339231,1
3142,0.49122252278924333,0.2934115943322092,5.640941801115687,1
3143,0.29619720382524173,0.6077385669603185,3.032630404796369,0
3144,0.45653879684676374,0.6099070515468418,3.007452389985904,1
3145,0.6446345834353832,0.318615396620629,5.198703124987341,0
3146,0.43860172640410583,0.5943849533349809,3.116817759009434,1
3147,0.5146840603419309,0.29746395481864396,4.716112210095156,0
3148,0.48294185918213134,0.680817001516274,3.339601694298583,1
3149,0.8908362761917181,0.9429886732912854,6.190902339997512,0
3150,0.36780503038214063,0.2828019181968946,2.8828851269463383,0
3151,0.43378216165060435,0.4846153587860791,3.447972213766966,1
3152,0.4852879830693066,0.6726759630607113,3.3935374625471626,1
3153,0.5950457860609323,0.6115614749561645,1.6484849904529404,1
3154,0.2865301690448248,0.3359112860792896,1.307937096195591,1
3155,0.3918091132869289,0.6656880644635778,3.0032428922470085,1
3156,0.6544859905935873,0.26630493476857897,6.2680302517179145,0
3157,0.6954782584548491,0.6294509750049587,5.7950627933359025,1
3158,0.6115453792010159,0.36703307700215576,4.038790159838888,1
3159,0.41961791586904273,0.2797297633588866,3.889143918051522,0
3160,0.34282408370074235,0.3567939796702044,2.946658737037209,1
3161,0.6753109463506339,0.6346299210472114,0.26785983273550135,0
3162,0.4685921793049781,0.6725087932402958,6.001135809876422,1
3163,0.317273024381079,0.4081921507062112,1.0032868487483424,1
3164,0.6641681194809639,0.38865137678762024,6.232386920334134,1
3165,0.6017451407735565,0.28697070530171837,2.4756858132923765,1
3166,0.5415364286011731,0.6114522042227867,6.014014395575937,1
3167,0.6001386252711725,0.6948548542375603,2.7008124770435185,1
3168,0.6846611782454189,0.4063825784822219,1.1717144046618804,1
3169,0.26405823998596833,0.5966449249310944,1.5442222215679966,0
3170,0.2790046431327265,0.47103810098955295,2.2063869071528646,1
3171,0.5121803816608116,0.3129355584252842,1.8385460549552861,1
3172,0.2603082316709108,0.5358120377214889,2.0311892229396817,0
3173,0.5788848800129712,0.6121326865332481,0.25380447159647657,1
3174,0.4559587292832764,0.463291783450801,0.8820448531647641,1
3175,0.3236183873316003,0.7168661626722856,3.8657147032609838,1
3176,0.25875620141736405,0.49841960371562105,4.503359217011754,1
3177,0.41299017194403553,0.347561827881999,5.336909338823667,1
3178,0.4292186503632912,0.703525444637388,1.297168270865246,0
3179,0.5052156453319291,0.5753368319623835,5.594197256596753,1
3180,0.5041087317244978,0.6689341115638153,3.8603316270691908,1
3181,0.4110653572023374,0.5414074912707785,3.8928201627270207,1
3182,0.5472503980706686,0.6253666423784114,4.568330116128244,1
3183,0.6849655615869469,0.587938269992033,5.798418589823449,1
3184,0.3490986859678158,0.46394734431198303,2.401929688197452,1
3185,0.6220082006915965,0.367395986235633,0.5385831660428249,1
3186,0.4289666824269163,0.4574967555151456,1.0333542818414538,1
3187,0.3205165152322423,0.6145886578190828,1.7035524929977153,1
3188,0.45225301840403626,0.7391296975400234,1.9439359261580602,0
3189,0.4264986588165384,0.2794941134809451,3.6137482003389985,0
3190,0.5805606180755494,0.5300861162249005,4.832495128678245,1
3191,0.38516740131768795,0.3891299360868932,0.9135134622884623,1
3192,0.5448545330496539,0.2853474186718203,5.996847935127536,1
3193,0.40294718899930304,0.522222981828364,0.02134457338694684,1
3194,0.6120842445402188,0.3590229254325155,3.787943782853465,1
3195,0.5302086951592971,0.724074606865369,0.8425471663333676,0
3196,0.4684682377155371,0.7344840164780259,2.1463083116897312,0
3197,0.06830433944725146,0.17619232804729765,4.966284050896966,0
3198,0.39759608503465715,0.6788697268533314,2.641383573204281,0
3199,0.41812200658449433,0.40232173293810813,3.409224531411337,1
3200,0.6124951331535594,0.48142217275306326,3.7452321815566845,1
3201,0.4604675244570172,0.24239060602803247,2.7756630012964933,1
3202,0.7319226113065526,0.6041459170117894,0.34838867206648616,0
3203,0.5922954405248405,0.353180033596073,1.1354727991763405,1
3204,0.4887997357026822,0.6125673608240507,5.117146683057194,1
3205,0.556148063888805,0.2737988957728485,0.5861197870438544,1
3206,0.12598363040224067,0.06768251604623372,1.7672657064995008,0
3207,0.2685048858537454,0.5583901340071412,2.4170384008589085,0
3208,0.6970030021065536,0.4109202794852018,0.8180383075313309,1
3209,0.5326341556240712,0.229278806868119,4.940301847299355,0
3210,0.3525270250476023,0.3156491047182887,3.2271246545426853,0
3211,0.43609594981867,0.3448058270799832,3.5296121144304733,1
3212,0.3198785288589002,0.6270752788675586,0.3966270672885357,1
3213,0.35012246062257274,0.36651184757480454,5.96761497182107,1
3214,0.3342452707772212,0.38590477776984833,0.36816667609284004,1
3215,0.3467486148559898,0.5760648917946799,5.92621159870674,1
3216,0.8854797016053425,0.08944584192194738,5.833049497320556,0
3217,0.37277748996060156,0.36231277200501855,1.4318736446792308,1
3218,0.19106892569566372,0.5295910605145129,2.0697670260366796,0
3219,0.7329562657801895,0.5696171243167822,1.3810386433663604,1
3220,0.4173502733918655,0.4814144751459614,4.0268969770972705,1
3221,0.5339247736209747,0.33149565126370845,0.8225276875903159,1
3222,0.7004767162824288,0.4132285493774343,1.4282245073519804,1
3223,0.6224145997025656,0.31121980832002166,4.862607201943035,0
3224,0.9688898051071678,0.9883490313366083,1.4438481804729768,0
3225,0.6940968343315995,0.3408183126955875,3.780385439176911,1
3226,0.4448724082019908,0.4872773442301299,0.38440031029019933,1
3227,0.3359415882237772,0.5782876872606044,1.0438854315798065,1
3228,0.4468570169597019,0.7157338558852336,6.198278161055815,1
3229,0.4457157250292476,0.29945950258039655,3.6689580796307473,1
3230,0.4631376496179283,0.3064842460403987,5.933265178394047,1
3231,0.6757231050123335,0.5673519033859075,6.153629012835374,1
3232,0.40495780630399514,0.2860871714847947,3.3368960643345447,0
3233,0.30710117308689544,0.48179323462152623,5.063735189987166,1
3234,0.24010060341371417,0.41640634579009866,4.838960763027041,0
3235,0.4353639159033021,0.5694250761299026,5.124001979948735,1
3236,0.340281944527308,0.4839910237266297,5.7205908163510655,1
3237,0.5248793976983949,0.6715699242579293,3.890301152539625,1
3238,0.34395310142131374,0.40906817229499187,1.0582858875229912,1
3239,0.3897896802802769,0.6556649287949965,5.453065395891058,1
3240,0.510858420444109,0.7455272381120421,1.9429239697541023,0
3241,0.7320228831564848,0.4505847934840535,6.169466059344385,0
3242,0.2732507666589088,0.5001292260061551,1.2269787727238848,1
3243,0.5959047764650194,0.6343809248747183,0.44576732641145583,1
3244,0.5415812765805599,0.717803303949924,1.6741359011308645,0
3245,0.6614271068519378,0.6354168189922385,2.6485793349370144,1
3246,0.5842333724222504,0.40817044790093837,2.1956578710894767,1
3247,0.28451352753609593,0.3551522184948611,4.509614641411505,0
3248,0.5881771869217247,0.4721725213900611,2.1499384884403363,1
3249,0.6537300070240235,0.4001965987251531,2.009666590840524,1
3250,0.45609379453337245,0.3260779717422746,0.14134541701441766,1
3251,0.5452430477904449,0.6291039656292328,4.977779594874417,1
3252,0.3528665311565605,0.4466476827895804,2.714342363838001,1
3253,0.6904641473682698,0.43156622418839685,5.505895186862451,0
3254,0.31501320026490354,0.5239635945971586,1.1559856093127143,1
3255,0.44547667301077054,0.2907618372049171,5.858422734751386,1
3256,0.8946552625271921,0.7784460989251867,5.836562709245801,0
3257,0.2896161668700243,0.6281448040908223,1.4196696830036184,1
3258,0.3194413744769973,0.639695666128024,1.9021937710935362,0
3259,0.7155549195005995,0.5526940655771,0.16533375425021238,0
3260,0.6952305987152984,0.3888671995962258,4.503638717454838,1
3261,0.5018176240362323,0.4346376830190031,3.8581763819977675,1
3262,0.25952243488432397,0.41837851867226067,3.5903806164016907,0
3263,0.2333970683229176,0.41418818430817583,1.9581094148496965,1
3264,0.44191647786057625,0.6958664836553822,5.501377199196762,1
3265,0.366324367168091,0.6693121668598387,4.095178777596332,1
3266,0.7008350948966132,0.6135804580977663,1.67091086205939,1
3267,0.36262623280700523,0.48467517722180614,4.2793562708014585,1
3268,0.6744944508012308,0.5325133636906555,3.12902895340418,1
3269,0.07351861891182013,0.9466944390922822,2.5521046846780826,0
3270,0.5797644009037065,0.3413557345464017,1.62551200810987,1
3271,0.6061197713064455,0.7798427274749149,1.4818445901475785,0
3272,0.9474719690502965,0.18317039674012706,0.512787183895898,0
3273,0.5208653840684088,0.3813288293874178,5.066319920147598,1
3274,0.6322765077480414,0.6756962290722712,0.16508076707864977,0
3275,0.5841038778396035,0.27398423707287484,6.157917702496918,0
3276,0.5448529039563726,0.6049154781022144,4.283560835327077,1
3277,0.3381769948484998,0.6211140287176643,3.9300900452456418,1
3278,0.44362793752234525,0.6056697467318393,2.87925276264423,1
3279,0.7237184249353116,0.5341649949422056,6.196291146507037,0
3280,0.5608588783630967,0.26520193534649916,0.5229551737214179,1
3281,0.5580554444501256,0.39468846826820153,5.735294212421613,1
3282,0.45972946281659016,0.49858798997689824,0.1644973596973771,1
3283,0.5538112095505447,0.3836614072746604,1.0531329840443397,1
3284,0.5945789639216431,0.5124945287592764,5.1784903375021525,1
3285,0.6300395079809358,0.6072418398363989,1.2635130877799612,1
3286,0.4448858487143932,0.3482785661622956,2.5004276435648625,1
3287,0.07781654182192854,0.9362971578227275,4.775942054200091,0
3288,0.5266326322420842,0.5284392056892546,3.645163196049759,1
3289,0.2598649792354224,0.5552727286423511,1.4551208797671682,1
3290,0.46322696899883903,0.23274591888889856,4.489085700906225,0
3291,0.4932736478705603,0.3508623139103681,3.2702205909435906,1
3292,0.38762861239926216,0.43951704721872586,1.295338166366013,1
3293,0.27152588462075766,0.38544984967221696,4.453626878757006,0
3294,0.6873864748112324,0.3604530556223426,5.3135843128092075,0
3295,0.314327307997416,0.47663179171521797,4.818578720958494,1
3296,0.5521953573050521,0.7251426096050422,1.5308792790643055,0
3297,0.2838231924409138,0.31339996207252335,5.244444816065396,0
3298,0.2648056167610171,0.5619068709733185,1.6421041352358003,1
3299,0.729257412783933,0.5547470676652332,4.432774544534391,1
3300,0.6847330253237205,0.5658671931978702,1.408082071194895,1
3301,0.737831013278783,0.5527175446987805,1.3596651067492092,1
3302,0.47125221961203123,0.254928545483309,4.838138687368604,0
3303,0.6678374241631744,0.39547013124465547,0.1982801437823287,1
3304,0.2662166132906261,0.48503727039020444,3.910910419419587,0
3305,0.5964717380704738,0.2671262747086637,6.170415629881847,0
3306,0.5476124957748926,0.32648855647789615,5.223680228860481,1
3307,0.7127886942794744,0.3998910813311221,6.102832132269875,0
3308,0.5590159276652281,0.5313418616769124,3.8863190312957108,1
3309,0.5796321301531663,0.3297778053765716,4.644785361381603,1
3310,0.3880072322901689,0.29837955064445,3.633654294990628,0
3311,0.4709094458829505,0.6392049558770934,0.8576780958245142,1
3312,0.38691053232408035,0.2984579069925137,3.5199340524063385,0
3313,0.36072735790283345,0.5183828163078615,5.5633380090688105,1
3314,0.6561954093480753,0.6578853325320453,0.07066819192438878,0
3315,0.46036678626434596,0.4216610142464819,5.605985797393458,1
3316,0.2527557743461436,0.48456942169604983,5.125496455069582,1
3317,0.6023526638902484,0.31601667820939033,4.423303340735023,1
3318,0.4887865440331198,0.6948261506830241,2.915878762542828,1
3319,0.7239911347051591,0.5789045037609172,0.6405402329385286,0
3320,0.4596715914732386,0.7199192299759806,1.0841165051989679,0
3321,0.3048488561684791,0.4901150954442702,5.382168724927299,1
3322,0.0635358458971321,0.9721608066383342,4.937568750294254,0
3323,0.5489031591389102,0.29278428609066165,5.016262798174773,0
3324,0.3827970530323381,0.7046240950060992,0.7511153600715764,1
3325,0.7163856595390452,0.4039884105993705,5.3508855746431765,0
3326,0.6058714433190938,0.6340580107409808,0.9709913552862187,1
3327,0.4574102411412262,0.5800611411915082,1.1747703472302125,1
3328,0.6969036286497543,0.41392441636740385,4.723788832351729,1
3329,0.4865181348225576,0.5396744906556245,2.748574718773148,1
3330,0.6257634517393457,0.46395653248094243,4.22516867358457,1
3331,0.682752018837552,0.4774757708916334,6.249521331452245,0
3332,0.5646793863548669,0.3777676603493488,0.37165117166339556,1
3333,0.7417811964244636,0.5581885108433372,1.063717351815208,0
3334,0.318561292699307,0.6168897197742593,1.293179556341599,1
3335,0.3964806879205682,0.4012307988014029,0.10816005981327885,1
3336,0.41746892761444854,0.3220970012783083,2.622717174136241,1
3337,0.33895825144981057,0.3561289394891788,3.469055861232772,0
3338,0.4143709923151338,0.22299804944336352,5.283987694893331,0
3339,0.8574593205558957,0.04075807261070569,1.6810287386903129,0
3340,0.5433021998146923,0.26802233794342667,6.1180412600536265,1
3341,0.4278997586999477,0.33927567428609046,1.1635805859348596,1
3342,0.3473362352782614,0.6268077882592428,2.242503968279808,0
3343,0.6300507293840775,0.5722993173441524,5.176372304721939,1
3344,0.531964139786663,0.32085480013160844,4.459263022772454,1
3345,0.26971395822570615,0.4951989760965689,2.7936387866755803,0
3346,0.44174678057655864,0.6793876121599302,2.2009149855844705,1
3347,0.5025049111907028,0.4668794569733571,3.547134074050539,1
3348,0.27909849297109585,0.5606023777791231,2.0318927838503864,1
3349,0.42341511713402624,0.7039038591096515,4.07593321952887,1
3350,0.7385943458054324,0.5447354038167391,1.2896244283057803,1
3351,0.37648475465697107,0.3102169435345404,4.515670013287969,0
3352,0.4670926748592411,0.42883358286951284,6.139586310572394,1
3353,0.6834272890991453,0.5325265095947505,1.628778190181972,1
3354,0.5224482616047974,0.5029399585258981,3.6260620211182517,1
3355,0.7324676704551133,0.5008998182183615,5.10495113588678,1
3356,0.2661076660294181,0.4877953530129432,4.428220090132815,1
3357,0.589885939314704,0.710059525656887,2.136087365464071,0
3358,0.34262489531956586,0.5044863284797786,6.123625830023958,1
3359,0.47330246079641614,0.27018397841972114,5.72823845878773,1
3360,0.748073612614322,0.5137242984389977,5.587494244442475,0
3361,0.25596407389927045,0.4767193539170522,2.5402171147215107,0
3362,0.6982047527685724,0.4479872203532387,0.006880829824415374,0
3363,0.30682790021941264,0.39838319870820055,3.327567928884476,0
3364,0.5663451356880723,0.31399802949488376,4.9476188648439345,0
3365,0.398464851984198,0.3129340921465239,5.007244803393954,1
3366,0.27907275005982896,0.4104263412833622,4.302909953277579,0
3367,0.3821884271108282,0.5034076814067577,4.305699204389359,1
3368,0.6517238318024512,0.5189833221230954,2.3749426336106834,1
3369,0.5959599962408513,0.45495009064150377,3.5773739813665624,1
3370,0.24197961928822212,0.44543012996261144,2.733392010915882,0
3371,0.3644568275569348,0.5307828317657719,3.4499359292285456,1
3372,0.5091226236350808,0.3355568669024484,1.48896811873929,1
3373,0.5237576416234199,0.6515034412746471,2.2654190204158478,1
3374,0.5316592894232797,0.7165952888551002,0.5264907951675016,0
3375,0.32899733630358535,0.5232660032742913,1.4854006452341548,1
3376,0.27795484281979044,0.4112523869045207,5.824393804986415,1
3377,0.3218257775574923,0.3842726194908598,3.897013549244827,0
3378,0.5856583256544375,0.6913858909164615,6.134693308638237,1
3379,0.7255610535421113,0.5637235231490528,0.27704645942302925,0
3380,0.7019144413252155,0.521458194846518,4.610748308663527,1
3381,0.7220761733199708,0.5762538659596179,4.796611830260332,1
3382,0.30940573514337316,0.6535434555334076,1.554705716266743,0
3383,0.7203117793942816,0.5714619330410001,0.4899798325167725,0
3384,0.6105298606259967,0.43673211287803726,5.4642506176965036,1
3385,0.7426228153365605,0.49400881624452675,1.1932903558871966,1
3386,0.5522461354110657,0.2836801425886101,0.6231878363587048,1
3387,0.5182374349988728,0.5323593604375988,1.3462955556267302,1
3388,0.45055475279190466,0.5571515006719204,5.514486432698796,1
3389,0.40220547569588555,0.6633542446157549,1.5851845391043171,0
3390,0.29724011847276877,0.6374239512969294,2.039850601554813,0
3391,0.27504652799482276,0.5318918612505176,6.003568181269508,1
3392,0.5883773178455375,0.5897159758253444,4.474230195108631,1
3393,0.5725199625504056,0.327854286853182,4.393618425059066,1
3394,0.34711706443914503,0.5891462891109124,1.0920747382589628,1
3395,0.6640381718422135,0.6845241649431208,1.1441122405705766,0
3396,0.6102937983844631,0.2527904357159497,6.134460893303802,0
3397,0.3341983737644267,0.3222226876597689,3.9547381544484015,0
3398,0.28533526107636564,0.5868040429098055,4.808784069708713,1
3399,0.6103514661964171,0.6605669726693292,1.5567261651534925,0
3400,0.3126023571309864,0.6122590132411795,0.6342832246021487,1
3401,0.3135650091427094,0.34659628738208426,4.013121327036126,0
3402,0.710763206904047,0.5738371143676001,1.2895063327947311,1
3403,0.3555170737490711,0.6159428806449356,5.666727842428455,1
3404,0.7196771336026436,0.5102150694046204,1.0778011922027984,1
3405,0.37300438491241444,0.6968066968236881,3.1072304161578215,1
3406,0.6846131297121326,0.3651224820826042,3.9095852063743677,1
3407,0.9469500791567559,0.8378889075265014,0.16296826024312105,0
3408,0.551646922716972,0.5363049714081022,3.8490149255046573,1
3409,0.25668274207254493,0.5068159033671293,3.8036557533325723,1
3410,0.5517753459709328,0.4421309204780466,1.5342415338151592,1
3411,0.6864593128821675,0.5652677966549977,0.5343678991328175,1
3412,0.47031812231320275,0.7367301038464772,0.6994440058264986,0
3413,0.5813771915943354,0.7084251846672164,1.2953975220450535,0
3414,0.5523646659687418,0.29835436709267243,5.587105235797371,0
3415,0.5930687454508985,0.3074504834743671,6.279706313487681,1
3416,0.43954078199465313,0.5200393108278877,5.7587491882703,1
3417,0.36149846215899845,0.3274891727945937,4.707533781861843,0
3418,0.04160942718473457,0.9427033739797023,4.9865304004733595,0
3419,0.6502092094234942,0.630274654287282,1.416237553349549,0
3420,0.4285412284492021,0.5154005439166082,2.7067548366229226,1
3421,0.7338983375174551,0.5510614787442499,0.7374792293537612,0
3422,0.8542010662183861,0.043346293615884525,0.4857202721173925,0
3423,0.3804510977224152,0.3287321628724416,5.17418492681118,1
3424,0.5256031405210011,0.3431562981390196,3.1364872756185393,1
3425,0.40765130036776687,0.4727698788370294,3.610841901123812,1
3426,0.4712687118312328,0.619990614384371,1.5853094977300883,1
3427,0.5606013983026227,0.6756744590727972,2.08005726347614,1
3428,0.3390014710019495,0.41876984899056824,4.148336952488537,1
3429,0.3690027971814189,0.578737535413833,5.7394215826972355,1
3430,0.3957156314176462,0.7285082946948943,0.8170905531355847,0
3431,0.4400896096117526,0.6974036924061724,6.063727547079864,1
3432,0.6498326684173626,0.5804069908034571,0.2739453461762943,1
3433,0.2795600196515578,0.4490174621528495,2.09448448196032,1
3434,0.24275271505907883,0.42616771298054945,4.787366044037061,1
3435,0.37679361978776327,0.6028741817712994,4.407400589563911,1
3436,0.4241102095065823,0.6162585375849445,4.829476369200311,1
3437,0.28883897390861185,0.5039778913493552,2.848023592578027,1
3438,0.7128458076460809,0.618171872066624,4.916871459430076,1
3439,0.6586264716019044,0.5594572139858247,4.98843003979414,1
3440,0.560133634486965,0.6732590268722943,1.9115286747242308,1
3441,0.4091352010187228,0.27887794688608136,5.8619004883889625,1
3442,0.45136850622327074,0.617084368682877,5.030813344288048,1
3443,0.5913229562364885,0.6833757817668221,5.49540188949848,1
3444,0.5111857847083447,0.6918368607907412,0.2152747988558804,1
3445,0.5106114698969793,0.6808997068742628,5.603921369616819,1
3446,0.6725120416577355,0.33639355625386674,3.1441211478363473,1
3447,0.25150975743804505,0.543672244230805,3.1616775706705864,0
3448,0.7093036147369662,0.3613819418569754,5.499302093178033,0
3449,0.65530659509097,0.48609887866927587,0.05233346916300352,1
3450,0.4452926744479898,0.2599271408072043,5.1009499513830034,0
3451,0.5913999012031721,0.7205106897264537,0.9206257697019835,0
3452,0.5540139622457718,0.24344197707494547,5.413653400193331,0
3453,0.34933225292149334,0.45718049949506,1.9762807155801059,1
3454,0.5389084815208239,0.2760648405372847,4.5765435363560565,0
3455,0.6751269856953991,0.6135293413260199,1.296794664410269,1
3456,0.3314014818409714,0.6920345846789575,2.991400300723847,0
3457,0.61887632701755,0.33495010896427696,0.9303900114825358,1
3458,0.36479775569411177,0.45244171089407537,2.0692283306622925,1
3459,0.6961006808757056,0.475162265115437,1.0376572168253075,1
3460,0.08107291795321044,0.9795011816584005,3.128817768923946,0
3461,0.3011822820385508,0.5867028402584852,1.9714818435328745,0
3462,0.5349775775960478,0.3016324661715557,1.259259699443575,1
3463,0.5799284467805029,0.6099256823220712,3.5286601290690824,1
3464,0.40503515980542026,0.5909065662368275,0.46743299944622707,1
3465,0.442101280252051,0.5709120849637835,4.580841177452397,1
3466,0.7525233606720989,0.5857677626922841,0.75576254336961,0
3467,0.22375713133576308,0.5165554127294627,3.9232937949828828,0
3468,0.38349857768625856,0.4795835097168666,2.7244882492773415,1
3469,0.5959253829913338,0.6547426987349237,2.180738894030052,1
3470,0.41819622628667974,0.4819150623693606,1.1903667115914924,1
3471,0.5756003822318507,0.3413337938566378,0.16646306871682687,1
3472,0.5211709183523289,0.2637847897400036,2.4809048362759705,1
3473,0.5339821076594398,0.7240597563650231,6.2258385221869625,1
3474,0.6839579505907563,0.6060476110408045,0.15345439041637926,0
3475,0.3978602338263427,0.7060698263794839,3.4990999230766504,1
3476,0.3523766368109748,0.6541640468690524,1.2945539044761425,1
3477,0.5627655889648097,0.6178012854658925,6.115339797762668,1
3478,0.42534592929320036,0.7174481333293394,1.071074773242201,0
3479,0.45344571393220295,0.300276152407437,0.6958516076843384,1
3480,0.2731188914985302,0.39967701420788226,3.822649618977717,0
3481,0.4187905728684625,0.33217286126048357,4.074092830799188,0
3482,0.573351817117239,0.6222190401662798,2.7768721886238796,1
3483,0.3845119229477057,0.45978173636644726,0.4406891001806728,1
3484,0.3753360934440631,0.506422345188104,4.835791855014043,1
3485,0.695970729851583,0.6318377430555665,6.174017736459685,0
3486,0.2613171373567521,0.4795821734713437,3.776077740163439,0
3487,0.5819013268081351,0.20817220291677757,5.8218532264024105,0
3488,0.45680232230195356,0.5278091624085401,4.679218660797117,1
3489,0.5599396144640643,0.6764374148916305,2.0045757569252163,1
3490,0.3552951733391999,0.709669681328866,3.2132192349248796,0
3491,0.2432025649332006,0.4848230599814952,2.48047466307162,0
3492,0.45432275554018337,0.6949207847443405,5.78590503827752,1
3493,0.33039301549053496,0.6684246548500093,3.634326446712436,1
3494,0.42912917658542615,0.3263024622948453,2.4600775153480354,1
3495,0.412837985338713,0.39579306185181734,0.07099484568164954,1
3496,0.5093297240742815,0.6531638547080924,5.468858144111282,1
3497,0.6390763090942753,0.29791609191217006,1.741276965612379,1
3498,0.4686407225893103,0.3983443047100469,2.391697422495941,1
3499,0.30671456560239235,0.5993923915551655,0.5649437400745473,1
3500,0.4964640641246552,0.6725284812405586,0.0023978288522679136,1
3501,0.6465029703917188,0.6576175251911014,6.149458089335069,1
3502,0.4096450864178632,0.30056114392781874,4.9810461641293715,0
3503,0.7008062387989146,0.5672016984718269,0.5989238162459042,0
3504,0.24620550028413343,0.48265411553530263,3.905212880112533,0
3505,0.4625468420801589,0.6872048875570133,5.513281775870558,1
3506,0.4137513849476373,0.6743195351611513,0.6158653146251856,1
3507,0.45252225398032286,0.3260868281249676,1.231439412984809,1
3508,0.2638805604150872,0.5647585452078745,2.0733723979369096,0
3509,0.5686322040817802,0.26310957873846846,5.017845791997507,0
3510,0.49946344863591974,0.4345174189364594,5.838912222980482,1
3511,0.2720889913123652,0.6162934891453198,1.1757953558921483,1
3512,0.6339436165538895,0.340983587812104,4.47245495327431,1
3513,0.565604204012483,0.39682958038243527,5.347481795746543,1
3514,0.550106687729644,0.5781142149271336,1.5524968288516379,1
3515,0.5302306422843155,0.7290086246808357,2.0615319623109447,0
3516,0.48483233952043553,0.3082300237779783,4.038514859778332,0
3517,0.7374791213859709,0.5441998799604152,5.352149442054779,1
3518,0.32376027991466966,0.4031728934353254,3.198450872480719,1
3519,0.5325049610125309,0.5756593706499613,4.344233032421639,1
3520,0.28809729975985354,0.49562705410610286,4.420410086483463,1
3521,0.33346576688394675,0.3704946426421126,0.9098546449194339,1
3522,0.38612246066136136,0.682016021255309,3.8998411649881093,1
3523,0.9232194468245638,0.9071840310172145,5.817416883097338,0
3524,0.49061318522349495,0.6415589698410458,6.0497970345785275,1
3525,0.4399740314951027,0.41073433329673853,3.8488680709991976,1
3526,0.480624963017804,0.6987093099068784,2.09047249955712,0
3527,0.33566371969812087,0.5723027670580371,3.2701040203088363,1
3528,0.6014241791018873,0.3100517512219731,5.8025242401461234,1
3529,0.28277368390694724,0.5592109238460059,5.800196341436939,1
3530,0.410956507769984,0.3599606328922094,3.945779346836319,1
3531,0.41594810725593667,0.255499586692258,2.8224760755756684,1
3532,0.25415446645494394,0.40163483582988563,2.8652160778920495,0
3533,0.4332678491186836,0.6426512105548939,2.076413003374885,0
3534,0.5074864267166144,0.38846277464923984,3.941629075408999,1
3535,0.6377282988504184,0.45997341553162197,4.355613135117191,1
3536,0.45572094687673675,0.44494718881024314,5.056118477832983,1
3537,0.4081655999242827,0.6248939084042695,1.001408105244985,1
3538,0.6448902733190367,0.6615773806804744,0.23271894389177333,0
3539,0.7435841789716591,0.45572796128614235,5.5356073623221915,0
3540,0.7125952400895075,0.40662256361988486,6.097796073352355,0
3541,0.7069043493325389,0.5497388270896155,4.956435959800156,1
3542,0.23269685728703865,0.5495489213202497,2.9555657655362295,0
3543,0.39415421067724404,0.4938716894325919,0.9171212035707637,1
3544,0.5180116794149366,0.7267188846891027,1.0883813628760655,0
3545,0.6327206471774869,0.3199572088647462,5.352812180662098,0
3546,0.6634254383949175,0.6666285441435914,4.861819160116543,1
3547,0.5958237959455388,0.6615980839072262,1.860389935173325,1
3548,0.24533488693584896,0.47930367260939083,2.1667279766782737,0
3549,0.5566672107805739,0.6796534098614956,0.18159636639328675,1
3550,0.3231828921263087,0.6286686792089474,1.9164740564292544,0
3551,0.7212178552648543,0.4848222533034112,1.9660572239553176,1
3552,0.5030713682391222,0.7212970382238271,0.26071833675255973,1
3553,0.6942483540478143,0.5584238191147108,2.0624740289118533,1
3554,0.30160901582722255,0.343511175882142,3.958280646240059,0
3555,0.5792540131540443,0.5905952302933974,5.2680641776527635,1
3556,0.5172960938821938,0.26546598221045853,5.454679710603892,0
3557,0.5141754235860118,0.306626256337571,4.493987997856612,0
3558,0.7202886948829805,0.4244621066752286,0.4135021410866064,0
3559,0.2757169508719189,0.5140347367086022,4.661571895503117,1
3560,0.49840838687312505,0.26897906389871357,3.442963907356944,1
3561,0.5466777026519437,0.43805238758910425,6.08326326235496,1
3562,0.6613494960937195,0.4465566437489766,5.3275256998212415,1
3563,0.6143339986326098,0.3242605284967828,0.7315002955081318,1
3564,0.33906383527211215,0.6443505491925817,6.1552623891773,1
3565,0.5236793883282248,0.5690674298408107,5.519907152067865,1
3566,0.48291218719248596,0.3300268158681912,4.930615571762286,1
3567,0.44178522002389076,0.36413771814693996,1.9095045980969751,1
3568,0.36142729722622224,0.6818267831067369,2.858287570612142,0
3569,0.6620025383072977,0.5393689094259214,0.6024451173544303,1
3570,0.4035667503062205,0.7331700281129362,0.5173989603099534,1
3571,0.7154667520997159,0.5018676622879797,5.152801795408287,1
3572,0.681063883247166,0.5413903063960042,3.419732323099628,1
3573,0.3607623561838652,0.6590509570414719,0.9728335063014907,1
3574,0.5238428148659469,0.4279559727156123,3.5124636876621853,1
3575,0.7342963341863143,0.46671691585204056,6.2243039673486455,0
3576,0.3508895252964764,0.6459491521808713,0.23830578878463077,1
3577,0.38759361397963255,0.6659870276382025,1.1748501917979117,1
3578,0.2605587888036452,0.4474253544739363,0.0807491343035921,1
3579,0.34559685718690336,0.6806851182997344,1.8181530469649587,0
3580,0.63591745984773,0.582091562251383,2.599302022455731,1
3581,0.559489298188113,0.3086449950422769,4.003370584938389,1
3582,0.001705204776560792,0.9693652262651816,5.7081117952771745,0
3583,0.6634520410890888,0.6743477993174412,2.077979057949975,1
3584,0.5703578362655047,0.6325877877039072,2.5281204259659233,1
3585,0.2963829010757278,0.46241874384762666,3.7222096726978924,0
3586,0.3819346711778961,0.4971438807266728,2.6710371847341055,1
3587,0.8805743904193075,0.12642653596253858,3.7476164785721515,0
3588,0.45179479722562654,0.6627188733534921,1.7023145854639794,0
3589,0.5081229411390786,0.43781166368355223,5.7200183023590805,1
3590,0.4421852742022875,0.3168644451640274,5.179293577465767,1
3591,0.6092128597770103,0.5659682226493307,6.181941264812545,1
3592,0.06011243178220857,0.9821490906977994,0.504631056572117,0
3593,0.6283292056027752,0.39780155806215856,2.6190342414235133,1
3594,0.45558380397588544,0.5625834724762016,3.444703695899022,1
3595,0.5135326754516448,0.5047997614567445,3.315268264669986,1
3596,0.4106176728839258,0.44409710728551083,0.9918665968677963,1
3597,0.25129768023624344,0.46834743987228256,4.203780459937564,0
3598,0.6948572652667007,0.3255700381914055,1.083230679027795,1
3599,0.08003505426746198,0.8954224551564947,0.446084448807457,0
3600,0.6329456645885251,0.5809383374701363,3.84102099563548,1
3601,0.6735323739610359,0.4312563947198763,4.507456838076902,1
3602,0.4281600108066793,0.7218312734334722,2.5315027578942466,0
3603,0.6846521742413786,0.5572447039530337,4.629728731592269,1
3604,0.7008879216814679,0.47128096303692335,0.796125572594635,1
3605,0.6194264232037481,0.29811717586717246,4.982455037666053,0
3606,0.5727584494986766,0.47401969639305996,2.1296535793763844,1
3607,0.3715262218147413,0.5734985843979453,5.715519591184625,1
3608,0.26973124144755634,0.5188914629301842,2.55150073766568,0
3609,0.4362091760412203,0.7104823242311628,1.8212041833120796,0
3610,0.3774743141929794,0.7096895245834927,2.287552008408855,0
3611,0.547602784312485,0.45793050163763827,3.5395526631931924,1
3612,0.47360042232435295,0.30276777750200884,3.9575376911429943,0
3613,0.6318970619041784,0.6630940085672188,0.9548598794995353,0
3614,0.437589332355402,0.6950414905691055,1.4334853971440416,0
3615,0.04298071012464481,0.8195738901027555,1.7008371323728286,0
3616,0.2861026361004104,0.4906924928873049,3.631957043914543,1
3617,0.5270672323179852,0.6155253335623384,4.358634148900034,1
3618,0.5160507176102096,0.24596328011918497,3.6717254337700145,0
3619,0.6851956477308735,0.6345188513739265,1.9199428034372115,1
3620,0.5878651921559679,0.4993029809175485,2.404558138552007,1
3621,0.5035242712275204,0.26428716307187716,4.346904802345565,0
3622,0.5012799533998827,0.44249229146021335,5.148290934536314,1
3623,0.4512296901878025,0.7164764526531567,1.3983894639652392,0
3624,0.28180457390545816,0.33911987323372694,3.906351643445153,0
3625,0.3630122422679723,0.4203971296147284,2.4149575736578894,1
3626,0.3195145426574101,0.39662516492372346,3.3517410310676756,0
3627,0.27972554347935624,0.5265326596135139,1.4102973315987897,1
3628,0.42817553266960934,0.5215914553085643,1.1814315826640127,1
3629,0.3723050875578515,0.30139739383561404,4.398926105609085,0
3630,0.2993483177015438,0.5348187312702996,4.280055093138126,1
3631,0.4614736522766589,0.2685186311573606,5.01937704620696,0
3632,0.5787591267835906,0.5352531621581839,3.7919334750553406,1
3633,0.6963135862977963,0.5850082102471464,0.45345418844904317,0
3634,0.5541906440432969,0.3084850759540759,3.7217816072941416,1
3635,0.30650472235052195,0.6257929657430481,3.160620307285916,0
3636,0.3787312834057218,0.5108198294891688,5.640463031902167,1
3637,0.6247448530090511,0.2915649280115013,0.2668386232677902,1
3638,0.5676963235439294,0.37009041617288096,0.45348366535107376,1
3639,0.6232867244478545,0.6963510716211193,0.47041978255119193,0
3640,0.5352189552304462,0.46364463523384525,6.167380477136077,1
3641,0.39794791600788787,0.36147124820134247,1.058754638204947,1
3642,0.22876786651377412,0.531692849066141,1.7427313725103348,0
3643,0.47282402380184585,0.26352671898860425,4.888440773819957,0
3644,0.06091324775364451,0.034607843017709354,4.592790130528762,0
3645,0.4549708583639934,0.6687331809715958,5.765411207890161,1
3646,0.3926921127376488,0.6854476351166836,1.8232899135654643,0
3647,0.4175289477183477,0.6837594125546449,4.007627172569715,1
3648,0.5384543989690139,0.30255972432167183,4.714069798075923,0
3649,0.6831974599736667,0.45302597115638954,5.9017214185261775,0
3650,0.28115473347577274,0.442808363252783,4.998605544349408,1
3651,0.7202517975741412,0.5294731507376778,5.531572745979484,0
3652,0.5312206623584533,0.5726180955469391,1.8906210935861454,1
3653,0.7074280443788941,0.37319757447548474,4.673199034098208,1
3654,0.685279367290189,0.6537484400971199,5.9567496362222885,0
3655,0.8808670344916268,0.9565157589744333,5.602560447069928,0
3656,0.6638878332578713,0.30376837609965146,5.070562537173137,0
3657,0.27113532282884084,0.5853620551668165,3.0720861666028,0
3658,0.3893763550634512,0.30506064316960096,2.863771267137293,1
3659,0.3209953329047357,0.45868742663916223,4.1131119132167795,1
3660,0.7267458660820263,0.5287982779091414,5.436966013468237,0
3661,0.3679471276302565,0.555390531144296,4.918904056272921,1
3662,0.6977684500243732,0.4331931515778701,4.52657334167676,1
3663,0.4476519312745566,0.6456839071695732,3.0248582782122133,1
3664,0.5987865696933642,0.29424293426373455,5.804161559230034,0
3665,0.41211115495009953,0.27547147763922347,4.587117876025223,0
3666,0.668589669064599,0.4117354902123755,0.20155859724173666,1
3667,0.29302119772406526,0.33538683612338227,4.847162692318009,0
3668,0.5162841389960969,0.6825326576178077,1.6499224394407055,0
3669,0.6834847760712417,0.6074859569361204,0.44827170072103556,0
3670,0.32448815257060987,0.5504941879492025,4.368019422876584,1
3671,0.3362750873348258,0.601807291395346,1.5658152633889595,1
3672,0.6899424898553006,0.34910657377835647,4.805820259561374,0
3673,0.537014343262072,0.5973083569575838,5.541852756240905,1
3674,0.7478187337774689,0.4381464701950355,4.9461917149887284,0
3675,0.6064733294365086,0.6105275291103753,6.215716347739533,1
3676,0.368616956074875,0.3664995258445305,3.550985290774944,1
3677,0.4693339860431876,0.7425452205559806,1.334463725760645,1
3678,0.5369004299496729,0.5387629167554603,5.012104144085018,1
3679,0.2949154420516301,0.37276961912183687,2.7847936922700876,0
3680,0.27484296615034026,0.44234644437968434,4.713074536092378,1
3681,0.26296830673217564,0.45751194460478345,2.3775186085522915,1
3682,0.5774827332932959,0.6642185020990028,2.9898169561437635,1
3683,0.5016805338875765,0.31077386190592615,3.3966946150552397,1
3684,0.32956158472749225,0.41903834175497057,2.288684521676448,1
3685,0.38308815071932933,0.46415315227982673,5.348679744940929,1
3686,0.581254407535682,0.6393033851648895,0.5654057272740954,1
3687,0.6781379781147651,0.44917329014337914,5.503062377245898,1
3688,0.7981545407210682,0.01869486156656838,5.366416804753609,0
3689,0.3872452505754883,0.6978389995297992,2.737209588093187,0
3690,0.4222349636785186,0.3928298296756746,4.539567339181815,1
3691,0.4218695182639543,0.37170622604355436,4.3899213771377825,1
3692,0.45267938277916087,0.7378536159278235,1.6371879067140636,0
3693,0.6414470315567389,0.6816196754228455,2.6422350241598793,1
3694,0.5484899673569308,0.28992845755520646,5.83608966221328,1
3695,0.43179007558580773,0.5031721680005783,2.0622096444562668,1
3696,0.720991486753056,0.5373007268563319,6.265531782662492,0
3697,0.24430101717392408,0.4746091703769919,2.7664125143474663,0
3698,0.35743200049136026,0.5678931747045288,0.7782409441611542,1
3699,0.2596352823951442,0.5112005584926377,4.451745324704662,1
3700,0.27881839685723064,0.45756003944866164,4.494462798225092,1
3701,0.5889591698305379,0.7115723163152663,1.644154197471174,0
3702,0.3737390411249154,0.33697852122213945,2.9764395702697564,1
3703,0.34684142168020465,0.6983553800040374,3.143111391528123,0
3704,0.5487050115511365,0.6100131848142638,3.927902057390184,1
3705,0.5406320137665075,0.6014831291406925,1.7037864047165399,1
3706,0.7111207828353171,0.5655977943864006,1.6436321427723346,1
3707,0.3431593293763884,0.4826648491001241,2.9582955117602463,1
3708,0.5864213707984858,0.4040151908828378,5.214384588041581,1
3709,0.43049008140929096,0.6509270706692178,2.1525105292084863,0
3710,0.5365549190804774,0.7053580545946664,1.4085563267206789,0
3711,0.6761601684817128,0.4849691351562277,3.055901494345664,1
3712,0.359523490455397,0.5923084475296534,5.40562180149995,1
3713,0.6968703025741056,0.6197082248826855,0.014685743972925103,0
3714,0.47709497960536834,0.514625550441682,2.114998721075428,1
3715,0.5309128513142861,0.25532078268161823,5.651590534131149,0
3716,0.6252816874353843,0.34602096703537427,5.292457965479743,0
3717,0.31839701887653454,0.4342557495057448,4.293551648258217,1
3718,0.4072824021876407,0.3639326928203235,6.013166244472433,1
3719,0.3802734001443876,0.5551211850350601,4.019962447532326,1
3720,0.3248889226695361,0.5174812001407876,5.68573063691881,1
3721,0.3535578889395641,0.3780332005012992,1.9738575624816819,1
3722,0.7020493514554412,0.6156945934095508,1.8001763371529629,1
3723,0.5394618761602828,0.5892921805998883,3.626413906713023,1
3724,0.3160929075087078,0.6526237073314982,3.5407051161363463,1
3725,0.4092893673619531,0.3534778022865594,0.38835127170567885,1
3726,0.6037784307702553,0.6272804269354528,5.121139164367834,1
3727,0.43725492459861526,0.4163246251517124,0.15836609373390048,1
3728,0.5857492669161273,0.46096072195673077,2.4782907547059483,1
3729,0.353703819916486,0.6308875015106449,3.538024102890883,1
3730,0.3661183922649178,0.41205116322894914,2.6871677193322165,1
3731,0.6589714856789451,0.3205809555282427,4.7200761637392645,0
3732,0.38904723763816385,0.5152886990462819,5.355316790226207,1
3733,0.3594891391664782,0.5635097740871686,5.585232307057559,1
3734,0.4267708014105013,0.7429115858856398,3.0090669189909383,0
3735,0.6014051985411397,0.4748036775495192,6.188776627124806,1
3736,0.5838553533502503,0.28425113711928796,3.310436820396137,1
3737,0.292838516908222,0.5098875307627461,5.216870570985099,1
3738,0.35780482925905077,0.3626826589505317,3.599528139826277,1
3739,0.3822119765030511,0.664731424325848,2.360748756831414,0
3740,0.09257509994357932,0.882459518368022,4.908274709838471,0
3741,0.738040579810953,0.479021566059449,5.650057016162669,0
3742,0.6052572302019326,0.5408924938015771,3.6396739637158544,1
3743,0.4720782375852829,0.31207751549898766,3.250506173413736,1
3744,0.5401646561045755,0.4880728248515685,6.248633687806674,1
3745,0.6594940099526746,0.5987535044804191,0.6441446601862707,0
3746,0.32411199608589103,0.5525415030270646,2.728397988435085,0
3747,0.689824125400131,0.5859400767511481,0.44677538677944995,0
3748,0.30409683367554796,0.3571263931914119,4.826789363668934,0
3749,0.3534053308341068,0.49977654551196016,4.55419900609447,1
3750,0.502090163037882,0.28627832898675737,3.7563444107868165,1
3751,0.7076708920191649,0.6197790662178597,0.8088709371028843,0
3752,0.33388108925686855,0.4147514333185309,3.1329430409222474,1
3753,0.5165570126610958,0.27522052101328714,1.0882302305441962,1
3754,0.5856244564557367,0.38774130289425063,0.08707804719864252,1
3755,0.30799191974725687,0.5684333692376704,3.6942967913395792,1
3756,0.7094233654800263,0.6248373353889523,0.6952365850349165,0
3757,0.7299603916222983,0.4528425134519931,6.2241618673490855,0
3758,0.6968177812272506,0.5089490408363806,2.505527322770116,1
3759,0.3585853084190429,0.5329674333469941,4.177219095042244,1
3760,0.3644653330757893,0.39723715973708384,0.15425508071251492,1
3761,0.7086399354742817,0.3334767969646084,6.110301795487829,0
3762,0.37440448586177755,0.31170530982510314,2.2047895335858376,1
3763,0.7585090219111547,0.48510572765541576,1.1202714838645988,0
3764,0.36153146417149307,0.6227205866731669,4.772788605854406,1
3765,0.6325884643408365,0.6566214797939414,2.6326973680694232,1
3766,0.6728558400256551,0.5221145130910005,3.652064204843769,1
3767,0.9438010250694876,0.04935284931265555,4.3050823197107775,0
3768,0.44500634162582103,0.5740851923898502,2.784911674658425,1
3769,0.6264364770666373,0.40401465921685126,5.357312266532604,1
3770,0.021182269561183947,0.06717545854722666,2.9910988473528155,0
3771,0.40024158560525097,0.5118303001031667,0.4594508705767252,1
3772,0.6856768163949449,0.6420532512770453,5.117127673568393,1
3773,0.6262136154811496,0.6019346293151548,3.1777521922539207,1
3774,0.5244673935971391,0.25379534012741345,4.702925631795419,0
3775,0.3810637882306269,0.6394413138896429,4.102389043936806,1
3776,0.4384510341073941,0.712808995105359,3.338199291274714,1
3777,0.15786944750717297,0.9767438484210076,1.828718027907254,0
3778,0.58537985190636,0.48754206802882083,3.8958248013753316,1
3779,0.7632787055910558,0.48647378015878723,5.278998039877883,0
3780,0.4574009974872473,0.7324998542276621,0.38635016549225915,1
3781,0.44247150704259103,0.5952751359607377,0.8925794222875639,1
3782,0.6824177389105334,0.6053225551697732,2.859386698362713,1
3783,0.405660990817775,0.3480857561599032,0.29671283335532417,1
3784,0.99253752674767,0.9064125739261459,0.45227464401250306,0
3785,0.395930545496593,0.3553278098251507,4.016225086949513,0
3786,0.49129248965979616,0.7411308068335182,1.457520761610614,0
3787,0.5106228872192948,0.7450129686348961,2.7217755618405763,0
3788,0.3923325955208976,0.30545631692510816,2.192980564037744,1
3789,0.7591567348679985,0.5353620783756641,5.123968322356278,0
3790,0.4256777382519239,0.6934830883226312,2.4227460247971675,0
3791,0.4571806880338723,0.3268231599505274,2.4754264886264323,1
3792,0.28869657619833694,0.5135626119433189,3.774312095839153,1
3793,0.38666412375705683,0.32311026374901836,3.973131698544978,0
3794,0.6177520314214967,0.6667778231663225,1.61362413492546,1
3795,0.6082112747728292,0.275560296746282,5.826340811455032,0
3796,0.5719120288458376,0.6271376757293544,3.5804341676300955,1
3797,0.41850219542707134,0.6891073502600011,4.738175396060576,1
3798,0.45345609770385054,0.3014209148643435,4.42765077684854,0
3799,0.5771475919399173,0.4495585371640741,4.5607516844632885,1
3800,0.40252677142413673,0.5966087756898361,5.490920547970284,1
3801,0.6716085394349388,0.6401526038209915,2.7225307291314595,1
3802,0.6465846240693546,0.4925866572424005,1.7192124403770515,1
3803,0.3619158762113144,0.34375029917848954,3.6430688724131293,0
3804,0.41427475001076597,0.6414050444801181,2.5282160052062412,1
3805,0.23755588354258877,0.49923873967450166,1.5494863487295862,1
3806,0.634360855612832,0.5387358686528929,0.028702258725965102,1
3807,0.37995506161706877,0.36567777235368965,2.282037588295063,1
3808,0.5166731841342428,0.3048727606512408,4.752296494284151,0
3809,0.7251606248426963,0.46461851011836824,6.275604669040678,0
3810,0.3641888353726442,0.3759047418018987,6.236695586578524,1
3811,0.33625118115921887,0.4617987217484854,5.736103774453756,1
3812,0.6176559009597206,0.30441957557011967,0.6879675135761623,1
3813,0.4033969271886356,0.30272162762790533,3.624558531465692,0
3814,0.7424755038586325,0.4647387084620306,0.483471632047352,0
3815,0.7312691418096555,0.4526794168837809,0.3850776183787443,0
3816,0.7163967473291987,0.5261981161614345,1.0503465755071646,1
3817,0.6868556861585591,0.3575034031133134,4.845208744898271,0
3818,0.5231043824650701,0.3632409191346772,5.426511370819982,1
3819,0.6634602364916872,0.6004150588545843,5.875179170568327,1
3820,0.3714033501068661,0.5175618316024071,1.7444854147805517,1
3821,0.6218446497815399,0.4137968854589363,2.200182528622242,1
3822,0.48465494261777914,0.2993153072363178,0.9198931743991822,1
3823,0.30045191669253574,0.44724898586780054,0.06395578597522622,1
3824,0.5532421938382219,0.3169927113086062,5.30966220154073,1
3825,0.683398345492076,0.4145634967776865,6.082617028835523,0
3826,0.6662573227840998,0.36016677053672724,0.4337854795140282,1
3827,0.48446119583777225,0.5581587647390107,5.6832707401774964,1
3828,0.6206198047650349,0.6924873251118977,1.0965209330289019,0
3829,0.48759259049980136,0.2814642239840247,5.191075979886863,0
3830,0.688593401624427,0.4705791716804293,0.8064536784566849,1
3831,0.7150437171842519,0.406477426362171,0.03947217670242374,0
3832,0.6471937539471937,0.6561742694816339,2.4315760992130717,1
3833,0.240468699569429,0.5808659342771154,1.1175484519152408,1
3834,0.6260281136344712,0.6252973531786072,0.5677491292922318,0
3835,0.7312234350361277,0.5791513142697756,4.548056130972517,1
3836,0.48143163034924896,0.3023332353670044,0.19255075412470482,1
3837,0.7110614366337951,0.3912298838872163,3.5911359456818537,1
3838,0.704885900437885,0.5690274245395799,0.17968000677580911,0
3839,0.519345201000819,0.6017478241787857,5.825011658858593,1
3840,0.43050354070091373,0.2741721315733048,3.6248971164065837,0
3841,0.4397697530904933,0.7394280544203585,1.7096227618595605,0
3842,0.42783053516701613,0.5520388154538804,3.918614752772601,1
3843,0.5095003935274212,0.5117897546569428,5.820245840290673,1
3844,0.34189256217725433,0.6145166481012362,4.5005682873092425,1
3845,0.4559117871179235,0.3258956466367758,2.832116970746523,1
3846,0.6871608282657132,0.5704875052680731,2.8998894908083734,1
3847,0.39970693152754716,0.49555451777890563,3.809207871512781,1
3848,0.4784649016300346,0.2720388809359044,3.53804952611596,1
3849,0.4437111761297418,0.29419729663509553,5.624225915821269,1
3850,0.31724350318555894,0.5075117181813097,0.535504484799254,1
3851,0.39226145216329633,0.29300778484433815,4.17792881952008,0
3852,0.30643746681739703,0.3333878525480786,3.138205567895822,0
3853,0.2486749981390301,0.43409918406984077,3.8771878935243023,0
3854,0.33125459384960515,0.36283733946225877,5.553757653773566,1
3855,0.32367951743953394,0.3263971092344408,0.5056141480694014,1
3856,0.49249753868136875,0.6217933266193874,5.346659953093306,1
3857,0.20026555874758775,0.97658337992285,0.42311975315858075,0
3858,0.5437382366507334,0.4037733281552654,1.9045143496790449,1
3859,0.5073720597236601,0.4463204400254355,3.3443033202455745,1
3860,0.5134399215969417,0.4173734165207506,1.3834645758478918,1
3861,0.284334917960005,0.5327217431771857,3.4249504253014638,0
3862,0.6347990173568322,0.6588947740396651,6.0492739717090975,1
3863,0.6469430550327571,0.4121887624197704,1.720672160402086,1
3864,0.6407096865769951,0.6870286735463527,0.5577379178598066,0
3865,0.45534135206648924,0.5332965886468753,0.9688547763552051,1
3866,0.5079299629113255,0.3159380466665991,1.621093938138067,1
3867,0.35988660236920467,0.6994975871060062,2.008856752147071,0
3868,0.4563267715817835,0.2978127720028686,0.34744178094554745,1
3869,0.455268642255207,0.5479960825785096,5.1158765547464835,1
3870,0.24991670008039535,0.48851635771004975,1.773442689343514,1
3871,0.5335865943928274,0.5732618921416248,3.960227100467413,1
3872,0.3759973462478993,0.4226952874833047,4.1787185354201215,1
3873,0.6542193456338105,0.6447471356612064,1.8284555274244765,1
3874,0.5276076072296161,0.6958543072897462,1.3371637507579128,0
3875,0.577019833715027,0.4407209972647062,0.583160171755617,1
3876,0.3899468319485675,0.6309916945871653,0.5554354077085628,1
3877,0.2496002286919423,0.5237140004175627,3.2404010288506204,0
3878,0.5719128478508467,0.721529327792587,1.5781346916399517,0
3879,0.051905726544044954,0.950348315929965,2.0421562278037984,0
3880,0.55904452955446,0.2648915519616474,3.5161820841766533,1
3881,0.6839025630932467,0.46961524583867686,6.161940673287649,0
3882,0.6299802664787849,0.5700357906086019,3.5929810565234757,1
3883,0.25990271474027127,0.518548358239019,0.9233011052191449,1
3884,0.72257728770477,0.5728051046367132,0.08619144866945921,0
3885,0.283490141158893,0.6017336247694772,1.8397440698100622,0
3886,0.5551209271677341,0.4988520052699774,0.7266515299672436,1
3887,0.5495119702447816,0.6796280469953999,3.5290863101680827,1
3888,0.5191741449374025,0.3582557637004521,0.390351746597923,1
3889,0.27143047275223153,0.5199718677196451,1.5592704522647653,1
3890,0.3207653581045046,0.5046426801232837,2.891331142352825,1
3891,0.5112548834537636,0.526120961522138,3.3938516383800965,1
3892,0.6236346214936297,0.6593672597944229,5.632792393834602,1
3893,0.3724188302558963,0.7118647818415349,2.1644100829666013,0
3894,0.14786746982120766,0.9602352923994741,4.241978823577254,0
3895,0.22513080532285035,0.5065814546800445,4.142795769272127,0
3896,0.9104306828738126,0.0207521705876229,0.03341752737497459,0
3897,0.4107861783096089,0.31474096408815894,5.243909906656384,1
3898,0.6914023459236593,0.2981484261762085,0.2092915341971355,0
3899,0.2742060219463962,0.49374023773995046,3.7985067171584146,0
3900,0.41382614478219115,0.5093025611975827,4.455643207860175,1
3901,0.2845923410433733,0.5796559608452445,2.301123568269644,0
3902,0.1387174665493036,0.045287714980722406,4.604156377664786,0
3903,0.588849836244877,0.587640896151774,0.736766041656985,1
3904,0.6404654562545246,0.3346332436540713,5.914173511589635,0
3905,0.47470728387416744,0.5299678099053514,1.3801360463305208,1
3906,0.26415947316597677,0.5273765965499772,3.569888811445758,0
3907,0.36994772551971083,0.3354546414074684,4.141134690850323,0
3908,0.6556380192515026,0.32842542918269757,5.5857163377348025,0
3909,0.6725124908689278,0.38324312854647385,5.4108561220482585,0
3910,0.7171129268035777,0.3923630372647638,0.8016332877767394,1
3911,0.4900799699053226,0.6476696021350774,0.2159953236404159,1
3912,0.3167591641683089,0.6298708963199915,1.9747913241531334,0
3913,0.4315601493904252,0.7239331763576256,1.0184798698031214,0
3914,0.7043855295064305,0.6056712888348401,0.47823862052718924,0
3915,0.6475417015470825,0.6658736972602742,3.75896111235666,1
3916,0.2756901372437627,0.40013948101938623,2.2022226429971887,1
3917,0.23644119491365387,0.47123414022085214,4.559527203250742,0
3918,0.3388503567339006,0.7122332417133888,4.348005490613381,1
3919,0.6407355484084241,0.47747679337883653,1.8890558968611384,1
3920,0.6194042857268751,0.6839819351697188,2.231288093909083,1
3921,0.29385993369860003,0.6072380992154723,3.370586197291926,0
3922,0.7289715909699767,0.4149985794108473,5.6960197072253544,0
3923,0.2693172299384479,0.4550525290211636,4.423242594499041,1
3924,0.05222571478908059,0.05932486888192889,3.632638681671778,0
3925,0.5070071045806787,0.3366486495219123,2.5511927488857338,1
3926,0.7161127059649935,0.5668712890239916,0.8176600608132807,0
3927,0.35549765013026075,0.5965827621330154,0.13392933292327164,1
3928,0.24414458705343714,0.4737454330477307,2.3719390842143047,0
3929,0.5806431387074871,0.4823225644066228,5.118009909092487,1
3930,0.4746932139287275,0.2900014313638283,5.348356954094743,0
3931,0.5402679801733892,0.6211195949801588,3.5094320715327267,1
3932,0.6036940747588114,0.6875293873544817,0.8326142545386557,0
3933,0.6053183358488083,0.3119897588136564,3.984223757540902,1
3934,0.5942015114358278,0.7060866855916951,0.3741359645536687,0
3935,0.2928579347621494,0.364265696278323,4.997929674405295,1
3936,0.5096254433313256,0.3772239138314103,2.771493301026962,1
3937,0.590816870597046,0.5805743005729794,0.22225657234114832,1
3938,0.34527387526662656,0.6123803398228345,1.739417556661472,1
3939,0.3056556947492773,0.3633812968141338,4.772242932354643,1
3940,0.2816741018960746,0.5383281345713574,4.811994953381608,1
3941,0.5293642329993634,0.40505892306824653,2.4472404396666745,1
3942,0.45955875155850895,0.34961115898948864,2.0367839710823623,1
3943,0.4174345426904322,0.39971823714530785,1.7617590308100641,1
3944,0.6270212800313879,0.5750327213338221,0.9034006025092799,1
3945,0.297830700272165,0.5221576975219034,5.031187240100474,1
3946,0.4425331973201973,0.7260638339524786,0.4541717377936774,1
3947,0.7286628106536785,0.4476168043035258,4.03727539664843,1
3948,0.7100504599536716,0.36647915639389367,5.274792348501203,0
3949,0.6993497549879428,0.4113468778531473,2.0584761677845607,1
3950,0.6162029393223613,0.29330940903941644,3.3509170715750947,1
3951,0.6398530100783748,0.3930459011267494,0.7984848339262776,1
3952,0.27570525790540107,0.4988565429356389,5.858455003349121,1
3953,0.5365059348059963,0.6944913306558446,2.05192533605598,0
3954,0.5118717254708919,0.5127870636970667,2.1537459651394446,1
3955,0.3608879857339174,0.6086464692245738,4.635637224875276,1
3956,0.6613477666735212,0.6578247365275326,1.1411786956762282,0
3957,0.30706967017021225,0.5285329349693378,3.7792738414870386,1
3958,0.2919928088890352,0.6033552496937848,2.7566115739147703,0
3959,0.3062244153698892,0.6792878790725205,2.6620021365928546,0
3960,0.4692302579424238,0.5454119408522703,3.8087253195284734,1
3961,0.46293676781944515,0.7186980302492805,1.463136250779557,0
3962,0.4683505946245386,0.25257342389725995,6.04645967994167,1
3963,0.465765347591486,0.2673575887047053,2.6787028449756267,1
3964,0.4947367425076587,0.6490705490878284,4.302189344201955,1
3965,0.2609936758781737,0.5897424979008888,1.75816764892175,0
3966,0.7229059250953294,0.6030430714337829,5.403059704270419,1
3967,0.7131287128269391,0.5815853605500146,2.826085405178418,1
3968,0.5136400019853141,0.3298687021714306,5.5323421286848475,1
3969,0.42989836212773386,0.3076487698260714,3.389589057592882,1
3970,0.4133233471088243,0.5954678267926363,5.407082025440781,1
3971,0.27831510432915707,0.48649298738225155,1.9674385026720984,1
3972,0.39209201382595016,0.2910354066168238,3.4835880497164378,0
3973,0.37447403401285073,0.7040321666249645,2.8666188157432275,0
3974,0.5081404057710264,0.5640949396125691,4.189573259126043,1
3975,0.5518292030884333,0.3064781433374603,1.5623288057168803,1
3976,0.5022561858585214,0.25979327454621187,3.9411270501439843,0
3977,0.4873924463362404,0.7242212685505511,0.6862237305514041,0
3978,0.45344285916663934,0.2675164245654008,5.079214106306204,0
3979,0.6715997400578341,0.5161317275627099,1.4802024189884713,1
3980,0.3158279718311715,0.6244551765521138,2.4835202794878004,0
3981,0.27618605959775866,0.35905176752941753,5.303670770690077,1
3982,0.5496102741081658,0.2856042839902847,4.639851731161914,0
3983,0.25906922707502317,0.5049332731546963,4.626378532063884,1
3984,0.46782194268551125,0.26288584890878275,3.5921630529654145,0
3985,0.5874505723672735,0.6518120915074085,0.4853276488873995,1
3986,0.4211193489143075,0.728099823927883,0.7585887395900837,0
3987,0.6981156345532572,0.39566791011139685,5.707982242665485,0
3988,0.726146107304259,0.4374325991079423,5.265342446115731,0
3989,0.6963326331242575,0.5078031045331781,4.4125604894672,1
3990,0.7034342660750931,0.3626930903816444,5.61727319965734,0
3991,0.7388441973780749,0.49001680842445267,0.3423966193620169,0
3992,0.977951607432058,0.8516867040443797,4.111415463961328,0
3993,0.41604429506904855,0.7357373709532141,1.4506496188470936,0
3994,0.68387380452295,0.3574695572798704,4.238527903446679,1
3995,0.6083769229194307,0.6756169707980069,2.793266283668337,1
3996,0.541003468962878,0.5749607539536933,0.6485498398530941,1
3997,0.583257805657243,0.5750162234071982,1.5156322450293622,1
3998,0.37929309264355954,0.5898113969926482,0.2634606933616502,1
3999,0.5230135693329508,0.5482395505717285,3.5728461308890327,1
4000,0.2839768748047951,0.58844599808838,2.9838677366772233,0
4001,0.45352892755546903,0.4423086797797571,1.5693382447077073,1
4002,0.4851780081421883,0.47991539066583566,4.3840087383030015,1
4003,0.6702450239694191,0.6228592779522752,1.2520841970667438,0
4004,0.48499594692187226,0.3545567481441914,5.687610958436767,1
4005,0.6311028367060667,0.6213086036245435,4.8873268086960024,1
4006,0.6777294505550769,0.3693272002781681,3.8890102386278125,1
4007,0.6300466463230865,0.6283979337503471,1.6273086897258848,1
4008,0.5714434146015479,0.3225207913593457,2.4513802145706163,1
4009,0.27818339450877844,0.46931387360703997,2.979377228061807,0
4010,0.3565711390034402,0.6821014593692599,2.4907283218749483,0
4011,0.5461454755408994,0.4013077869685928,1.5167992817823732,1
4012,0.0411200510515855,0.1399432681654862,2.9157503896863837,0
4013,0.33747500475902525,0.5777854915839025,2.8512853611126876,1
4014,0.6643307636043466,0.5520291639870643,5.11566330624267,1
4015,0.2724355523598814,0.49818071766259214,3.07857499770972,0
4016,0.4591835917557654,0.6021674258619558,3.1416382107642757,1
4017,0.27810414195586114,0.5149962117069742,3.185110119810809,0
4018,0.5513384817191157,0.32213082964765755,6.21154410235475,1
4019,0.597860471666476,0.6535329909030663,1.2329882559203775,1
4020,0.4553391705229458,0.31378189694512665,5.257143817605953,1
4021,0.48267599816864754,0.6659870813338731,2.9553802195285366,1
4022,0.6245281026895511,0.6920891481762871,2.3877647857881774,1
4023,0.5296839047510133,0.7167053215268175,0.4774058380192133,1
4024,0.6058038585813941,0.6442663975197308,4.673153954735759,1
4025,0.5482563261360529,0.31909721653273937,4.831789052396634,0
4026,0.40864440106267924,0.4213302511006956,2.959609544691359,1
4027,0.3558238445325584,0.6868643773004491,3.3781774506295013,1
4028,0.6501775476909067,0.3992881196513376,4.992200318815804,1
4029,0.3232329028846611,0.4665015389471791,2.846197380812335,1
4030,0.26194868223857165,0.4212265899866821,4.080066891490743,0
4031,0.3820272494918671,0.293277622645195,3.3429506337094104,0
4032,0.9049741835404539,0.9769620182174175,4.655559869154865,0
4033,0.32969903872240464,0.6838725233180485,3.414802104624232,0
4034,0.6083018086581049,0.31414259887632434,5.350863599276681,0
4035,0.46425809131610074,0.711547164542789,2.117831519367558,0
4036,0.6183647200884484,0.6184510507648833,1.6665682227931866,1
4037,0.40448592034668784,0.7154394041123391,0.42427711554230885,1
4038,0.6143148663232741,0.2648198138861151,2.6978949812905335,1
4039,0.36849576892827424,0.31885105756813503,4.01115706752314,0
4040,0.2733877662100728,0.4671631522670942,5.391874436727803,1
4041,0.6304254418567933,0.6757044638466752,1.801782237706121,0
4042,0.3728432148937268,0.6829922200969518,1.6183665645644938,0
4043,0.26061733534486803,0.4615239359540396,4.067013177727745,0
4044,0.41874365643590067,0.31290892562965583,3.894966281151381,0
4045,0.9478161640019004,0.04829765283809563,1.1723794803743497,0
4046,0.4140408334648944,0.39294587677468357,1.8999343484304236,1
4047,0.46029621246099484,0.5123600682219677,5.81604392998334,1
4048,0.6099023485027665,0.3249799789221943,5.490771551838488,0
4049,0.3006758127903672,0.4084089021439378,2.6268162565083375,1
4050,0.3770766793967653,0.6734241181549635,3.8334460784931292,1
4051,0.4175232896291829,0.2795347999255097,3.4577158141958884,1
4052,0.030941968949196288,0.8846487787065113,3.5522986552755618,0
4053,0.39980052151738965,0.4115914039086456,1.7509768056591786,1
4054,0.4109714228518789,0.6745059724877971,1.2973886243681627,0
4055,0.3806658225558044,0.3870461926287937,3.6647532062656043,1
4056,0.30593896402293386,0.32333244653236637,4.698206335860162,0
4057,0.35096952349539456,0.3648913732015939,1.6999013567782817,1
4058,0.3048655376757107,0.5598844922088295,4.9499676417219725,1
4059,0.6196625407794284,0.48954582801841634,0.4762547731153416,1
4060,0.41211753190008593,0.4398914597250916,2.649682274603872,1
4061,0.5169106338205529,0.3041342913744015,5.044063973463104,1
4062,0.6131059580259927,0.7020689648944205,2.1997836198425467,0
4063,0.4240730926458921,0.3246186054294019,4.5024593381635425,0
4064,0.4852428709926873,0.2737907643364759,4.696432393420714,0
4065,0.5923221464983144,0.26847173069486224,1.2108438564707638,1
4066,0.43839314990218653,0.2706353534326237,6.166067582436111,1
4067,0.31820465689817673,0.6167479216637607,1.939010881926535,1
4068,0.5249812461854234,0.6632154250871641,0.7160524137557123,1
4069,0.5984152386867031,0.33043312418857834,3.346027947751712,1
4070,0.33675402242047375,0.6990258506926124,0.9807864080766543,0
4071,0.37113950110113614,0.7094019420645088,0.9842270046869167,1
4072,0.7032064730102529,0.3524506366386895,6.1368475451753595,0
4073,0.30436689830274755,0.45589293651160717,3.3948762709271447,0
4074,0.5285553413085715,0.5838158997823248,5.583322525829539,1
4075,0.5537634917639619,0.2894240296964003,5.773628146513072,0
4076,0.5781177237446314,0.352030339314082,3.43819018717333,1
4077,0.5407546207430065,0.3773828408654217,0.6791884898120651,1
4078,0.32939204965255425,0.6089936698236799,3.249222725897313,1
4079,0.4931381039925552,0.7520269855288264,0.22825419370807393,0
4080,0.5815998235184872,0.4081846340833362,0.5942305534349889,1
4081,0.262751927119402,0.47471037948110273,2.1826476134385664,1
4082,0.30709446904575494,0.49563454190042905,4.690397161445693,1
4083,0.6746637751034549,0.5329251767291014,2.114512243190407,1
4084,0.6053667704893126,0.2903932595200342,5.244354359707268,0
4085,0.4308282067320072,0.4003925140964989,4.786913922450896,1
4086,0.48311103133522865,0.7482758720897126,2.8790457985919784,0
4087,0.41473607696599574,0.43306810863415984,1.469497519271012,1
4088,0.850012391791495,0.06613870967957301,3.3067569556005676,0
4089,0.5052236648573014,0.36989293432534764,3.326370206811252,1
4090,0.608591868060899,0.670419010923087,5.984811985901512,1
4091,0.42677466756266125,0.6749942938726826,3.2826832097993544,1
4092,0.7434638342458251,0.5733347151524122,0.9853140219032402,0
4093,0.4702946246008885,0.35877203657844775,1.0425889496622094,1
4094,0.4957251094607541,0.2847711129349673,2.340603171263136,1
4095,0.334294287319935,0.6700358905636483,3.131795893864992,0
4096,0.9117361360227448,0.9016861764216636,3.5925023687950377,0
4097,0.7110434921829838,0.4293770712596439,5.706580487554574,0
4098,0.42439546102353265,0.2715220511154895,3.9223014992410574,0
4099,0.32178532711538615,0.4038913713656976,1.4914060818215529,1
4100,0.6209003443705687,0.32903557564178665,5.543676091258794,0
4101,0.6028461623864756,0.35985605217725414,5.198541800833662,1
4102,0.29556214602915615,0.5194046780783301,1.0665305758400256,1
4103,0.6004222635216021,0.3344060491584431,2.2964431043941618,1
4104,0.615894556747237,0.5829940585692613,5.57237430104242,1
4105,0.49047921275974193,0.3246800301168973,1.591939525795385,1
4106,0.30564778404133147,0.3644579925617388,5.047692085677647,1
4107,0.3898786470722832,0.6599942554004671,0.8219435988794801,1
4108,0.5799338745038041,0.6711324653371433,1.5654595061021255,0
4109,0.7039456110436435,0.3685495680027178,5.097993687601675,0
4110,0.6676997241389492,0.3359164468793531,3.1532775113794966,1
4111,0.4289987705634375,0.5638783342625461,1.6525719616428007,1
4112,0.4559801887712949,0.5428133547714861,3.132684481323077,1
4113,0.04866957530998193,0.8171208774470993,2.1999250401645285,0
4114,0.6581434681340058,0.3283013545387116,3.4238896596164587,1
4115,0.6540994542291049,0.30859439024053675,4.2881571695823455,0
4116,0.3222518025611251,0.35579256695248346,5.511422599515655,1
4117,0.5892230053528508,0.5754763404860718,4.4334874546864365,1
4118,0.6407628187130597,0.3276367961670794,4.617603436520884,0
4119,0.45124714515565467,0.5834921414809339,5.233491873437503,1
4120,0.372529118760374,0.320240283769501,4.49146743244027,0
4121,0.3182399564687456,0.372917564880985,4.433790323637202,0
4122,0.5020905157340831,0.5233155070413651,3.798506878337837,1
4123,0.225567061233092,0.44266715345011365,2.4535069799911384,0
4124,0.7119503669849097,0.4120977204157225,4.173692756089667,1
4125,0.5440475452677743,0.31951303580000207,2.5536245937830158,1
4126,0.6401974509643221,0.495554152343792,2.1208025216162447,1
4127,0.2993474739755561,0.5295972492219411,3.552010791836738,1
4128,0.32888267934515636,0.6524224975768592,3.756332786337271,1
4129,0.7618382648199387,0.5186666811025618,5.297206324226226,0
4130,0.4607012234851339,0.6663044671308537,3.3056395431780663,1
4131,0.7441882837887418,0.43985208255308106,4.756507797995174,1
4132,0.9454008709926157,0.009107957239413822,3.077762089177755,0
4133,0.35062852313142073,0.5930888587310293,2.102564458897236,0
4134,0.443774903584586,0.7205429757334614,2.2886663755790506,0
4135,0.275292137424346,0.3854224360555679,2.420654119108417,1
4136,0.8117681798538685,0.019438342659699494,2.655154743730049,0
4137,0.5860308525486864,0.7239717138742934,2.7644313469071373,1
4138,0.6163483810330707,0.3792441444056194,2.89508942028437,1
4139,0.49092748634730937,0.5365822768293504,0.44996331182295934,1
4140,0.5227790106579139,0.7394713460208798,1.946987947761218,0
4141,0.26769540132124964,0.48480508070428974,1.7499035789552744,1
4142,0.6550120242354973,0.5556562928419059,1.065504189676233,1
4143,0.6941934454435593,0.4968463009702003,4.513088931970731,1
4144,0.49225469677901196,0.4872457882404678,2.9927939104912826,1
4145,0.5811825393285531,0.4653786579341509,1.6746554628215815,1
4146,0.5097326260029359,0.32398148378548647,4.517796130733554,0
4147,0.674006124620926,0.6163889734139995,1.0123374339193483,0
4148,0.6952678130198431,0.540915819478044,1.2092127101252592,1
4149,0.3840697108347918,0.3699845871987,0.989594713982626,1
4150,0.32019599803286714,0.6157891333390924,2.275679704445108,0
4151,0.628205428978993,0.5945669816165032,3.0613863788772546,1
4152,0.23733568528183882,0.5926510875246633,3.9419078077014236,0
4153,0.4479390881331597,0.7166253435319199,1.937114598902162,0
4154,0.30401601302113423,0.5179102544929676,3.486642855268696,1
4155,0.03520011123677939,0.9476417231173905,0.780965105778872,0
4156,0.030290020902784473,0.9025598474326126,3.7844266482768742,0
4157,0.324314313529945,0.4163035238220295,1.5943578801464076,1
4158,0.45623126277207504,0.6156404088171213,4.988865020489109,1
4159,0.25134719052422316,0.504243851997921,4.576488860493794,1
4160,0.8867992119589826,0.9925971794851172,2.995693131308802,0
4161,0.4668439504771825,0.4340190274127291,4.281221659014034,1
4162,0.6106625245790246,0.3043100237685666,0.7351548833146196,1
4163,0.7087411946900559,0.5791204242652658,4.145735263984301,1
4164,0.5397486786339631,0.6759154376815095,0.6069512249898785,1
4165,0.3904001344197172,0.6140543758361713,0.3177702053195156,1
4166,0.7379468794439237,0.5430757687655862,6.25808692624469,0
4167,0.686514416645703,0.6221240961312835,4.913137725536956,1
4168,0.4190095416168426,0.26706944970670254,4.028112190484323,0
4169,0.4374076306525293,0.615166601333344,1.0416344077828703,1
4170,0.3679329421961355,0.7118735706394678,1.422481079760402,0
4171,0.36726687611868114,0.3932984678080113,1.1069955022150337,1
4172,0.6581833421685483,0.5250810479318732,5.7913066657472845,1
4173,0.2742936675268328,0.5588426412848423,1.507071671431942,1
4174,0.7245333533553096,0.6165095602575211,2.0936023301173865,1
4175,0.5610817401786483,0.5584043114966276,0.4094436613656094,1
4176,0.3140252285993267,0.36131462082362215,3.66309521235387,0
4177,0.41291580389407934,0.32926671752316294,2.4454805809058002,1
4178,0.388880601938054,0.26147181414544035,5.097433014504875,0
4179,0.42003077799560595,0.7255673401763554,2.023063987873739,0
4180,0.8567836685537085,0.9930200924854964,4.649553025669822,0
4181,0.2598758866128794,0.5285271079290474,4.410894640201865,1
4182,0.7459997178283528,0.5071045187075113,0.2931358345175884,0
4183,0.7271718641800068,0.5105620741132535,0.11837657158165815,0
4184,0.5128689249504458,0.5340536562168422,6.190583858836871,1
4185,0.7028326304488584,0.45402808085360735,1.786342347702534,1
4186,0.3518991459189817,0.3169130870635353,4.958428538960187,0
4187,0.400952205744056,0.30202809540467485,4.464086703346553,0
4188,0.44847325584002706,0.30290247358622474,1.0449363365159081,1
4189,0.40995817496511266,0.35402584151014566,2.2679087898823624,1
4190,0.3589799429655029,0.6895635957174274,4.508203453710364,1
4191,0.318127278543028,0.6796202892091369,3.472046692040112,0
4192,0.6064470260736318,0.5847914207906474,2.1323875404962673,1
4193,0.5778497778262935,0.6907228854640413,5.552672586894136,1
4194,0.6310745018510017,0.5208569188555542,1.6698395436471847,1
4195,0.6309816021568245,0.5103091758793288,3.87926817020428,1
4196,0.30032993121970747,0.5936859283081629,0.37564856988134876,1
4197,0.5887576022350897,0.463750826241578,1.7405481476444198,1
4198,0.5810783065564237,0.5928398786706175,2.85878724433217,1
4199,0.27495196820503925,0.557365234469048,1.583581620306935,1
4200,0.6281826315149912,0.3036647023827263,4.634650496625249,0
4201,0.5408940140504152,0.6314696383588838,5.612418249318027,1
4202,0.6888555335434724,0.38826096209537264,0.30883472869666695,1
4203,0.5242350135133276,0.5872712050121495,2.890057113051964,1
4204,0.4352518397870017,0.29879088035713425,5.91895329002427,1
4205,0.5572957925068239,0.46815523631318756,5.4949362206101995,1
4206,0.8555492906792735,0.9762821693498444,1.6049721671536705,0
4207,0.47389224364386917,0.6662375134638048,5.484355958619058,1
4208,0.37495897069226564,0.7103068011742618,0.9616750199610696,0
4209,0.6971922899816803,0.5118617010752817,3.9452994580794685,1
4210,0.6380162266512344,0.2990574580743409,1.6396516570403328,1
4211,0.6147999702309034,0.29256249340424184,0.5432195916644025,1
4212,0.30568991654739214,0.3730485667760838,0.07898061017063096,1
4213,0.49149026490110576,0.37349607059509576,0.2020836926035429,1
4214,0.5790622044172246,0.6983221726023348,0.37047832674914166,0
4215,0.5002218872552091,0.3009400638677179,4.128709407765349,0
4216,0.34788246815921636,0.33932717868660867,5.487302300446322,1
4217,0.6885031299189793,0.4334107007418422,3.2959691838307905,1
4218,0.7179003447648363,0.5213991214017346,4.9436096640743425,1
4219,0.509531119670762,0.2587856148274903,3.543035608736857,1
4220,0.301832246229491,0.3700545062437944,2.721494609611444,0
4221,0.31189638158719585,0.6362279782145591,1.8352067530745149,0
4222,0.2743495789774042,0.47414388363360577,4.1613490778814635,1
4223,0.40870300124732495,0.6378832066550103,3.9704864787334335,1
4224,0.6605448702056128,0.632059213070892,3.7210510145163185,1
4225,0.5015418310494018,0.5463137950711331,4.8903981581135945,1
4226,0.5941298192776487,0.6361900850478313,5.194228052245463,1
4227,0.6233079700291034,0.6075905913969366,0.6269197284563036,1
4228,0.48718016694898214,0.3151126739354481,4.62931153611967,0
4229,0.9220771212956355,0.9320069765985514,5.999534388125799,0
4230,0.39652899505298284,0.7142406176302194,3.1334313822604227,1
4231,0.4420377333413037,0.6771605324960901,2.9310394887608187,1
4232,0.5507528172161645,0.2922359096059458,3.393553234108371,1
4233,0.7399475254590351,0.5224854908668733,4.9663232243452375,1
4234,0.5955319598953109,0.6935137825239891,5.964045412964695,1
4235,0.35221828064003785,0.36944045119325564,4.334740314173282,0
4236,0.5289993933459838,0.6834391890090952,2.363308364919077,1
4237,0.6867369309756789,0.40694186847983566,1.261360413690823,1
4238,0.4636525327874944,0.2889672084600089,4.154329683367419,0
4239,0.4781895852345706,0.6335986509140253,0.4012956401849371,1
4240,0.6280804934842059,0.6671983608092525,1.1600986822016992,0
4241,0.2601129463557699,0.5389349698332743,1.770488050757704,1
4242,0.5849523120623912,0.2551812617883959,0.787521691816803,1
4243,0.602188135012982,0.41536284032215437,2.119205523947056,1
4244,0.9829475116169807,0.061773906445608186,4.283738543734597,0
4245,0.7115168663343487,0.581662830359249,0.637106130031626,0
4246,0.45489545194308645,0.40873371573660666,2.457845045623336,1
4247,0.36220118119380756,0.31131269247824417,4.24499705403334,0
4248,0.6595820944114184,0.3406258290204215,4.733896309303724,1
4249,0.6764559317551343,0.5950450040023083,2.102522868847233,1
4250,0.7133527929710294,0.23313149416032736,0.9047576894356637,1
4251,0.6755771462405203,0.4961495488901458,5.68184231286095,1
4252,0.44551774692114615,0.6126754530369228,0.30985192192891625,1
4253,0.31481626438279914,0.3860423733419792,3.3541704244001647,0
4254,0.42274555305663225,0.44178839233138206,1.6667498119532358,1
4255,0.461141423195424,0.5044995756398823,5.058869654170169,1
4256,0.71211952116321,0.5610786331402134,1.800350755732123,1
4257,0.7392156050337668,0.43157109360919543,6.202385828979155,0
4258,0.29240327242123304,0.37905140508247037,2.519880942746881,0
4259,0.6903541366207089,0.5388159203670787,2.994017595382775,1
4260,0.7124628061651478,0.5451180036060735,5.201561674528876,1
4261,0.6163393572535754,0.40567106788967394,2.5619901721149225,1
4262,0.4689844262157751,0.5635119290592898,2.049187229029687,1
4263,0.2653976229552406,0.5378082401342933,4.027485017931699,1
4264,0.3358201909822398,0.519955874934761,3.9779564981773348,1
4265,0.43187006637386577,0.5332108282318828,5.955737232047084,1
4266,0.6989940594718169,0.4686574978775311,3.255486121387877,1
4267,0.6248300252632791,0.27857961124589425,4.783839143410894,0
4268,0.6519526572278539,0.5668119566195315,1.5221002020085779,1
4269,0.5518940790776683,0.726674926654949,0.6689361935684571,1
4270,0.6008429383413314,0.38398691200001006,3.952859587694099,1
4271,0.41157926715484006,0.3875119005604708,1.2614030445789377,1
4272,0.45646475149418336,0.4767162898053101,6.279086489330979,1
4273,0.2876829020059125,0.36210530295419446,3.4143003386041793,0
4274,0.036753853821647545,0.9970392838343426,2.336084868471085,0
4275,0.6651988814932948,0.404368012812683,0.24914679795781255,1
4276,0.056098559406605,0.9389863738317569,2.4891622406591893,0
4277,0.39663154795924294,0.4506878159661773,3.149173398240445,1
4278,0.4531159618909724,0.6823817349834402,1.3255465121559478,0
4279,0.2800406804006485,0.40445140645685856,5.505032113617494,1
4280,0.2354346933936964,0.5237531282658398,0.6306074023359827,1
4281,0.07921494874724663,0.1419271151336598,3.745927163648045,0
4282,0.3485286939636857,0.4418877335361693,6.178642127610654,1
4283,0.5507861885430443,0.7261925432423308,2.788481393334711,1
4284,0.5645507533962707,0.2810606517713641,5.559807304041815,0
4285,0.5071363345448971,0.5542275306460539,4.102606133534329,1
4286,0.4642382039065426,0.2620178082053072,3.72304622364449,0
4287,0.482716370710348,0.42619024350845947,5.142741473589153,1
4288,0.7435748178961958,0.477735660878567,1.9255294134729803,1
4289,0.6009387149155095,0.6368296887017821,5.826969412768522,1
4290,0.7305984574575672,0.42250939391615394,5.419695302398738,0
4291,0.37996255293529524,0.3833377555288584,4.566321587390622,1
4292,0.5349400724949864,0.5017292217201398,5.563873806569477,1
4293,0.9796795770996906,0.09477280405472346,5.094639762075999,0
4294,0.3178476145461896,0.6791232574479584,3.658898925032833,1
4295,0.44247140332380863,0.6834228106537884,4.1093964279377015,1
4296,0.45885738227534817,0.38530003979640814,3.072680851022111,1
4297,0.614880931618332,0.6816819867144704,1.1430330116165075,0
4298,0.2680906725366625,0.5140065264554123,1.940578262020893,1
4299,0.46319581974386626,0.2684376854636593,0.6785640969594838,1
4300,0.6362441468849254,0.30485508676764356,4.994342349779945,0
4301,0.6969579955252309,0.5395326913601316,1.6887453739020737,1
4302,0.6570823551861237,0.352894671174978,0.944026378474806,1
4303,0.40277229230916917,0.48449585795290095,4.104259210699623,1
4304,0.2625058828880613,0.5611930784465156,1.7706685840965313,1
4305,0.5312049921439708,0.7287002274628883,5.1316550688487474,1
4306,0.5247196445619698,0.4413661748435689,4.4461089897324975,1
4307,0.47911813058364805,0.27570360101655544,3.3400275454197343,1
4308,0.6936256936471783,0.5019579547829056,0.7099579419486566,1
4309,0.2841168947724983,0.5512437773178233,3.0538258568667773,0
4310,0.24088558984991848,0.5266747839072257,2.3535519113222123,0
4311,0.32848172716254614,0.4740132048871903,3.6521430409919096,1
4312,0.62879677521831,0.7049129136466853,2.501814901080571,1
4313,0.6357247383458556,0.6970628814473733,1.7970292562117685,0
4314,0.36638125281216616,0.6787593017827256,5.811253181966688,1
4315,0.41002353262706803,0.599883985261124,0.7758938898303751,1
4316,0.3673020110320823,0.5645226852236359,3.5559106639281874,1
4317,0.324569059942018,0.390127102757886,5.172549225627873,1
4318,0.2514693638959975,0.5867898547671202,3.690930768439619,0
4319,0.29733176761802804,0.3850714869884843,4.467933133272871,0
4320,0.40466160038088084,0.6970155811881871,3.903287199890367,1
4321,0.7233703056082461,0.6019527124783429,1.6487702404423907,1
4322,0.7314319076612329,0.5472242815266736,5.790537425534749,0
4323,0.5950489159599895,0.2943476892943866,4.092230272565884,1
4324,0.5105520108596621,0.6214082153068428,5.580738646726786,1
4325,0.3921794690133056,0.458365378601244,5.2514949053899285,1
4326,0.26818649508210085,0.5911909407572705,1.855475154164841,0
4327,0.68569444515939,0.4815223073542862,5.226551017839959,1
4328,0.5649812887063653,0.646308854850127,0.15229919524681287,1
4329,0.1302130364139486,0.9187592540562949,3.15914838543022,0
4330,0.3122009621286154,0.6182723649514179,2.0632523364874573,0
4331,0.3047513040850455,0.3627049511469749,0.11740165906530918,1
4332,0.6758716717629266,0.6350159250160545,0.004371598539851078,1
4333,0.5526438470692818,0.7285575621546119,1.5868704197266075,0
4334,0.9500190012522538,0.9761940371485492,1.696585010140074,0
4335,0.5596391472523052,0.4364451951657504,6.132371083274245,1
4336,0.3196673509341009,0.49281067018109503,0.28557457387373114,1
4337,0.5746947119930639,0.3458878371625576,3.154504559441932,1
4338,0.09807454495172818,0.09542730370785506,5.19590750192869,0
4339,0.6521733303957398,0.34928532758373704,4.102758303642127,1
4340,0.4656716470295044,0.43167107091527196,2.554659116466045,1
4341,0.3588197965246774,0.6339938774714655,3.4128660107430573,1
4342,0.5353043633363672,0.6572804229141674,0.8924078879894402,0
4343,0.47285439921907746,0.45947614745817694,5.930179237681416,1
4344,0.4048636259556831,0.42275075045360816,2.8018061570794375,1
4345,0.4363469838350214,0.47170539944562123,1.4304017997616596,1
4346,0.4980312403193038,0.3722714638267703,2.217516648169856,1
4347,0.5171776792276841,0.2609306992022422,5.244603837734109,0
4348,0.40331153411264714,0.2553183491385473,3.7819881939430067,0
4349,0.3584719506379124,0.4233535893720279,2.7908976293455816,1
4350,0.32674957365992563,0.5859058870164308,5.6925826487931275,1
4351,0.6824216175172293,0.6259765979707277,1.7336711855737164,1
4352,0.6483294533943975,0.38695548132618546,0.16457040829408065,1
4353,0.6202775981945772,0.3324531449505509,1.5420301848834475,1
4354,0.3801614238514371,0.6019738623752509,2.733275656559767,1
4355,0.4967971120612299,0.6483720417491451,2.883925822434296,1
4356,0.5409526588811152,0.6311476192104476,1.562560417319881,1
4357,0.6588929477479846,0.3045201191729007,5.492925700845356,0
4358,0.6264613038380841,0.6642169928930873,0.9317187244752331,0
4359,0.5662291226631666,0.4918091199622543,0.0908651732058993,1
4360,0.4638856062255768,0.34786937485964603,5.390317784988418,1
4361,0.5132217173385903,0.5765664520397952,1.8052452322423616,1
4362,0.5181895703479579,0.6304482184935748,3.988287676011125,1
4363,0.45332649537519104,0.26984846331010565,4.347882681707178,0
4364,0.6952106537616011,0.36486828079330424,0.4754186485038322,1
4365,0.25647234856361106,0.5525758581410187,4.45444520304542,1
4366,0.5309888788700512,0.6076171548685498,5.149373085450532,1
4367,0.714741984807498,0.41874941173395935,0.9135906252360958,1
4368,0.7474300590180624,0.5000653974916831,0.48484795722106894,0
4369,0.5864109708811949,0.43405187263685163,1.556699397174376,1
4370,0.7503083479641078,0.42091389889670094,0.32248301616525954,0
4371,0.5054942410787693,0.7100321523273384,1.7726917968451392,0
4372,0.321443418667542,0.3826887020723223,5.248287951984856,1
4373,0.5325420345399399,0.5602662706686705,4.245563503149166,1
4374,0.3078329090959853,0.4054008065558203,1.6333635058652185,1
4375,0.4842583926044389,0.2864157523627292,6.027640884252944,1
4376,0.47543699867863276,0.2777135798130411,5.130660431720045,0
4377,0.6429569571725718,0.63188331252083,0.9821903481219764,0
4378,0.3364370177667624,0.3529475148247064,0.7741370375122537,1
4379,0.4427715971533242,0.7069260981450167,4.559038099952931,1
4380,0.4696720580848352,0.5561173521565564,2.998323338686427,1
4381,0.6967662946132577,0.5907225479503727,1.3965228772541989,1
4382,0.6443581367332656,0.32397423541286363,5.723344569764826,0
4383,0.7507538340300923,0.41630939554447033,1.199101863475879,1
4384,0.3568293426838386,0.31845436345964506,3.560496307137581,0
4385,0.2716450436221328,0.4604574981843537,3.762741282080414,0
4386,0.3662438117326809,0.5070133608419312,1.344967068745615,1
4387,0.4775490409842236,0.5330583083511272,3.8290245122660544,1
4388,0.611690862534647,0.34245112088567803,1.1136782649939416,1
4389,0.5446022149508795,0.39742529343066574,2.5535018459257204,1
4390,0.5225540539200676,0.25786577402447486,5.1834060591572975,0
4391,0.7170375082355139,0.4252894738132244,0.1114043663913307,0
4392,0.46986542490321626,0.34048723545013154,4.559181974733719,1
4393,0.5623536355358603,0.3648905562539078,1.1631527852865247,1
4394,0.6339553526113036,0.3457468070585807,6.215559495996318,1
4395,0.609504471933216,0.6669494862195537,0.7548214550036854,0
4396,0.5575869160031249,0.3097975358760799,4.442229672527789,1
4397,0.5821534275949805,0.4089044701013282,2.302869757650466,1
4398,0.012787294486037035,0.07752672623740336,2.867584170998184,0
4399,0.6413383368927617,0.6997841306489517,0.9936927926782267,0
4400,0.5466189431453938,0.3887323166192477,5.369285931363602,1
4401,0.7455096951870614,0.524315227174189,5.431512805317871,0
4402,0.31649431130789746,0.5464471555193431,2.5471513424283794,0
4403,0.6449770854270649,0.3493630052795954,3.725467318372051,1
4404,0.5189187280335535,0.2951619874457105,3.070856372111325,1
4405,0.4645233035087551,0.3831293373397809,4.325731436840572,1
4406,0.6327138281774473,0.3000387016498712,4.048705643012604,1
4407,0.3742577074724084,0.6227653336038533,5.307034988824179,1
4408,0.47304966444711977,0.4502764721440432,4.13209590950043,1
4409,0.3646213924646912,0.6466226793483993,1.4212060390121333,1
4410,0.2625309815201081,0.5162711064379396,1.4653228848489186,1
4411,0.7366162549778532,0.47674837932865827,2.040412209202027,1
4412,0.5674516074883107,0.35440461163792686,5.371342932443514,1
4413,0.47733466279307246,0.4097476753191418,0.6781772958137043,1
4414,0.492816799414437,0.595119437247673,2.2314096913046804,1
4415,0.6704611294970683,0.5864984525854319,0.6175781243189573,0
4416,0.44978302608436765,0.37911825924598175,5.645655463159102,1
4417,0.581816122139179,0.3487372709334413,6.154761691472911,1
4418,0.380179689051022,0.6988017450694468,2.955552346851085,1
4419,0.44219909876035324,0.5737274827055036,0.2066479694761584,1
4420,0.3967887575398606,0.26997981596102133,5.088977029533223,0
4421,0.5789845768878832,0.6387889382128255,6.281441475032209,1
4422,0.5593983982745168,0.5143438084999011,0.9614508173896109,1
4423,0.5540723191289079,0.5605902072970785,1.184480490696021,1
4424,0.47803942617527,0.29994564359939646,6.097726599562313,1
4425,0.3759468871221759,0.3365562528630314,5.288809643738775,1
4426,0.5030420158457715,0.5158970518826085,1.1369023050013936,1
4427,0.44220595815849306,0.6531993547611629,1.8544281881762772,0
4428,0.3908472612427606,0.584297321558582,5.525030495619262,1
4429,0.6689930867316622,0.5932364481517582,1.4958539395269725,1
4430,0.30331777205259286,0.39607140362858234,4.252644510307057,0
4431,0.6505577402126259,0.5123020774226715,1.089782156763563,1
4432,0.6134010959059814,0.6186815428928706,3.2524373357401783,1
4433,0.39801698171022154,0.6655434721105026,3.2858468303372628,1
4434,0.37995865754049396,0.5148791038619083,4.416599189882773,1
4435,0.38233190427239133,0.30494502076447455,4.68312350156976,0
4436,0.6762179939831436,0.6419127538879063,1.7792873702223542,1
4437,0.2692535228722088,0.5511248043451809,2.3623088182602174,0
4438,0.7149974782948714,0.4329191860532751,2.845864601947558,1
4439,0.3545595708718547,0.574316738237177,6.164449525471807,1
4440,0.6822954244713076,0.4565699101886035,1.6494548965855715,1
4441,0.4485223144839323,0.28381651495178534,4.7375693025448875,0
4442,0.6911914492426575,0.6277734244345821,0.439109051464711,0
4443,0.7171331582134045,0.480935106506129,3.059917139526987,1
4444,0.49810917839973395,0.2677526830575899,0.5833219261509364,1
4445,0.6772549935271289,0.6132360745654571,1.1211689180117235,0
4446,0.6204441636192254,0.40086275003625604,2.487803971212741,1
4447,0.7167397582404237,0.4328894262824287,4.953114628676252,1
4448,0.359454426657872,0.3600537565052196,5.381455388905985,1
4449,0.6292836620006821,0.5613618844135697,3.2831295552203046,1
4450,0.6811567287371922,0.3141763690589635,5.568891525567433,0
4451,0.7215923527099887,0.5777390248191862,1.529542836426797,1
4452,0.3712075431227969,0.6621010515947848,1.83650311999882,0
4453,0.4834847802485822,0.36494253518754666,5.963573927228578,1
4454,0.712591311436,0.38104269546215414,1.8038568150318157,1
4455,0.5458299204092572,0.48117581755214056,5.891897086220321,1
4456,0.5378471831126195,0.6077638504417623,0.39225004530448093,1
4457,0.7130289719306923,0.5702942903027599,5.62576432393697,1
4458,0.912811426430333,0.8805849188499376,2.9566528808163834,0
4459,0.6839730498440731,0.3229615838206732,5.429638821934421,0
4460,0.5597341537169368,0.4981729375395956,4.489226997001464,1
4461,0.5737442156840206,0.320775942672639,4.665893937462431,0
4462,0.46976488203518946,0.43524221653406847,2.294562843956833,1
4463,0.6521208832799978,0.38987549473189786,0.9399930408042079,1
4464,0.7124759486778595,0.5183246896622692,5.159911003525476,1
4465,0.2565445988659022,0.45466329461060684,1.752556352781184,1
4466,0.5353166539357405,0.6991221807984023,2.664475307092707,1
4467,0.7255942287714352,0.42803351112978355,4.005023739993482,1
4468,0.4419894316130574,0.3125508515504983,2.647284018654618,1
4469,0.7527874912644369,0.5565165873664258,0.6848029477112381,0
4470,0.6154881310179797,0.6368198956616423,4.564413934088271,1
4471,0.4006686936357136,0.3931701185544814,4.346686979136122,1
4472,0.4303101436866332,0.3246114173792348,0.10734647996911115,1
4473,0.3718783134100565,0.660020856378071,0.36899900690242526,1
4474,0.49252610479118875,0.37788797585809863,0.47095114878036803,1
4475,0.45564003550114124,0.3989295919659754,1.8021753197167485,1
4476,0.5518504122100193,0.6190087184315863,4.888586815867652,1
4477,0.2855086682345785,0.597434297460878,4.956633670452791,1
4478,0.644260444805095,0.6746691323137363,1.419845043505045,0
4479,0.40411102257230386,0.7090580425692425,1.8808674394957325,0
4480,0.6942276024887212,0.5137104782667435,1.0875398204287476,1
4481,0.34100690291565217,0.4240601659639851,1.2682108055847972,1
4482,0.35074069651692835,0.6607694856315692,0.3279595886766139,1
4483,0.8971303385273791,0.03395615836527926,1.5645693914967034,0
4484,0.684347352728964,0.512944977171404,1.89306101694854,1
4485,0.7288645548900893,0.5033196794094174,6.245634233546923,0
4486,0.4303855883916481,0.5798184058162792,0.4281547014223603,1
4487,0.3992220602119418,0.3048851909739189,5.439207641093586,1
4488,0.6625025828599829,0.572375642535183,1.7042101118623152,1
4489,0.5752388057689866,0.4007463872429235,4.312242151446474,1
4490,0.9631024287228137,0.9571181172526209,6.222673037233909,0
4491,0.49306977174868066,0.7053057944188895,6.278915286940507,1
4492,0.3093320832963508,0.6333255679161909,3.145898246947339,0
4493,0.6334696476071283,0.5835521469738075,0.3059892588473734,1
4494,0.3138867585554345,0.39705526131815416,3.367700325349262,0
4495,0.7062900090593148,0.36415965543821516,0.9108158345613949,1
4496,0.6930325174093208,0.6010568995245548,5.450311878846804,1
4497,0.376717926329632,0.38423064309019694,3.952202612655003,1
4498,0.34345810549990324,0.45951928657795665,5.785366819614327,1
4499,0.3475498249522505,0.6733170012389282,1.7700861213523804,0
4500,0.5191704605415324,0.47541821402627377,4.432650174600425,1
4501,0.5720761063138066,0.5839420090066393,5.730328693604492,1
4502,0.45993926253837725,0.6318284901828863,5.044334328616825,1
4503,0.6689147851654814,0.4413900632250383,4.430250925306246,1
4504,0.36391656421913215,0.4150704253602627,5.24988600244186,1
4505,0.5486731286695513,0.4739812912420218,5.528111569638582,1
4506,0.5206224681074363,0.39099280597106323,6.228884370637368,1
4507,0.4279343551743477,0.32369768546165445,6.122721855600519,1
4508,0.7337916952517195,0.49117672965206677,1.3150716445794706,1
4509,0.5493860878646981,0.6883306301813937,0.503255471687451,1
4510,0.48854161783259614,0.7034092710288293,1.36490229284034,0
4511,0.4947586214293516,0.6604258472787342,2.8728475192358314,1
4512,0.529223541148551,0.276979873448738,6.083267027995867,1
4513,0.6310764487190659,0.32758745597363514,0.3148073910305083,1
4514,0.6362651811995675,0.37759265443447465,5.729003103744755,0
4515,0.6661199043652293,0.36645411657422966,3.3709822088466974,1
4516,0.32388719318074827,0.6249999302179907,6.0110230195049335,1
4517,0.5817116534123563,0.5673954854186193,0.3029458534389312,1
4518,0.653257548219859,0.6275932629544072,2.1418345435158166,1
4519,0.4288845448318701,0.6818646520809658,2.3491375378203383,0
4520,0.6783373082685104,0.5115791083123892,5.294711070237205,1
4521,0.6817153963306144,0.5101727255801844,2.5911256515634102,1
4522,0.6381345837445538,0.3936317303516837,1.9459247630554473,1
4523,0.5854396328335295,0.4672520066008568,2.360738484601998,1
4524,0.7253913593440627,0.39247713734319334,4.941817322276112,0
4525,0.7499326279619405,0.49309447241050564,1.2126932751646091,0
4526,0.5291123887106417,0.6344353269628907,0.7692518490926714,1
4527,0.5688058843465504,0.3723255420147565,3.550216415378456,1
4528,0.25309537167184826,0.5297381611296856,3.2355389681897093,0
4529,0.6859618778898368,0.5376842040894119,0.16624175674611286,0
4530,0.25382686104573476,0.5891915658739794,2.1484675988514153,0
4531,0.5423753063812519,0.7020551616502216,0.6255584469122181,0
4532,0.33963217965840625,0.5048986871237512,0.676245601721879,1
4533,0.31515608661318334,0.31780286298016847,2.177069680012702,1
4534,0.5228411084326908,0.6749156941979597,5.012483966954043,1
4535,0.7270973987732676,0.5589721597360868,2.2081566388901646,1
4536,0.6323031158620158,0.32528486459182004,0.34336551260820697,1
4537,0.4354806220351471,0.7214042377766127,5.955437564431436,1
4538,0.2922761231669086,0.4951523249552825,1.045252699287268,1
4539,0.5836473802476237,0.32431895116646564,1.8737434704222395,1
4540,0.7210856240155405,0.9791585417230018,1.3023589464673853,0
4541,0.2638216387313723,0.5107913300402169,3.161497082811381,0
4542,0.5651295304986973,0.36592288385632465,1.7995836558428369,1
4543,0.31664761748289416,0.41831550893722375,0.4863334514251267,1
4544,0.3821501891470083,0.2899053798716683,5.288218725252697,0
4545,0.3032908304542266,0.31411367349585656,5.847265290583768,1
4546,0.4236147111823873,0.48576480497224905,3.0495690621124396,1
4547,0.3946385891313366,0.576374387044405,0.6490210850471085,1
4548,0.3379844128477922,0.4907003469400012,3.1303290196646962,1
4549,0.2608981420665333,0.6306236466132558,1.9101762226431607,0
4550,0.41773417292284837,0.5719217505894912,3.9840851726247175,1
4551,0.13119101197651709,0.07472568016696374,6.089242233717165,0
4552,0.47295691515534694,0.4109377415172378,0.8916791106721991,1
4553,0.31187262206143634,0.3783875099090425,3.877538917107057,0
4554,0.6464602844527404,0.4061799271700966,2.4593779688326,1
4555,0.5797501155332099,0.32071596703283495,0.06697242822988694,1
4556,0.4217585775502221,0.5958779997786694,5.740489874830448,1
4557,0.4322230940589664,0.5184225670536808,2.4027838381182436,1
4558,0.5047345665967975,0.32579435119535893,2.098715250286012,1
4559,0.4247719129242379,0.3373661454159834,1.640591099612976,1
4560,0.5614539651751269,0.5396835433631856,5.815950320541892,1
4561,0.5506336345569075,0.7059668245005541,1.3321068597478767,0
4562,0.7032544949298302,0.5185780747060565,5.051864990543817,1
4563,0.6030215621557695,0.34150023313390376,4.329352121402176,1
4564,0.38307075864852796,0.41234152849472994,6.122143449250346,1
4565,0.2843673712158049,0.5837577666029888,0.40245821152131445,1
4566,0.4879233445414095,0.24772866209763938,0.24017877747713212,1
4567,0.2817068726670578,0.40071633134125656,3.6453918080198413,0
4568,0.010006589848603496,0.9143369243613365,0.8867421924969732,0
4569,0.2712066728598422,0.4723118018082697,3.706635666391788,0
4570,0.40532491322440345,0.670155182697006,1.9319596994435395,0
4571,0.46987616563505546,0.257575149184279,4.8243181672357744,0
4572,0.393288237299485,0.645066098812482,0.9979156473183123,1
4573,0.3507985959204029,0.5064769502312143,4.54881604289382,1
4574,0.28931124065410924,0.5962898848231432,1.2887190389303569,1
4575,0.3929437297284762,0.30359619937083093,5.856365443763861,1
4576,0.24189544702978513,0.4653522233255395,1.817937881161341,1
4577,0.5324448917550598,0.2830557744220028,5.208416574278203,0
4578,0.4853600940726754,0.32340402091460135,4.997103711238369,1
4579,0.9128997570581867,0.10630886467978942,0.7108470919250445,0
4580,0.5424447434088129,0.6982371704487005,2.3049413488421306,1
4581,0.4278171635240061,0.29227884547508537,3.231757053435255,1
4582,0.5936093984970762,0.6911775657861773,2.9690956241684594,1
4583,0.5566668776030506,0.5802597411261441,2.179074164174536,1
4584,0.39475629736649276,0.7041760767797035,1.432810116508674,0
4585,0.2800681549464087,0.5919063255764474,3.9815061340262807,1
4586,0.4730347391103093,0.2755060777581976,3.9194318526335694,0
4587,0.5618164607545618,0.47885748167722003,5.05553227895947,1
4588,0.7274380182505962,0.42838266625593735,0.9994802250350616,1
4589,0.6877076806849066,0.5678037182699274,1.9516552947493726,1
4590,0.4693144993953049,0.271397396347779,2.928642320111421,1
4591,0.695527938094858,0.40913042369740393,2.73363131035547,1
4592,0.2760769893869598,0.5305743115864466,1.0653972320794176,1
4593,0.5881404981381885,0.6560861946637714,3.9517479314147232,1
4594,0.38877293286799536,0.39537652251996425,4.0832546150615086,1
4595,0.7151200882544363,0.4754712816709636,2.0329494933026058,1
4596,0.6633829353841266,0.4646193033610073,4.238178967367762,1
4597,0.5354424825511558,0.4837788302416234,2.1741908466501134,1
4598,0.27615130274678584,0.5672243660458178,2.8017013698851847,0
4599,0.09409208267056834,0.06751802642455393,0.5149743090031094,0
4600,0.5038347978628367,0.6701662259355919,1.0960815783909479,0
4601,0.3630286985546129,0.33631892005026365,0.4328508315274962,1
4602,0.3579327315795425,0.46653124826906844,5.954594794858208,1
4603,0.2872753123579692,0.5814086842963382,4.24100298074278,1
4604,0.6595506637202626,0.656012155440583,6.05323816991052,1
4605,0.5365213767177888,0.4045262127597244,1.2549068411234243,1
4606,0.6937026595844861,0.3257939702401132,3.5594824479528993,1
4607,0.5752967788425598,0.3822449921426028,0.45610522552341565,1
4608,0.2383235275675739,0.5123460010656993,3.9976645660964407,0
4609,0.549820722917821,0.7251603637728795,2.4111610442425193,0
4610,0.3963952245757648,0.4885219564606781,4.544517694035179,1
4611,0.29700947240837994,0.44990926104874274,2.7760284315446526,1
4612,0.5258302319792862,0.36806393146615884,3.363319431348329,1
4613,0.26820968922098126,0.4648690830949147,2.6318692870476634,1
4614,0.3466477705518685,0.3431190086645162,4.339524828561557,0
4615,0.5786665483805508,0.5746416012760407,5.807020634645498,1
4616,0.5520361432641011,0.29400994926427193,6.208466533330328,1
4617,0.6412388253574889,0.30920100650619115,0.5349418579412939,1
4618,0.4795272357600368,0.3455297807527293,1.8941131543579959,1
4619,0.4520963655742666,0.32864034878346604,5.5549137524823955,1
4620,0.2616997630665215,0.48153443415995717,3.1820857618751917,0
4621,0.3904362171744828,0.6827820840771456,3.1236370888854763,1
4622,0.45908243460613135,0.39051863703069944,3.816071594764679,1
4623,0.5404242989038992,0.6683909974164409,2.8999873906562263,1
4624,0.6036189935361521,0.6930140326164398,2.290503420447393,1
4625,0.39613648575829435,0.6417303703490922,3.3428156465074905,1
4626,0.724269570148447,0.4504563595681277,5.404294001440817,0
4627,0.528132466008009,0.7310327180049984,0.5665886571191383,0
4628,0.4297863213763456,0.45735552825132836,3.029034591369994,1
4629,0.28123500934222323,0.48054346663210684,1.1578386281191029,1
4630,0.44262750237366066,0.42848708784060746,3.8439453872260163,1
4631,0.32474932360481606,0.6870235983077012,1.751567380610172,0
4632,0.36163066017260176,0.3376141190589073,1.7820158752614954,1
4633,0.4897119180825081,0.5587369563080148,0.33649714981385104,1
4634,0.28792932308812985,0.5837172090764198,1.75467090444229,1
4635,0.5243150732561122,0.40384424328187934,3.0336266120984066,1
4636,0.6609690760866729,0.6747725045003682,1.1341661084062336,0
4637,0.29625251417003495,0.43449359123114706,3.1691751920715183,0
4638,0.4954912153207611,0.7237964593801992,1.898363614467303,0
4639,0.3575791608425334,0.3621353822445592,4.296569809889367,0
4640,0.3328596297270711,0.6481094785422267,5.423173313197954,1
4641,0.231287729079716,0.5521756013892841,3.818469109474251,0
4642,0.4036530084950771,0.29465810615344573,3.001573257045183,1
4643,0.43886062904421536,0.7276399066218279,2.5092645721207325,0
4644,0.36064331608163536,0.3497486281909616,4.037566336163729,0
4645,0.5455144491487041,0.5739334381174915,3.5213324651177023,1
4646,0.527024198057273,0.6920596179799345,1.4787949283018111,0
4647,0.2834988466622689,0.60375669781735,1.310731005503413,1
4648,0.6533542649405595,0.637540795012241,0.44012273938528246,0
4649,0.22634775100627924,0.8675606036120207,4.620672392428791,1
4650,0.3845222689026491,0.3111571767742459,0.20862112563151522,1
4651,0.5440464975067211,0.5334535437804431,2.4532757896387785,1
4652,0.5817534269524437,0.6003475856472444,0.9873807216073798,1
4653,0.06180005972340049,0.011127587449884437,2.7336123447466383,0
4654,0.5181617744137634,0.6410299280287638,4.749839115518012,1
4655,0.5141798664077819,0.32042353121861356,4.5504672095122265,0
4656,0.26785508745735387,0.49920299744470625,4.799077095279117,1
4657,0.24364818524095322,0.45115181153620676,4.2653354521139315,0
4658,0.7351393779093773,0.46266082617674037,0.8349876346671019,0
4659,0.40748996335830756,0.6002287443716248,2.988067567323567,1
4660,0.5728948787319041,0.4082145393404546,4.089925730558996,1
4661,0.5369605069292178,0.38473586255772396,2.906565439656054,1
4662,0.6640107435469459,0.5675592215483845,1.493097955415997,1
4663,0.41873903546534347,0.7188484813514948,3.8164876852578775,1
4664,0.2700305690939107,0.4243110987695223,3.168361396968713,0
4665,0.32744915994288787,0.44611380983855087,5.735739940631639,1
4666,0.26992192338844456,0.5661973063541398,3.0195585838730628,0
4667,0.4886014613162888,0.5317331824754832,2.4752946433189558,1
4668,0.7062837032178914,0.5714621909038585,0.8305127981233829,0
4669,0.56658909858003,0.3293319413867638,3.815281360145731,1
4670,0.4352588054872933,0.4120324494477157,3.519242290621078,1
4671,0.2840699850408087,0.5738683835455903,3.372003205630094,0
4672,0.45142264214968775,0.2630902687518731,3.947020653734353,0
4673,0.5254234779599579,0.6811212536717977,4.123880343298482,1
4674,0.518093965708875,0.2636297673048788,5.140918374523572,0
4675,0.353986929718559,0.6705234446835189,1.9562254197381805,0
4676,0.25673912311209257,0.5076352461110988,2.924275924958377,0
4677,0.6111329735552687,0.3078165381776973,0.7807136481497947,1
4678,0.29300915862671933,0.6080497453800494,0.3662843952071253,1
4679,0.5555062654972668,0.3065233573649687,5.314114307382758,0
4680,0.36025490466809906,0.647636478965364,0.2377838907779587,1
4681,0.40956917222920824,0.7167482129531205,0.5408599948476452,1
4682,0.5786846460002067,0.2877727420212604,4.978382647882323,0
4683,0.2945653175734048,0.5102610122045143,2.3658039178542745,1
4684,0.7279044183204292,0.4556488841068448,1.698340682928434,1
4685,0.7331827399724259,0.37541785172996034,0.7852497685903277,0
4686,0.4004019718797914,0.3766891252909771,1.4261224659745975,1
4687,0.7248205945800786,0.4603021158403968,5.034938419096045,1
4688,0.3310915430735114,0.6471151433984726,2.540496149900693,0
4689,0.5344159510092034,0.6750809976415019,5.715831017383094,1
4690,0.5581697423018864,0.3100873838683589,4.744492653948464,1
4691,0.47369148044157566,0.5916148342724055,4.635290258395407,1
4692,0.48502300320261255,0.6174066609698416,3.9343627818569873,1
4693,0.36792724359434714,0.6023096821683166,2.3713777585408393,0
4694,0.3380118623437102,0.3293294873561567,3.358520764704194,0
4695,0.750687426485643,0.49198394709048154,0.28699560467445384,0
4696,0.3124079391103747,0.4177844317627484,3.4988482336139795,0
4697,0.4491548390005219,0.3160166013984864,5.312191842904534,1
4698,0.3223960346267097,0.6456428148026769,4.105808742299084,1
4699,0.7040942058127316,0.4944527781408631,6.278119643870636,0
4700,0.636546633581094,0.30956712752096166,5.146321447635885,0
4701,0.2939822743835657,0.5022908592927744,2.5393868604459047,1
4702,0.2328689178325752,0.4682347505710194,3.9223928884217547,0
4703,0.7199306603093619,0.5629484305665694,5.7873632803877655,0
4704,0.5080192627374208,0.38086471123434484,1.795677505282665,1
4705,0.4267636582581855,0.4850366504025394,1.1672389852286986,1
4706,0.5795663004979437,0.2705614214718909,4.1771002316568255,0
4707,0.23854639307463746,0.22564223227376184,5.813237550560699,0
4708,0.6616434756471012,0.5265448893084089,2.9890793659225903,1
4709,0.6422920304390017,0.5881630771829343,4.716995071334399,1
4710,0.43762592479909457,0.6619034079970291,1.6954862217368536,0
4711,0.3309016126354638,0.6626520428797981,2.5332189453181733,0
4712,0.5220855794683212,0.6717121570827843,4.52463330361316,1
4713,0.7125154965128909,0.6243796854092052,0.15160741152922885,0
4714,0.25931437833882026,0.3814248476814638,4.836454879452358,0
4715,0.34691022645916336,0.3475893249854254,3.5673941486839085,0
4716,0.5165661736179293,0.6643234587059683,1.48811477865771,1
4717,0.6930436129205938,0.5614673026711869,4.0022065229080805,1
4718,0.39842375977352207,0.29912817327878516,5.225568707682404,1
4719,0.578709480661241,0.6322185646702952,3.3838061467252762,1
4720,0.42373136873181,0.409623488733767,1.6889002907483626,1
4721,0.3633596719864211,0.6492148610255085,0.796437265165179,1
4722,0.5989848179556803,0.2845104575398638,4.2162882148615894,0
4723,0.7066059269277415,0.6013188311367297,5.4915058205583644,1
4724,0.48265922771447756,0.47928439422209107,0.39314304217357376,1
4725,0.4263819287208736,0.2720980896940326,5.273662486608589,0
4726,0.650194457728793,0.549355334405698,0.0881096752525573,1
4727,0.3734347406900304,0.320926397460418,4.157250871499856,0
4728,0.6913533670630274,0.3977082824409022,1.1219527435841679,1
4729,0.2964880120965586,0.5712214932136347,4.357470255223317,1
4730,0.31563203977573046,0.6209408188562824,1.7157635320512523,1
4731,0.4521991740336263,0.656475471759762,4.4035292159778185,1
4732,0.650016338570018,0.3322096725353829,5.2500534387324675,0
4733,0.24688075055541364,0.39956281359448514,4.022036030115383,0
4734,0.26776323110540445,0.42566205441454147,2.007072472433024,1
4735,0.39714443704837926,0.4997764484509646,3.8857274208479575,1
4736,0.6880177694848577,0.42573866683823924,3.0217619467056362,1
4737,0.5837809260641705,0.7267650435922457,0.9820735216727295,0
4738,0.3742676160528536,0.6499784606082151,0.6645133360006035,1
4739,0.34021603978115217,0.5236932782044609,0.5595684385016675,1
4740,0.5437174897714692,0.5227330748202942,4.065705780256056,1
4741,0.47980715968415283,0.27079725365102847,6.068553723688325,1
4742,0.5276718231492674,0.6399899219713832,5.211410032589002,1
4743,0.8324590907419986,0.09809039335658595,3.177905592174982,0
4744,0.599535921108607,0.2928876815397054,4.252885371565323,0
4745,0.6130078388867966,0.6716473226414709,2.497044658428122,1
4746,0.49135208943783465,0.6902574985348905,3.7541654048729964,1
4747,0.29436512942452403,0.4271771243418937,3.804699858249024,0
4748,0.44433481203044883,0.3567346223778337,1.7200689977975232,1
4749,0.26782750801064864,0.5600556703504705,0.7809555001071794,1
4750,0.03503549022107371,0.8219464988643418,3.8182585255451,0
4751,0.29086962107511954,0.608060907987615,1.5523135214071597,1
4752,0.5940253921519371,0.5596443051332212,4.390104008420806,1
4753,0.7261396530932572,0.4055081237855284,5.155560854221539,0
4754,0.6304103048454991,0.3404671422800899,0.8701242747775965,1
4755,0.6704566627415259,0.3614372088278392,4.266125941974599,1
4756,0.5967528542621908,0.7004784252515994,1.5869937675926795,0
4757,0.5832099003831508,0.54943082056435,2.7986176561149803,1
4758,0.3572291784602528,0.46075793848861024,1.9529418744170177,1
4759,0.4865780919722197,0.6894760143048839,1.7568183000609339,0
4760,0.5624606376248263,0.46967790779415475,5.822724848472208,1
4761,0.4742296232252327,0.6503417713797426,0.5635601123090115,1
4762,0.46647868463856434,0.2735415950251988,5.801779035996858,1
4763,0.5679462595604411,0.65438842290531,1.5929506006534684,0
4764,0.698079563957002,0.46341621835650115,6.283146632434862,0
4765,0.9158118615877112,0.045696353061689614,3.4473918934949097,0
4766,0.7265141396644073,0.5306017853576798,0.6571311686480816,0
4767,0.5142526216786157,0.6649474776345727,5.438628757491766,1
4768,0.31365645247366386,0.39845761966760707,5.050900290870225,1
4769,0.5388379758724766,0.6928162377147393,4.440780277954912,1
4770,0.5192998457249446,0.26534630298261697,5.4187478893008825,0
4771,0.3088057351112042,0.5845885452663305,4.980457622368477,1
4772,0.42964965123017423,0.5812880448170766,5.234433698455955,1
4773,0.4181017194655233,0.27152261355232743,4.409973202757172,0
4774,0.3304333549469384,0.6359336837162705,2.3502753966348657,0
4775,0.5867886393117627,0.3426720401310152,2.7945645559791505,1
4776,0.5495322698858114,0.3345408688033456,5.923892591575942,1
4777,0.38663819933726695,0.27706556966019247,6.116419847716746,1
4778,0.5772781038822608,0.4964893712992206,2.166805466878776,1
4779,0.6217035785448881,0.3153355711246501,4.248551278867374,1
4780,0.612504414749561,0.5591379908181653,5.603910397417256,1
4781,0.5015939235420825,0.7371932078059644,1.7865788313317286,0
4782,0.25146069554236117,0.44092949361492584,4.629186979549945,1
4783,0.342711960005054,0.6764955641515222,0.22682858419623714,1
4784,0.3046515953869086,0.36147034880174794,3.0116511380648907,0
4785,0.328689552114802,0.624435986258725,0.7052268543129878,1
4786,0.25847121375707643,0.45664610817984974,3.5765973067556813,0
4787,0.43162019269364843,0.4561087637947776,5.606242758041717,1
4788,0.9329922133762868,0.9748650181223872,5.184524437286298,0
4789,0.7138839344549753,0.5992405997827267,1.3388380968765339,0
4790,0.3312492841703147,0.46886063983494164,0.4226008920710307,1
4791,0.7254530738484934,0.46574842875222167,1.6227562752001587,1
4792,0.3229245721497245,0.557418541566262,3.2480457424278044,1
4793,0.667152467855842,0.3621584879574653,0.8294009757521619,1
4794,0.5397108034004342,0.39417667908606163,5.308076593966691,1
4795,0.41373847352057624,0.6378081588297259,3.258115534904074,1
4796,0.6405947941438769,0.6831284137852414,6.051716096119612,1
4797,0.44630212072191966,0.3300200687642851,2.6180447090900927,1
4798,0.331273501950515,0.6273525973924742,1.471674945993551,1
4799,0.6380363107211188,0.32307377164179407,0.24268188919940192,1
4800,0.6802235706176563,0.6238370276562419,2.7316832271168394,1
4801,0.5168511280899113,0.4300715229850221,3.186318175518624,1
4802,0.048934686720611006,0.13703959681281938,1.1056634588098457,0
4803,0.4237592796486808,0.6589121446368824,4.539263590449504,1
4804,0.6214314387090603,0.6940086577944939,1.7609586278391218,0
4805,0.5656317741415137,0.6804824063472192,4.646523387270451,1
4806,0.12420088191528424,0.9423217578635539,2.8798066724960742,0
4807,0.4425641529861867,0.7099995142841133,0.23183179049603314,1
4808,0.6187415788580642,0.403111364140944,5.730669035763792,1
4809,0.7051882780808587,0.44840688476550844,5.717798751884286,0
4810,0.30811863288761915,0.40187788389657697,3.6402187645443362,0
4811,0.5416569158484154,0.3787816409523309,5.2800548306900295,1
4812,0.6674259106014151,0.5415914520123344,3.5416897181072833,1
4813,0.2821586309083237,0.44665536949801443,2.3766713195123823,1
4814,0.5642335267983003,0.6332300579148026,4.106942227051831,1
4815,0.3827427631501302,0.5023193708060456,6.231848612205611,1
4816,0.6888903147023644,0.5008481262449189,6.0577629043166485,0
4817,0.5278432691612333,0.3550516565591443,6.0381920028590335,1
4818,0.9608618026884329,0.8905621623369188,3.5952490108750563,0
4819,0.657489605897638,0.6490663479927344,5.511965713757777,1
4820,0.33735090155407876,0.42181452735826186,3.885106772662906,0
4821,0.29390060881958635,0.5638167301232511,5.320739273026465,1
4822,0.564697216751534,0.6738885329735742,2.5149467151764977,1
4823,0.3329784486317603,0.37886838470522105,1.9291549982770209,1
4824,0.5419523985021861,0.27054805957083466,1.240196737608947,1
4825,0.33084699411670315,0.6644721815207794,3.239182984601197,0
4826,0.34782373734131583,0.4844874123467175,6.013351893950256,1
4827,0.6656716411634291,0.6299763661935746,0.6525238540626215,0
4828,0.5179300120257596,0.4843139757924409,2.0668178310791845,1
4829,0.17518641169072965,0.964621136716712,1.50761030855974,0
4830,0.48897483534072406,0.2533148308378416,0.663091625332726,1
4831,0.47843163180604686,0.25097435646098676,3.9605663876957276,0
4832,0.4256778570301056,0.29259702428230233,3.8944541193239464,0
4833,0.6325904091468841,0.41952585639208645,0.36019336807817326,1
4834,0.4804687962129939,0.325698919559783,3.661468616030661,1
4835,0.5656293668590389,0.7026637109335696,2.187449196686271,0
4836,0.6848695891635315,0.5373930507901492,0.25926799040299775,1
4837,0.28475240311958006,0.4384076192716967,1.545126277061428,1
4838,0.03633510188899312,0.953661068153476,1.0574405353942358,0
4839,0.27518414223683607,0.5505460494418004,3.5171703850889,0
4840,0.6704293045048808,0.5378670459178662,5.4699346414540075,1
4841,0.6206777412067818,0.6481428403286031,4.242308273500402,1
4842,0.44917784333873584,0.6423839115610119,1.185169825074716,1
4843,0.38495340393085387,0.32371846917933406,3.5658853902899565,0
4844,0.4403288382044299,0.556824415542796,6.18823527546838,1
4845,0.6210921730661292,0.5869868222356679,2.795665543695127,1
4846,0.3364365599534274,0.6678573007611092,2.859519067254215,0
4847,0.7108048603564313,0.40961748957758476,0.9373156956193236,1
4848,0.6266838898304403,0.2988645559848882,5.968081713108496,0
4849,0.5442004569797463,0.4926903252761822,5.3594244190222655,1
4850,0.5788987882273086,0.5851484690151962,6.223498208672908,1
4851,0.7054849074821387,0.585221590693769,4.736733530037559,1
4852,0.5898273704901007,0.45864200685894263,5.737833966836711,1
4853,0.6089942938362808,0.28239394402688345,5.619562425152332,0
4854,0.6666620952189678,0.31351703511850465,0.04880378336254676,0
4855,0.68703074762973,0.344392532410788,0.44691057604785706,1
4856,0.711321555040806,0.6091968239725027,5.863080901014333,0
4857,0.2981673643874817,0.6047978980155385,4.287737676855613,1
4858,0.7201062126836546,0.4819093458140917,4.495558473464287,1
4859,0.30513235530509064,0.41203875132710926,1.4112362480861271,1
4860,0.36788168064063514,0.36841518396002154,5.741613374057789,1
4861,0.5183463167288708,0.2684933209296987,6.074888675532465,1
4862,0.26497091413158486,0.48738477997169993,2.9808718303580006,0
4863,0.46468096523262686,0.3553962462579536,2.1931526039648497,1
4864,0.5348046139733132,0.30834608766444094,3.9036430127740496,1
4865,0.25140401936458723,0.43278941538484555,3.5423054108035026,0
4866,0.27038570128186334,0.590195507316928,1.5097633033257076,1
4867,0.6059569996090046,0.4487763208845149,5.014279498367153,1
4868,0.6311852177541297,0.6035799662062385,1.1709615255742118,1
4869,0.3051482979801938,0.47930110848524904,5.956672966924152,1
4870,0.7073524519086498,0.5749422766640199,0.21486581984858857,0
4871,0.5123453672283682,0.7237792307276354,3.2976760903595395,1
4872,0.26797081191500893,0.39573496128787317,3.9210823103728756,0
4873,0.340380967418743,0.5436277618727378,1.3268910120661463,1
4874,0.16623491893602418,0.8974541383498708,2.871700305667188,0
4875,0.6846034093691088,0.6271851066427357,0.3909581520583149,0
4876,0.6106184579792205,0.42362790115432836,4.858214838301078,1
4877,0.6704553775215877,0.5308895155033665,4.55738089837125,1
4878,0.5486416517262227,0.2837505209759229,5.5339863959934945,0
4879,0.45680887068465414,0.5280683994915163,6.096467460792112,1
4880,0.281361759349276,0.5009744472278924,4.202404356323979,1
4881,0.35384247208292724,0.5236611862093151,4.592373266677008,1
4882,0.4465861231819445,0.4918343545301502,3.0097650145251844,1
4883,0.41461447657990097,0.6091488134758767,4.358349936238318,1
4884,0.4804739144817979,0.5500041358202632,3.639887646851977,1
4885,0.3683119626512247,0.6402785448849525,4.882303247224714,1
4886,0.6837206266753562,0.42832179405581583,4.343803809375942,1
4887,0.30173939157678403,0.4024304712809219,3.3666306241989767,0
4888,0.6828907760862226,0.6181815056399577,0.49397927481641485,0
4889,0.6077449826812837,0.6841298725431438,0.5718411482461527,0
4890,0.4176289092461955,0.37409123091337737,6.239973858115468,1
4891,0.5283855075237796,0.5924126716377928,3.746229412176712,1
4892,0.6428667990902829,0.6931129519830354,6.187822915131866,0
4893,0.3474505172929348,0.4439467897470165,3.1620195599814718,1
4894,0.3737223182105533,0.7149302537427682,2.8896712779003937,0
4895,0.5541299223098257,0.5846753931240398,0.07528539905502152,1
4896,0.7073684126119466,0.5151404314634833,1.6188015594138137,1
4897,0.3999198983161319,0.4031703254723056,2.6906983173191654,1
4898,0.5110538948471975,0.5051710659989463,4.125244423068964,1
4899,0.5244899818298684,0.443796647637913,1.757969764233176,1
4900,0.3675580257582547,0.5632438016749822,3.156688906738641,1
4901,0.36599311333524714,0.2988330222132976,4.8273895301677205,0
4902,0.44280424558445697,0.6920896144377104,6.162469485561385,1
4903,0.33513586747751134,0.6428723760795539,4.642217567323673,1
4904,0.5367487780216998,0.7049311533760784,3.6177195292240487,1
4905,0.3329870963168527,0.6324363882809997,3.3453003546769984,1
4906,0.7139892825472256,0.5136464189585235,4.324772103714625,1
4907,0.33606553361120156,0.6811395337743066,3.1125385833204056,0
4908,0.34622658006395435,0.6821750853548312,2.9238698337140416,0
4909,0.7205228799418637,0.5105706770426872,5.595852157490188,0
4910,0.4460043018001986,0.7345260312702252,1.5821340768020429,0
4911,0.29238803513866357,0.5822074649897857,3.442670174079709,0
4912,0.6424244287523831,0.4217138155319949,4.312327991572341,1
4913,0.38594855632854586,0.6243902464893526,3.1425395991092775,1
4914,0.47503804635842223,0.5445234973597399,2.4190594530755005,1
4915,0.6941263650314117,0.5012592513676767,0.08432857340977856,0
4916,0.2897577030221544,0.5030184723057873,5.722683247528744,1
4917,0.5327819155663822,0.692708722911932,0.7286915489644854,0
4918,0.630188330071648,0.43972080216050885,3.7609308688633747,1
4919,0.6359157352208663,0.6965027840078876,1.8925370807940223,0
4920,0.39199836302408503,0.6604173439391932,0.5142104133037843,1
4921,0.6265474746056093,0.49618308913847403,3.851018207129287,1
4922,0.6440703518125058,0.7180178265859138,0.5013020245006147,0
4923,0.6370293803606822,0.5756019666238774,5.217862505559047,1
4924,0.3987121718954469,0.24956481196750502,5.908348961716875,1
4925,0.28366068684728907,0.6132817633910697,0.790471579400214,1
4926,0.6087806517629368,0.500757445612444,4.448105739808343,1
4927,0.4803043501919466,0.7255184893242446,6.217586433714702,1
4928,0.32728193423669616,0.4006165867764357,0.47031321177945123,1
4929,0.3888603135421492,0.7169885318801306,2.756427678658503,0
4930,0.2680926253366519,0.6200585395754087,1.3129597079580688,0
4931,0.6480970748644771,0.5332606313910331,3.182456539682387,1
4932,0.6848260626961832,0.6431759057479605,5.3452360002915205,1
4933,0.5449735632033664,0.6957985785494958,6.190165423327514,1
4934,0.5377230205885648,0.24942156078979097,5.505930449298856,0
4935,0.27706093822389344,0.5352169274975218,2.7206378697840825,0
4936,0.31138044577362173,0.4256848899573999,3.4454413842068288,0
4937,0.7252776753646902,0.455147000487044,0.37334027965235045,0
4938,0.31093150083460147,0.3775349488928229,4.168672479007007,0
4939,0.46296785321791234,0.6191952489413466,4.3898978553815695,1
4940,0.3860059037086949,0.39794333012826405,4.800159913043612,1
4941,0.7284295237220697,0.3285222282526957,0.48018417624402143,0
4942,0.418262170168874,0.2562370200614526,4.673164439023649,0
4943,0.5901350250298989,0.4278264088185898,4.268299693660849,1
4944,0.3754841034820272,0.34326736743903263,4.297995705696235,0
4945,0.6476572496469853,0.604228168700989,6.087629899890262,1
4946,0.2932780431077418,0.6292707265300391,3.227775642926799,0
4947,0.7365889402911298,0.5158109549590036,1.896347847024815,1
4948,0.5541376591236454,0.7191110792394645,2.773591761559565,1
4949,0.2604771322126376,0.5015870643948894,4.094388693620579,0
4950,0.7077389177691819,0.41571556674567006,0.50943404489211,1
4951,0.4184897664665161,0.5776146000181496,4.534581050499917,1
4952,0.5722209053745979,0.47979359863426746,0.2384915852886972,1
4953,0.14431145238968132,0.9604120214499269,0.3506987170295989,0
4954,0.7377831929798978,0.441392972004872,5.971434939714933,0
4955,0.6228693572513039,0.33916805510646647,5.361255988614441,0
4956,0.5587753568700926,0.5071193456638511,2.7215109887752655,1
4957,0.3807827633411886,0.29102373812153853,5.120363288589239,0
4958,0.5616706780880898,0.2646080488474727,4.988960988714798,0
4959,0.33472903679722127,0.45454614813700894,0.5366389948297806,1
4960,0.4315707047094894,0.48572949663822335,0.3594116557579995,1
4961,0.2967693605883137,0.41953168720100537,4.606928402520775,1
4962,0.674699971956689,0.5896844818207571,1.0543750887454286,1
4963,0.6900706158913906,0.4588249080575459,5.421741663802496,0
4964,0.6212116369561713,0.3789198937992914,0.29229062420984836,1
4965,0.28526318590489397,0.4083896010676527,4.309958376888867,0
4966,0.47954891068260136,0.7336731280269154,2.624857867306861,0
4967,0.45114065238540574,0.28071895114207934,5.2810137479286965,0
4968,0.4684118745188905,0.7358441378446037,2.635901795128114,0
4969,0.28814773661825094,0.616871365834416,4.731416247248902,1
4970,0.622112302639605,0.5616558452612508,0.2896076800279806,1
4971,0.5511438948432371,0.35475400127751056,3.8004754947922996,1
4972,0.3350588429616312,0.3383784125804526,4.719312127378521,0
4973,0.43940689821180706,0.5792735738788616,3.2174197808723624,1
4974,0.40844051282362726,0.6713473438819684,4.73679110639514,1
4975,0.34550366653555215,0.6759577502034556,1.4123492407566596,0
4976,0.7279230532622089,0.40618233940807336,0.2970833192218888,0
4977,0.348688487028891,0.4809176770869759,5.0279623538437095,1
4978,0.5063789921480527,0.7276699943827165,0.9541170656653021,0
4979,0.4406121487354324,0.3854792973351637,2.8195998369497266,1
4980,0.6580701754782534,0.5013873083223053,1.0383414560933657,1
4981,0.5282521214937734,0.7365323103567128,2.4117164329920766,0
4982,0.6558075026818015,0.5132905594145897,1.9287361385491608,1
4983,0.5087285163784732,0.32533458546004684,4.2083696432724516,1
4984,0.37767680139727106,0.38070684562942114,0.26680976483408747,1
4985,0.28900190684707505,0.3403366930408398,3.838920928771714,0
4986,0.27780227415201797,0.6055899150463325,1.2950015725270578,1
4987,0.3274101477541089,0.40735645771282075,5.1152569998288415,1
4988,0.4202495145889885,0.7422128776038631,3.0201094363418344,0
4989,0.38945902827974954,0.7063416846352387,1.9394178380458669,0
4990,0.267351738295531,0.5781405198325219,4.241504484370985,1
4991,0.2765895711854374,0.397624905011011,4.278177742250389,0
4992,0.683481941018929,0.40278680758089824,5.658741810258554,0
4993,0.7181081288159672,0.5269403836187536,4.347204770680118,1
4994,0.6857666845020631,0.37819547876553666,5.066980208490392,0
4995,0.6692490885226465,0.41646681406675395,4.2288306766537165,1
4996,0.3297456726261464,0.5456869701397298,5.451478495676866,1
4997,0.7326911942299721,0.5491391082245369,5.831975676482472,0
4998,0.5510337542820846,0.2749696721487251,2.156712693360447,1
4999,0.45992410708085885,0.37206098285139594,5.871597719673914,1
5000,0.6727084608581428,0.47022078665539635,1.5998177958093112,1
