8080,16881.962
1,0.7167078434321976,0.5242228917487693,4.032092933099626,1
2,0.6717022036773606,0.5308096322572738,4.991719606503562,1
3,0.2636011055949999,0.49760990444053943,4.39800326369739,1
4,0.39584886014063136,0.36399039001374806,5.04594882363289,1
5,0.569546813261417,0.6947495602021895,1.2507088182990682,0
6,0.49469584079000545,0.6957530968362323,6.240648122766184,1
7,0.4116487021184258,0.26892327430868485,4.145981605758809,0
8,0.7124015828483524,0.5093741188661449,1.2397444074337955,1
9,0.3968335224031058,0.6807528785790746,2.996878868042093,1
10,0.2850434196599031,0.36872098825339816,4.243741613033164,0
11,0.280288930396577,0.4430212294621557,4.294509072528012,0
12,0.4115962529501067,0.572120001709844,1.1618956430334937,1
13,0.3439731965521003,0.6430273534781047,1.580753620595035,0
14,0.47506230612047473,0.7154674862192869,2.767403916497827,1
15,0.5285251541717325,0.5249269786741924,0.9345951990019803,1
16,0.5130274902542328,0.33194483417598286,1.4771520447532043,1
17,0.6801492929225351,0.40618964920655437,1.6226153020805,1
18,0.2671922444972522,0.5339156245118556,1.8250176742081592,0
19,0.6299639492456187,0.6573141173110377,0.3851330318754978,0
20,0.6810255904765619,0.4480177755447685,3.682961868660388,1
21,0.6361603830489522,0.3970686597437525,3.1499621195952883,1
22,0.3883757350227224,0.5080134204475534,3.158500453690908,1
23,0.7278275542045071,0.5169477120259768,0.6619383870781501,0
24,0.34479360126828745,0.655391237224819,2.539879999666289,0
25,0.6108246343231876,0.3531504520399709,6.281273622506287,1
26,0.118454394052467,0.0640507849335104,3.1053426751752067,0
27,0.5887949318583903,0.3129686111783394,0.29027360909903555,1
28,0.7521538518702925,0.48440272719805444,1.2278072600352925,1
29,0.694097272741732,0.6282598128962354,1.3472953870243676,0
30,0.4217259188201959,0.24395680312600188,4.260816727329152,0
31,0.7442298164505785,0.44360484159894487,5.128764518445634,0
32,0.5059121895220877,0.2976521913404978,0.1278337116729666,1
33,0.6152266466792583,0.3745463019843927,0.38716875652196675,1
34,0.5606811328526549,0.7257821453141697,6.134376858196451,1
35,0.46528079007990014,0.6300137593383465,5.110618778768601,1
36,0.6604633138917597,0.5218480367934875,5.49038891210112,1
37,0.4539952915791847,0.6323631736432909,1.6644794802474447,1
38,0.6817196407993387,0.3488677028232018,3.009205145533638,1
39,0.7206205468722059,0.6332696923322432,0.17102010453194988,0
40,0.5608011920262499,0.45532296633306124,5.779731225311308,1
41,0.5769598222915173,0.3026107460503384,3.2973771161871888,1
42,0.3217006733511561,0.4862037389956191,5.911354566543718,1
43,0.36175120272047195,0.3923587593193277,0.519976549695351,1
44,0.7266897441208034,0.3998283147103011,4.953870240918421,0
45,0.3269977563883508,0.3117388305407052,3.139143038624562,0
46,0.38256520839760366,0.30905982505030466,4.981772729202004,0
47,0.6124976731065453,0.45898570057941507,3.027140926123687,1
48,0.3471630099129872,0.6159447939505656,2.1452027237664053,0
49,0.679202083881274,0.3913239163480683,0.05066565571807935,1
50,0.5057877786655237,0.6931620811038939,2.3469781651687427,1
51,0.3716332995375312,0.3464142907765069,2.358143184878791,1
52,0.32802107939075115,0.5716109365849487,4.205322369245381,1
53,0.3265430726342805,0.5809464164503231,3.8498881932876032,1
54,0.6069714687240367,0.3283467485410204,1.0791021486476018,1
55,0.3134368793675752,0.38752238648590087,2.8467018845867984,1
56,0.499115294838101,0.656888103434266,1.5922545832853054,0
57,0.2828359045696282,0.509140949897237,2.2532038275248576,0
58,0.40490682021250884,0.4031678360013209,5.332251299307017,1
59,0.2648442196742175,0.5641436620409652,2.6293934334482745,0
60,0.8853147891951589,0.8611841610913585,1.0811505338584073,0
61,0.5338098415380554,0.2632426889453392,5.0078700518848684,0
62,0.34377217052362014,0.6291719277775267,0.5359877724631024,1
63,0.9411111050306139,0.9430315026281039,5.035047775310171,0
64,0.5979107528538778,0.4973754740421889,3.9814373602746667,1
65,0.6263072610909222,0.6874574847121632,2.475370197271259,1
66,0.2636930194353969,0.45777268490164946,1.7347125820770097,1
67,0.46275354884576375,0.24052492649283688,4.925645899398359,0
68,0.3590232723360764,0.4473729125976526,1.8563263345815466,1
69,0.5682288677904593,0.26786615796422447,5.379465560869725,0
70,0.2682159787759056,0.49643434989395646,1.0127689701717966,1
71,0.5508247351406027,0.35844916134351285,2.8125973400848028,1
72,0.37461580008188367,0.6696269944552289,1.277491422620935,1
73,0.5805973454333074,0.4035570956808503,0.25090681526438513,1
74,0.23686848537966507,0.4875316007132857,2.9782294180071363,0
75,0.690606423695379,0.6269687147573831,0.44557363949107304,0
76,0.6601959258573672,0.5362955665501137,0.16439391054185326,1
77,0.7150190244866288,0.4491690349413897,0.641170043264296,1
78,0.6082720726010958,0.4798747008556139,2.021518821033965,1
79,0.463850926420192,0.26827769585999955,5.80999510049444,1
80,0.3982307549291044,0.6789402822303521,3.581544701074883,1
81,0.7116171544458106,0.5329202366054357,0.4039907662515826,0
82,0.5626905096291741,0.35857788999198964,4.56548091090924,1
83,0.4508362796814638,0.4977446551720438,6.217707238458064,1
84,0.3700997443724299,0.5594808564007246,1.8701839798443272,1
85,0.5512592391061762,0.45180004727154893,1.9886433676618707,1
86,0.7298221486002444,0.5108912505804619,5.854657000046603,0
87,0.44515183096931177,0.32069581919512724,4.909972305659771,1
88,0.723024781275116,0.5571312463162649,2.3360554597213334,1
89,0.2994745493845431,0.6551446300807554,3.871974130168528,1
90,0.5422518712956976,0.41632055521421524,5.86851960849182,1
91,0.472612036775931,0.4909082341052624,0.5099170068750122,1
92,0.29222064158492683,0.5824933245579171,2.1927888721166306,0
93,0.40173660201914974,0.6243018230613541,2.556328216569583,1
94,0.4475126921569047,0.7221177577246863,0.6532590132907619,1
95,0.5962432610068443,0.6856677151846949,1.6335282394552044,0
96,0.409452125053575,0.7035445658118694,2.6057383435402186,0
97,0.4510092961492061,0.6539463680724259,4.985262580824492,1
98,0.6628104735343603,0.631610005418206,0.9387496531381583,0
99,0.7076339754235395,0.4498337319503771,1.4437122798114699,1
100,0.2640830011212851,0.9828689116198981,2.571166159468553,0
101,0.11777658589461058,0.99091847411994,0.2526077715440005,0
102,0.6633205303517553,0.6219812668669513,2.7068025761217083,1
103,0.513150834173414,0.7264213768010388,6.095479181656801,1
104,0.6697743606105631,0.5125541847005515,4.966045795025951,1
105,0.42172886738132087,0.6551148919350144,1.428177960650173,1
106,0.6823648593281543,0.5702228110245856,0.36116690133916696,0
107,0.5406073617061102,0.2824505218611276,3.439616344505159,1
108,0.30539337666855154,0.6286233627701602,1.1660994350553713,1
109,0.4201861602951502,0.37524193327596167,5.640062134348453,1
110,0.4680407998870574,0.28584686107513146,5.303553769643417,1
111,0.3136733018447863,0.5134256125415451,4.328680719594024,1
112,0.46498913669775055,0.7359222887103056,2.3076225185305983,0
113,0.610003750008577,0.6434855131120859,1.0535593012181996,0
114,0.6178041168614545,0.4704633896370543,5.684184810303917,1
115,0.410153700919329,0.3555188206415783,3.2763851719155115,1
116,0.2815787030109754,0.46313331295209725,2.9146239880991995,0
117,0.9282409054247591,0.02006922365027527,3.0746234839467577,0
118,0.6595834754653511,0.5463992815709809,0.6055046281683224,1
119,0.5369638731989647,0.44558146298317486,1.2842000662872834,1
120,0.7316835127645964,0.45213608664346694,2.0550748866794257,1
121,0.6088034599229318,0.6900382245451793,2.305957774419033,1
122,0.28228888585959555,0.38088721674690573,3.2566037305951956,0
123,0.36171257563090065,0.26624626537015983,5.083912439627454,0
124,0.8862821226840462,0.8820377714158036,4.258479212817525,0
125,0.5914470784264438,0.5186137347723235,0.41949749240575296,1
126,0.5570416380647046,0.27101894389691156,4.13179258091176,0
127,0.2654782039118703,0.3901192412156515,2.1046858635823495,1
128,0.4338114138183774,0.3561546324282494,5.002073848331968,1
129,0.7149760558052088,0.40479462990614545,4.995843067005278,0
130,0.6475044832863417,0.6627754384310562,0.553867224355024,0
131,0.5271336864313554,0.5894125689799458,0.29244910460116763,1
132,0.24511356821845467,0.5286006972562015,3.0402997196852675,0
133,0.6712085254997591,0.33551848814036794,5.386346549671104,0
134,0.48066542119363975,0.35003377615782877,4.076097065485968,1
135,0.6266984849444802,0.4738786545069687,4.476199880437497,1
136,0.33098773986374713,0.6459356368367377,3.231495257411372,0
137,0.42119763956341233,0.7072032346359388,4.088082761159293,1
138,0.3853184692953021,0.40604271850782825,2.0877656558178725,1
139,0.5244680189964244,0.2633155184572451,5.128036688148414,0
140,0.5176360805226347,0.5518602604764546,5.60127118058646,1
141,0.419599921651156,0.4018343929123006,1.7322293366384027,1
142,0.2652916807466388,0.46626122377490253,0.0207689705523304,1
143,0.30302765745056603,0.45577147195414297,4.406865791245273,1
144,0.389351316990347,0.3561626777886474,1.4654331626084243,1
145,0.33873963957716274,0.6519424508053802,1.1336460457128137,1
146,0.36218143159891547,0.6502406269283183,2.91575886324678,0
147,0.724779976497464,0.4538960586582836,4.807665612924183,1
148,0.35788362654344935,0.5111651434131819,3.886407069284375,1
149,0.5244525986805799,0.6587820063021563,4.61326467909145,1
150,0.263490807572632,0.49851909098964836,4.742515090926053,1
151,0.7151938240365008,0.43406867102842506,0.19474025445985996,0
152,0.04652728919176521,0.015988013127661377,5.5720039115917945,0
153,0.7216119068504755,0.5516720956238113,0.7500757043534769,0
154,0.7022549040395386,0.39923982223609705,4.49891049883431,1
155,0.27382585815838806,0.48414792332896284,1.5468622088352064,1
156,0.6974821899634086,0.3468949294103458,0.8706048565677635,1
157,0.4865704329536052,0.6714296630329303,2.013264857806441,0
158,0.45503861800082746,0.3237727854734508,4.342953544032269,0
159,0.6748751659275545,0.6230207112738014,2.015266435896811,1
160,0.4982466879582054,0.27770070774017436,3.352232281520089,1
161,0.5743052300872801,0.5373536136017036,1.5109341751230785,1
162,0.4640723401700528,0.554235289384724,1.6006042506300773,1
163,0.5090468706904324,0.39680271111205895,3.8723005476811085,1
164,0.020451292845789986,0.9920179158907517,6.1645595545799585,0
165,0.5225545441917243,0.654569915065282,0.24924056711850598,1
166,0.3038508827288159,0.4319913175231753,3.710612565993885,0
167,0.639452740108888,0.3312932502800194,5.617199087056808,0
168,0.638864612688655,0.6348354262658937,1.3757412528294934,0
169,0.6658607891129827,0.3756825458681069,3.99397012703212,1
170,0.4217901373899801,0.3699360431973526,5.45873901133086,1
171,0.3769071942195816,0.5353846670039734,5.266544670686036,1
172,0.5606132716840512,0.3594744409525916,4.373621797434913,1
173,0.45583372969559016,0.39599408555431465,1.5246493990762713,1
174,0.48440471959924597,0.7254901549760769,1.4727639315973395,0
175,0.6159405330717836,0.38415532239696304,1.536803503172108,1
176,0.4746603421797303,0.27994257468146744,6.0116490051883,1
177,0.6709681480716252,0.6052665069060639,0.287251537897984,0
178,0.4542912813520167,0.2857820631118979,2.9869472222354423,1
179,0.5265749287174419,0.541781547120682,3.076659769159262,1
180,0.7208392809403795,0.5208431749636528,4.015840719531702,1
181,0.5824983171005642,0.4219153137692036,5.479739123495166,1
182,0.4261294430138949,0.5262370484393323,0.6385133591851007,1
183,0.5037161545449762,0.690441668955434,2.1851338103923994,0
184,0.620819817324407,0.6577787160514929,2.2631536460935866,1
185,0.3951701740075844,0.6606664775863851,2.263032527018749,0
186,0.7307669664267694,0.5908001423637579,0.584405293536238,0
187,0.3455913159912882,0.2890277993004215,5.228956523852147,0
188,0.2766676028794869,0.6239610598772054,0.5085954903497916,1
189,0.6343119646088466,0.32231632019324774,0.06022679379115521,1
190,0.2798894266927459,0.46516490667921956,5.307667423913916,1
191,0.2835593424111315,0.42850561283969835,2.012156441194983,1
192,0.3096886482800717,0.4154448065649608,2.6507539402904983,1
193,0.3143147434677192,0.4671683818410809,3.744306230754995,0
194,0.557853819915852,0.4651945565899635,3.3094701247675333,1
195,0.5071108142305852,0.6064966828478113,1.5005650077655932,1
196,0.6036881223939877,0.514291468386079,0.6909835612857,1
197,0.3460584681981002,0.32875594032003597,3.9350719993412944,0
198,0.37624904020026717,0.30648418867601324,4.752103546594146,0
199,0.28776865863311535,0.5538683137464419,3.564857335356691,0
200,0.6449711385185861,0.5000722816800316,1.0518685948238367,1
201,0.4442073678131608,0.42773592103692265,2.2514710250109635,1
202,0.377030542248112,0.40832002437646453,3.951261879387388,1
203,0.5676613500115826,0.34808218925197987,3.8298313735836227,1
204,0.4685819715608347,0.7241785413032792,2.7422964476266745,1
205,0.6605028919277487,0.5876777907988665,1.282141038255031,1
206,0.7095828573139342,0.448699147236718,1.354561809952005,1
207,0.3882243111868224,0.4091335850462802,1.6336759831085712,1
208,0.46924454151309775,0.5711757071746143,4.437900479824235,1
209,0.6300322983502086,0.32725390751970096,5.634209439333807,0
210,0.5595972372851677,0.3165515450685302,3.9703197245245465,1
211,0.5810440677006853,0.5071156806808114,3.6400400941292568,1
212,0.44420812471996296,0.2643320739704512,2.584643106961185,1
213,0.26890307912721045,0.4955443529486234,4.465307070312615,1
214,0.4278110238534176,0.671068598453324,2.615048554032631,1
215,0.4279163830338655,0.3439398802855911,1.5533142216503322,1
216,0.4257728264953685,0.7510722982782613,3.0348694438706563,0
217,0.40420200002871465,0.7215662516522074,3.84356463938352,1
218,0.042134047740206,0.9832096750175521,0.3934848252073616,0
219,0.6813356845493871,0.6028597985244267,0.4068364591085765,0
220,0.731250572567713,0.5076569300857277,6.023566837166366,0
221,0.25990216146606254,0.4310127950089447,4.903731099972959,1
222,0.31538351173805124,0.5696408763484719,1.825897030246226,1
223,0.3487081148591656,0.46844151008043405,5.953777603398078,1
224,0.25753381917908685,0.4983346294062734,3.192038088512013,0
225,0.36175510683854467,0.4476188979298688,5.0508617184438,1
226,0.4214908717993692,0.6502088794889693,5.51406369260542,1
227,0.4736971980215576,0.6528928228555606,2.834154752562889,1
228,0.5567495483725918,0.27871470383963626,5.579560723965748,0
229,0.47995221983526026,0.4854484251998604,3.8364403347510105,1
230,0.539850370918974,0.5844713473831399,5.342033443845555,1
231,0.33215314183167094,0.31845512978014295,4.560474097170172,0
232,0.5993055551893682,0.6797462869150782,2.5046553419456776,1
233,0.4479785238257356,0.347116213996235,2.3521084458645545,1
234,0.6658496805792777,0.6865628292696015,5.131606496511885,1
235,0.6647080483362434,0.6672012246610401,0.10812670170043193,0
236,0.41490688597589037,0.6911586724301302,1.0581948442259574,1
237,0.7336028423478074,0.5117046987096026,1.224134544200919,1
238,0.5982530176383024,0.6057911142867195,3.232915155709742,1
239,0.6780904357097159,0.5744812069336649,5.894536172868677,1
240,0.27189948331271824,0.4847062648511437,2.0625738150575104,1
241,0.7487911074701401,0.523819581970643,5.398005401232462,0
242,0.3564825858689823,0.5226006367438947,6.094642585397988,1
243,0.3118655706917776,0.5980878658743537,5.10775389278043,1
244,0.5514826644995952,0.3027335726144685,5.322456998922968,0
245,0.666405803386272,0.4291885181885437,3.702074130312992,1
246,0.5207722153317071,0.2624389907035723,0.01314012142732146,1
247,0.9549868212162065,0.06628583019085517,0.17707049691746551,0
248,0.4204056479380484,0.7785254914971462,7.85581773870149E-4,1
249,0.36431865375315436,0.299956885469683,1.8548370978676698,1
250,0.2743039938014341,0.4205053437457335,4.208858214018702,0
251,0.5215041443507914,0.2905874543615353,2.806683162371531,1
252,0.5514952442312672,0.5157703492330991,4.5601783371241655,1
253,0.4932033481876376,0.5950855360389156,4.4348710211424756,1
254,0.9378469088231777,0.9113307092570314,2.642872392631598,0
255,0.6751066886427888,0.6184847013644005,2.3204464122783874,1
256,0.3200201057852046,0.307547682631813,5.25910556690219,1
257,0.3059385082807193,0.34567071304244507,4.501307201269288,0
258,0.38735664275873677,0.25789846747051565,4.909797280588941,0
259,0.0648797409132866,0.11349698295913199,2.3853913752558533,0
260,0.38642907450471475,0.3238574189120482,2.862820315090229,1
261,0.38668110499417757,0.29879025136272647,3.411108082856648,0
262,0.6427993377548177,0.6465803657441597,5.190303372030917,1
263,0.5872281899827241,0.41016447489149094,3.0589606235999116,1
264,0.3282609004392661,0.6192400442175072,2.3870279444053324,0
265,0.2877967764758768,0.5978168737573227,3.1062645879814323,0
266,0.5093322201214224,0.24589912979988954,2.733495799858216,1
267,0.6116209555496631,0.540986948292049,5.401185628008966,1
268,0.35590841442663584,0.5767557011846723,2.2152557303567733,0
269,0.6360667049138148,0.44065971120619907,1.125022800077227,1
270,0.5132658892828584,0.7371923240449455,6.075150990929746,1
271,0.46274054285229504,0.7062755051333617,2.9122485526528514,1
272,0.7245458630900458,0.3990596219073894,0.1025625318552725,0
273,0.49115636207502533,0.7220797979012624,0.8761748820636186,0
274,0.6463833957086076,0.6825294023176847,0.9686693389657172,0
275,0.4490702439680377,0.6603238462636365,5.020809947849474,1
276,0.6220331496867164,0.3898366583979841,6.206165273859918,1
277,0.3115394174787112,0.601330432555683,2.8171926604904325,0
278,0.3634840188821045,0.6517503324850482,2.791840656599208,0
279,0.6971756209769697,0.5410627212992721,0.2735893025802063,0
280,0.41490617686666137,0.4155231314008133,4.196872667119079,1
281,0.27224538303402845,0.41821826751332275,2.273937026265981,1
282,0.3994489908867029,0.392952025054655,3.9272795073242888,1
283,0.27457060878216893,0.4168377137851159,4.801763612918176,1
284,0.5752500767290368,0.4808223389496532,3.0109425629289026,1
285,0.9493983300852361,0.9854916511029064,4.872910717817214,0
286,0.5341491867699719,0.7378938272376093,1.6986373640878747,0
287,0.34699232837166566,0.6041833302470632,5.595347211961395,1
288,0.4433277861349758,0.4487180912017975,1.722500713350597,1
289,0.30608717008411157,0.4951434191375395,0.037423915229083775,1
290,0.5730910007003942,0.259314957628105,4.972810927963407,0
291,0.27587251737144347,0.4507358943766218,4.449789404999052,1
292,0.2997024230785802,0.6221646003975042,0.7271166637290278,1
293,0.4110380197277975,0.31733919563636187,2.482942604192118,1
294,0.4501334082505156,0.44646570955039544,5.183931419706752,1
295,0.29442247217279877,0.605488142374374,0.8884464351682851,1
296,0.42230665378410437,0.6851786028609049,2.644778577099625,0
297,0.3161928709433111,0.37211075561290075,4.737889417954919,1
298,0.594149963461386,0.2782025255830984,5.190802824098298,0
299,0.4547366832589646,0.6957640639670196,2.056177994088869,0
300,0.3081413116046685,0.4478971332867488,5.314859132037292,1
301,0.4086997774426104,0.47535755697945425,4.8397764188552115,1
302,0.31920408261831495,0.46863549135136706,2.1908477936688313,1
303,0.4199664092309512,0.25246679314175124,5.8788744894528335,1
304,0.542586952679592,0.5905839008647128,3.6708054037971225,1
305,0.4306684483807657,0.3633298666321522,4.325038858818848,1
306,0.3077404735049403,0.34822739489360255,4.302250329394701,0
307,0.5399762764161276,0.6782018972936454,1.8410555031619436,0
308,0.6140708675471668,0.6158016515460202,3.756066766782057,1
309,0.29866284420502304,0.6108736937617265,2.33896041064535,0
310,0.7005879406789259,0.36582335868459964,1.4932087739776663,1
311,0.31943979161187236,0.6321422543398669,1.5998035246493723,0
312,0.6847791245802678,0.4196612283357396,5.63434572167025,0
313,0.6671680612493366,0.39189277421148505,5.940015366364532,0
314,0.4782929874341106,0.6921834317199868,2.495638396552423,0
315,0.3885605599749621,0.4423321710903755,5.197665136379687,1
316,0.6199888527728475,0.4852996949233705,2.6370754684170166,1
317,0.2785406855762088,0.46963477599048997,2.0932792761949552,1
318,0.4397422619465793,0.6801096418978235,2.14350226813341,0
319,0.3324259980105843,0.4953318380921077,5.810096762705398,1
320,0.7198910116883235,0.40740948658680237,4.980623911023794,0
321,0.2979609882151014,0.5421375809502655,5.062065955343391,1
322,0.3766254233247328,0.48852081338435754,5.380583122686683,1
323,0.708335937752332,0.5567927354102712,0.3707498753411209,0
324,0.4176447243154491,0.2727620779471858,5.323888996675423,0
325,0.30132950793331786,0.43693274561108886,4.272969998968344,1
326,0.4799819619575412,0.43967853727271805,5.118490537115443,1
327,0.5359457156819941,0.45103007140218876,0.5373948210962903,1
328,0.6639611248049779,0.5254385808433397,3.850992250321277,1
329,0.7272868960856422,0.5123536477638632,0.7943701499905812,0
330,0.4501164614795293,0.5685410858497388,5.961747145461899,1
331,0.5573596639652816,0.4679251576731807,3.319190132627065,1
332,0.34990065853246943,0.35595838131609286,3.9102764117224433,0
333,0.5300557175951507,0.289716466720762,2.1743021957811135,1
334,0.2602554554915867,0.46710302696697764,2.3091574946265943,0
335,0.3465382796964008,0.4527029721397846,3.156695795386582,1
336,0.7057384709268051,0.47868485320656035,4.683987430541748,1
337,0.33338031576316457,0.41686601729906936,3.035407671497277,1
338,0.6210063319713888,0.3757325014933446,0.5163130405993447,1
339,0.6737716180943258,0.4898516611932337,0.6042382947512906,1
340,0.359583630136413,0.34317850976251396,2.0032442252306906,1
341,0.2582860351630288,0.5230023543972365,4.235310114281487,1
342,0.5735535140396558,0.4823472715576511,5.248668275457447,1
343,0.44672163037016893,0.47469188536050766,2.309676942079773,1
344,0.24706372768083906,0.4206965271265724,2.8606753377675984,0
345,0.518677566782794,0.2532326341449939,6.111367220568297,1
346,0.550437155024799,0.7128845906103063,0.8786912569153075,0
347,0.2621494165540665,0.5584663399284044,4.667696526932864,1
348,0.45965233129542865,0.3465671242259782,5.124731712405596,1
349,0.5307124900000947,0.7143977156283025,1.1405394978139949,0
350,0.5187303352655724,0.7188365182593044,1.8166875619732288,0
351,0.45563151009484953,0.7096176924089064,2.365497280454353,0
352,0.5139158733812857,0.5362714542745909,1.3266956577398097,1
353,0.3339571718507375,0.48590540051850994,0.03801141579270312,1
354,0.4586361576437567,0.33211754097053126,4.87880713101711,1
355,0.7227160395084528,0.5449797817875944,0.8965734106066523,0
356,0.4156126422195169,0.4096202044995096,1.0490276515323353,1
357,0.5722124618509341,0.34076842428447257,5.793348803939668,1
358,0.4144629401513493,0.5054661793127367,6.173677407611908,1
359,0.679760363906393,0.3864171647366596,4.4914333163793145,1
360,0.5629967119594742,0.290693492119047,4.906211758751439,0
361,0.7188459648667699,0.5762032420518465,1.363506498236982,0
362,0.5915316189392714,0.6550106039850032,4.554684007233717,1
363,0.7253371259663274,0.4177213345223113,5.165662883201333,0
364,0.9600826498897335,0.9618975303258299,4.624444392184336,0
365,0.38133816198664766,0.4131409603555409,2.995207956087379,1
366,0.4747644648184423,0.2810851234014745,4.525916712611094,0
367,0.4505796868697887,0.3206215756164903,1.6114250712610656,1
368,0.6000780709153294,0.5969697395754641,1.8222832908364615,1
369,0.5709616727465588,0.7388438990865847,0.9591627111931098,0
370,0.6413235610025841,0.6535611225784682,0.6723401750721925,0
371,0.3947170896808797,0.4716075596513937,2.619743157715891,1
372,0.4098437987233661,0.35720158891484377,4.605471396195481,1
373,0.3596517506916661,0.4496852051987176,3.7580894564417937,1
374,0.4310606971541312,0.5282131167130895,6.000274617274318,1
375,0.5112390604284144,0.4077049817164499,1.0148241040458315,1
376,0.5070944694369518,0.714015911823574,1.295018505655179,0
377,0.5823434577686084,0.31733790055112454,1.5370680408153161,1
378,0.6310108736270977,0.6102275870012944,0.49702324325888925,1
379,0.3474917973923102,0.30893260353613045,4.051749358707324,0
380,0.6575935375870361,0.6616239958797033,5.495058903053852,1
381,0.3563543570146357,0.34095091650192244,0.7962546263019945,1
382,0.4700578718713476,0.49450627572863765,2.030307756703635,1
383,0.7378955331011715,0.4906836386351425,5.303441772162809,1
384,0.3643273785247745,0.6535581012392423,2.256958974785083,0
385,0.5640119296399922,0.4979386162563153,5.49260514862557,1
386,0.3752758863948094,0.32294517004812545,5.34893109761748,1
387,0.46309502014991055,0.32079386859376835,3.558097133339655,1
388,0.3003012654054354,0.4738851492943012,0.1669284304533647,1
389,0.31281484329324594,0.6600092550430602,1.6366514221185813,0
390,0.5423697258982567,0.6294425211239953,5.689282268829468,1
391,0.6580904845316107,0.3197628099675057,5.416207753984584,0
392,0.4612787252493506,0.4659483631935728,0.8803403332333605,1
393,0.3619435262169876,0.3207346565941417,1.7924539458740865,1
394,0.4511066196123205,0.26004867447782914,3.2240942667833314,1
395,0.26577845567501895,0.5828963472606872,0.9768436553456714,1
396,0.3344317766257003,0.6641256411948211,0.7085957888505694,1
397,0.6293819913609878,0.5798516643951056,0.5546610030787074,1
398,0.3049146530607358,0.38319890929384204,2.9086911455445663,0
399,0.5522362044173286,0.3170375760221185,4.422400226107858,1
400,0.6514697653154045,0.4531301341728676,3.2980187905851372,1
401,0.7197708587621641,0.504456719299577,4.787782298400066,1
402,0.41546411636767555,0.7121978944711632,2.093095224173494,0
403,0.688145409017467,0.6627941116448414,6.152687844645459,0
404,0.6070729199736314,0.35080744298655125,5.067050031052414,0
405,0.4996537798617496,0.4828224819043176,4.01898468186972,1
406,0.5782240618115317,0.43342518435802524,5.587591697941888,1
407,0.369584396733348,0.41791305107893867,4.95583848848854,1
408,0.5108656455766061,0.3444301476218116,2.0222505084005284,1
409,0.6926522993913378,0.5951727632294644,4.171735587004721,1
410,0.5535527769900663,0.6680740064357311,1.2922331033356416,0
411,0.539005461001389,0.6926816165465706,0.7339555294455842,0
412,0.3182425466983892,0.475454411095791,4.201043244297025,1
413,0.4910821546710796,0.6765680442251185,1.6063744783567162,0
414,0.6249727968269233,0.37975496171785567,4.853033433145133,1
415,0.5748738345353183,0.48627331994895034,3.5251839646215135,1
416,0.4094089159581233,0.6323612937900592,3.915005444227792,1
417,0.6452763182174339,0.5583826481447618,4.852163707759994,1
418,0.5187009510881112,0.5816792538814364,3.5560306458241016,1
419,0.39046610668491605,0.29356506590840953,5.209859822227548,0
420,0.01119551576602174,0.7833134886542967,4.534917523773491,0
421,0.291269133007682,0.42312945439283317,4.986414873418519,1
422,0.3767689033025655,0.2921245339623858,4.1535168468056005,0
423,0.34286786186622836,0.4942863088056011,4.144622535093035,1
424,0.4120232196805361,0.35126343149070427,3.6360476235607915,1
425,0.7021495505317972,0.6023677817917626,2.1191132830211443,1
426,0.390421777535856,0.4763003501987426,1.1232569323330976,1
427,0.3369540143997537,0.35449066424913234,2.949509784024607,0
428,0.3051180233762653,0.40719746197871565,5.349253759422469,1
429,0.47571779051441887,0.4829378622181913,2.3407278366379947,1
430,0.4534635169038999,0.2475538874696042,5.721053066941412,0
431,0.5190702606328659,0.6055179616044201,5.618077649981355,1
432,0.5814580112403267,0.6160627903672187,3.6761251850473253,1
433,0.676033721709875,0.5985586025267583,2.4642929154720767,1
434,0.41731803289749264,0.4406603718189219,0.7681416151309148,1
435,0.6168007386212645,0.3154710902256618,4.343784877986212,1
436,0.4703113890389151,0.554429862875866,1.0721558847395176,1
437,0.5748568203544168,0.4965051711539348,1.8534059411465278,1
438,0.727406669808299,0.42196610352057684,0.3029308354944952,0
439,0.4186720801093577,0.5758649128794672,3.759191445207266,1
440,0.24685509404048542,0.3942656907163199,2.80862345415191,0
441,0.5901966051945698,0.32200582138200656,2.941090517963228,1
442,0.9495031146648809,0.9522268903615293,2.161680544640161,0
443,0.40906857863545243,0.5624071634542608,0.4701638607675575,1
444,0.6741306826609182,0.35418794765665007,5.765479827602429,0
445,0.38503029252923937,0.471411170831475,1.915250653621507,1
446,0.3818252927967658,0.40753067071561866,0.200489678409296,1
447,0.35597434569415526,0.6507512882269574,3.644719460806431,1
448,0.4068485530914983,0.6704409657917741,1.259111019019569,1
449,0.7241042005080867,0.5095531463125792,0.14124822637344567,0
450,0.47043363310721426,0.7156544604018805,3.070659345224098,1
451,0.6664924713433614,0.5246853560837668,5.8859601503908765,1
452,0.45091834120040253,0.44819764554066244,3.3872829681329013,1
453,0.4917210149492633,0.7038351613132277,1.2911324743219836,0
454,0.5697080202129128,0.3433205523914175,3.6480045628260744,1
455,0.2663872654027524,0.4130240138158328,5.120981922815941,1
456,0.5152535447766934,0.7304925629852353,5.674658221980108,1
457,0.5650315857424458,0.6811355117697659,1.257878081846343,0
458,0.6489399778824454,0.6761805622274203,0.9568412953177713,0
459,0.45379913945561606,0.27098234116173486,3.947816640155465,0
460,0.6522078924031353,0.425637432899565,3.733339566875605,1
461,0.6448714459718475,0.6562459114632322,5.901750651524487,1
462,0.533023021206637,0.6620239822449129,1.2084999693940046,1
463,0.49995666701899666,0.25355390750557777,4.649768799894539,0
464,0.4254154650721563,0.5107904771660683,2.3822002265256055,1
465,0.600232433291305,0.4590795195421915,6.280284594352317,1
466,0.3939069221256525,0.3960790343641502,2.2149551527361715,1
467,0.6845701941867078,0.39118579261238984,0.2121897113949082,1
468,0.5460343249065579,0.7278983277957446,1.071428133056173,0
469,0.3444524355065022,0.612673255710918,4.6359012902818595,1
470,0.5210602915131698,0.33397731595895397,5.109474998388649,0
471,0.31870745345629176,0.5992442167778076,0.7995780685183195,1
472,0.7170428920446164,0.5800682136839934,5.45195552810601,1
473,0.28890115547797957,0.5397084565518168,2.2045406938886387,0
474,0.7445461723228399,0.5384035921040895,0.8576137871325257,0
475,0.6312700784608047,0.46294830136458387,3.9074223153696943,1
476,0.6724873739649463,0.6318892803686603,5.20102472386244,1
477,0.3919592849637815,0.6692138685037271,3.1559370981306536,1
478,0.587932795543417,0.6046794940920585,2.948352652099973,1
479,0.7242463566229038,0.4052396810145103,5.664634467730541,0
480,0.3848148568736763,0.6734634867858224,2.182447533344513,0
481,0.2541136978123557,0.4435112234052549,4.5803506577984345,1
482,0.38488465239440656,0.7156695350625204,2.3538810803247814,0
483,0.4956130391818763,0.2851398830509819,3.1581940186248514,1
484,0.35180006459757646,0.27427468182052916,5.6101476511539445,1
485,0.9069793537450146,0.8856583466710042,5.8741157082217725,0
486,0.6935636113417426,0.49615053345950216,1.5876497833088496,1
487,0.520405075772492,0.7324125568112175,2.339747306686017,0
488,0.9211528998142019,0.07001145273493684,4.901279178992044,0
489,0.40544873756113253,0.37823920108069986,4.704034207408751,1
490,0.2991380756770488,0.6402384867230645,2.3308439673926973,0
491,0.2752923907802048,0.4714983413584791,3.0422846688844856,0
492,0.41117838664438205,0.5582304763819356,5.885423682221981,1
493,0.5850441875940922,0.557417011798795,4.66147530771862,1
494,0.7389669980281874,0.39155506610856844,4.288056438167314,1
495,0.3797087156269262,0.6582516310707597,2.0668860000758515,0
496,0.4383916431225561,0.4100435865739113,4.4228413103234185,1
497,0.295864825380152,0.5928908542262069,4.503197905509621,1
498,0.4582138753933279,0.6500320945100542,3.8591739938599763,1
499,0.4956332050457336,0.5913218392705095,3.242977918575443,1
500,0.49029474365275516,0.6965836372171875,1.7806295503086373,0
501,0.72569320517435,0.40626302767508715,0.38812763185871035,0
502,0.6560033633641974,0.3543695096980975,0.13237604531814418,1
503,0.6487892965738745,0.587443487418263,0.2983164109778632,1
504,0.28791094272879736,0.40650894941512705,5.08801918668635,1
505,0.3428754523449248,0.3454940544414247,1.6457713335504054,1
506,0.5525714221181093,0.7111316863994875,0.32132827629195276,0
507,0.3774513773632812,0.6234648190906479,2.5055950972074985,0
508,0.30079047893690253,0.39715144419688303,2.707387188245054,1
509,0.33888252126256657,0.6507475583588467,4.508478057822933,1
510,0.30184052583273707,0.4252005735835768,5.868476941695779,1
511,0.3962115524503389,0.6749296839716993,2.7668269993685675,1
512,0.7055048130845519,0.3676585250859695,5.916750789479524,0
513,0.3405098437510083,0.29630131675541216,3.108272991332738,0
514,0.31546216044088454,0.42078846319715824,0.7152826650549774,1
515,0.678338230046632,0.3487608283678916,3.6528644056662944,1
516,0.5264144421942886,0.3140099152853647,5.143130349854595,0
517,0.39604414123474063,0.5543456117912745,1.1217943012397054,1
518,0.49106429051508566,0.6872149552812826,4.507602902328824,1
519,0.626453004015562,0.47327852428041994,5.930660580516803,1
520,0.6538915456466174,0.583648392903669,2.208839108384772,1
521,0.6024563022327823,0.3607583664008938,2.627038206428472,1
522,0.5353066643752481,0.6328536955755282,2.5790712219996945,1
523,0.6019856497920276,0.2910039230305294,1.2119504005339818,1
524,0.5248493925001955,0.597061882450545,3.448264234128398,1
525,0.5681250503794263,0.5337902924710636,2.631272782573712,1
526,0.5219505242478985,0.5580377838805843,5.712627514040813,1
527,0.6256870714600287,0.5919336218020269,0.38248958597773663,1
528,0.5645891636628112,0.6640257480395104,0.15925091973177766,1
529,0.7204119490194851,0.4673757468439231,5.3555028810634715,1
530,0.4529244875497671,0.3603902948519432,1.5105026090296279,1
531,0.5222148170084622,0.6969758255884575,1.7827331340461006,0
532,0.5402573378265588,0.5535102227289972,1.2355125799918323,1
533,0.6282186665365319,0.5305309791148547,0.6731225236746199,1
534,0.49389072818301505,0.3988670273667244,4.028475393929155,1
535,0.6551087637074323,0.4965058641063313,2.0712194178283245,1
536,0.6492633934448833,0.40198592884688444,0.1854640137001187,1
537,0.35250610065692134,0.375424566233087,2.456201701874263,1
538,0.4918363706854987,0.4260789283138661,1.2049700436276831,1
539,0.650728524877487,0.6801678741989128,1.3063674654715554,0
540,0.3404526368042013,0.4941239889785216,1.7752941854557374,1
541,0.2768734587325299,0.4183476331804556,5.330219025466174,1
542,0.38210218087596465,0.5147542821794588,4.743842637054107,1
543,0.6332555677143338,0.6164658957507156,0.5698229897511367,1
544,0.4907991669586152,0.6508959129897262,4.971347417976689,1
545,0.7166841770938607,0.4800886131549746,2.302677481858465,1
546,0.3422784374851309,0.5165286876339882,1.1791639668014804,1
547,0.3620156303715736,0.3156396177615165,2.955656109606132,1
548,0.37231272929280174,0.428748937208308,4.188280021986891,1
549,0.40924201180686853,0.6640725917377059,3.7949610853701876,1
550,0.42696081857955975,0.34232988195502567,1.6321429176372106,1
551,0.6333231123781295,0.593741134639025,6.073643421818732,1
552,0.6139915675816559,0.5291180735973651,3.7219306333247077,1
553,0.40694807969918584,0.7307992046523791,1.7384281406096878,0
554,0.5004714144652418,0.4875395603680932,6.128233613548666,1
555,0.26772615891704027,0.4119425224624468,3.2466951563522546,0
556,0.2784448857886879,0.5916224221458917,2.40964214473288,0
557,0.38865952988494457,0.3990000158738081,2.5722108780325597,1
558,0.4951491414685417,0.6164666433210587,5.582428703257727,1
559,0.5463919437657235,0.2931148872717302,5.059070161404264,0
560,0.5929890250794766,0.7052164674757967,0.20655397726037739,0
561,0.669012063652818,0.649585846698959,1.2730479638009424,0
562,0.04366866375180454,0.07577839102781418,4.8834065641552495,0
563,0.28888690972344794,0.5792496932936012,0.7765937211047053,1
564,0.7068865252602787,0.6044714218252435,0.7835008096601163,0
565,0.595100844698778,0.5722251299735118,3.437616965543023,1
566,0.4553174151246529,0.735997257700728,2.404722844221561,0
567,0.7028255486855608,0.5343812996732474,4.573583846004848,1
568,0.501483516844385,0.2988255965380567,4.0902108966416195,1
569,0.037437644794843815,0.9211608718426472,3.6311617421765665,0
570,0.5601234671230918,0.5634666018027894,5.559410953264186,1
571,0.3805354526921305,0.5738100755205874,1.051408626646294,1
572,0.5796451136153228,0.6069936719388896,1.7295546896168634,1
573,0.4846272721693481,0.25484620723491525,5.423233591421293,0
574,0.6436066705538683,0.6725261990759884,6.125502842969814,1
575,0.6794019362845671,0.5514104634282978,6.259731210153326,1
576,0.5928427441553991,0.34574483598469313,1.8844173147814385,1
577,0.5711841930700197,0.5813518687484575,3.9193901022557944,1
578,0.3557006355246484,0.6445272301909774,2.0102220818211167,0
579,0.709379358282417,0.48890803974995284,5.858892592892213,0
580,0.37502382816248425,0.6558517454971623,0.16347763809105537,1
581,0.5272811539577569,0.6291004077840531,2.729055029218367,1
582,0.6188048172247633,0.6447360945978423,6.073110261975392,1
583,0.32494922077019206,0.5738970820609849,3.186721859038012,0
584,0.5773238771073333,0.3409202472978586,0.1544336079067195,1
585,0.2977664048051122,0.3722006606005552,4.626246771204471,0
586,0.7269695512825496,0.580276679156962,6.158718156379377,0
587,0.2891630479477846,0.3984670558191499,2.807880155519429,0
588,0.6169527735203745,0.3752904260177881,3.2228578513063857,1
589,0.6899347060719183,0.5750870629894503,0.8367720626109553,0
590,0.6382489327188714,0.6874971646307387,5.446314588991185,1
591,0.2662914889497007,0.48722362002544023,2.7851088527214958,0
592,0.5699852681047382,0.6922885371892881,2.135966374636143,1
593,0.45952707624298433,0.5878311085051046,5.001693169226521,1
594,0.37126091712022175,0.6022346653130005,4.632165102420886,1
595,0.6633877690165416,0.37176492229776664,5.485585031114111,0
596,0.9989903350371876,0.06094780145496752,5.81398351130748,0
597,0.35089964267596113,0.3208916691971037,3.049809627186252,0
598,0.5025459524276609,0.7582327926985609,2.9328316611641942,0
599,0.4371471768696259,0.6831685133268349,1.8743326433484004,0
600,0.7410069794318543,0.5110615409000532,1.112594511249357,1
601,0.7043968045667869,0.6654144465387638,6.282855737885414,0
602,0.46962152508392113,0.717157077325863,1.8579499333126752,0
603,0.4108871586952681,0.5650549857792533,2.22775057154153,1
604,0.31756978407581,0.3530088346363162,3.735253720755265,0
605,0.6400989375138492,0.32666720689600615,4.9550120128027775,0
606,0.6288880672315278,0.5049683272791674,4.296272554041308,1
607,0.66443858494318,0.3759728216943657,3.480369266359661,1
608,0.5174606754656889,0.6746428426244988,5.695929981360805,1
609,0.7459841663678014,0.5005101091411592,0.3338645199178537,0
610,0.6759908920422917,0.41951835647585306,5.875674755917779,0
611,0.6635661931193704,0.6494857744346474,5.530527729175048,1
612,0.2896324991816901,0.5050554790386402,3.1882335403463062,0
613,0.37935884023140554,0.3248370141552178,1.8673156553798558,1
614,0.32835376715890885,0.4529415017409605,0.13949235897141316,1
615,0.6105703460624542,0.5965182459981919,4.139933677929399,1
616,0.2724774296501328,0.5474456014803286,2.855764771218204,0
617,0.504901672976768,0.49089038326223844,1.214274089606645,1
618,0.3186899283021565,0.6126858894100845,4.388799414987665,1
619,0.3788721931496829,0.2831440951734439,2.106520290305148,1
620,0.26605967180841233,0.4408801322446976,4.028452089475091,0
621,0.5435630480212337,0.5245886318382366,4.6083465763265234,1
622,0.28967796606544977,0.41726397051821335,3.368702418701567,0
623,0.47134172361247406,0.40549954775823954,3.72581258512576,1
624,0.4364957994562303,0.6947490038958183,3.5298404146598705,1
625,0.4288207234073343,0.32682936650484284,3.971354183719302,1
626,0.740673660910319,0.4305518626282252,0.21339635464602044,0
627,0.9376100143001096,0.16314121676576046,4.755287759205039,0
628,0.3610679496093208,0.30832933240509647,1.2444745861955173,1
629,0.6270135396280073,0.3239884871935808,6.100028980011731,1
630,0.5646991747401202,0.5969679065876246,4.733268097022289,1
631,0.7409284353028217,0.5406490908960172,5.370548862656027,0
632,0.7726481689303065,0.4993994497880409,6.1006240089179355,0
633,0.6407843130517166,0.4289848444477185,0.4907867645949702,1
634,0.10160840577616197,0.8380153691150691,4.364215435800675,0
635,0.6179106467592927,0.6770243912757521,0.3530484789418775,0
636,0.6559795398112054,0.6493931978784007,1.7601968995144563,0
637,0.45357573286669584,0.29191263774950976,1.918693426894185,1
638,0.3431098302426105,0.5249682879937504,5.594678785343995,1
639,0.4931921305404836,0.2729638037725443,4.083267100261362,0
640,0.714104839594293,0.5677938570110574,1.6574722559416992,1
641,0.4074840221995768,0.6802260240077619,5.157795175586225,1
642,0.5568949197716727,0.43550745448586425,2.8650858590069657,1
643,0.11685473467650263,0.9186436470400987,4.542803903596407,0
644,0.3993519192024923,0.6490883651505268,5.907740500465963,1
645,0.6151861333515356,0.6260580842694963,1.1508231975459284,1
646,0.44423810699655636,0.7283813514911635,1.1422889787820254,0
647,0.4873614525581448,0.2684622313004011,5.113524029123213,0
648,0.5081955575815208,0.36879660652037477,2.2189588333858765,1
649,0.47182551128560807,0.6404926285482854,1.0425016138421206,1
650,0.6644611137110553,0.592089865676908,3.699148093746218,1
651,0.596088682088315,0.6757940995790407,0.6344768679547875,0
652,0.5812309425586619,0.7125745677615783,5.431873421958783,1
653,0.4954685213402436,0.25435535440224205,5.134224108595886,0
654,0.6433245750888701,0.5574422114863401,6.029453247808328,1
655,0.25484216885266636,0.47181686308341375,1.4003097052101396,1
656,0.40196825612537623,0.28211057085927893,3.115341763273715,1
657,0.5645314830354109,0.5079289394761441,4.029418313702516,1
658,0.7185112524341775,0.5991428768253861,5.871570272243314,0
659,0.6487737103830192,0.4906578793693068,4.133604307050039,1
660,0.7518980030932844,0.5272919847996012,1.213829843065081,0
661,0.30386041180410717,0.43860932587587786,4.692768057755586,1
662,0.6887355986859074,0.44893844530573257,5.759731872695194,0
663,0.3386983146555889,0.506392949631417,2.266984648180114,1
664,0.507983295766918,0.762096974480105,2.7475088662438427,0
665,0.44083185157064037,0.7137386267639952,2.10458371586489,0
666,0.3084844475421466,0.5246293165542777,1.7721940775022251,1
667,0.34977394977428033,0.6504629835165343,6.217027112757107,1
668,0.37878226795515774,0.25974825243658367,3.821575266881387,0
669,0.5593230659901423,0.336362355442359,3.9204315778596515,1
670,0.6235808106627768,0.622338330652566,0.8272643381767616,1
671,0.6758593819515605,0.5147175355111855,4.911931552788717,1
672,0.3121205027503239,0.4449045199263168,2.154421294704858,1
673,0.7012773457938057,0.47320490732290765,5.654213048389044,1
674,0.5114909753940549,0.6265581733105938,3.4456082974805056,1
675,0.49893316555009687,0.7368477687764626,0.09724559876860578,1
676,0.7257043829015433,0.494425667913658,0.20262961455501494,0
677,0.45180378116918024,0.5700398911255978,4.503122286077425,1
678,0.39191786766103726,0.5830712088644932,3.3023129278759136,1
679,0.2748832599876326,0.5468318128960115,3.6053807027329214,0
680,0.7142775118899969,0.42246970240406434,4.748933720473889,1
681,0.26485402313133427,0.4752816765864715,2.7090395295972747,0
682,0.2815857721295473,0.39277911036409197,5.293228470025559,1
683,0.373436727571293,0.4334772308029656,1.9416974824115405,1
684,0.26789719964987846,0.4530741003782712,0.6818631783015703,1
685,0.8844948153123879,0.9264280771370224,2.162090339101217,0
686,0.5685439422650796,0.5018774914855337,5.934714754280647,1
687,0.49763715405993064,0.6520641621253569,5.140522858830226,1
688,0.7334369425812725,0.43204042827983674,0.2060507451474854,0
689,0.6182636371157104,0.5694670208676751,4.4523934000553576,1
690,0.6851104124422367,0.5676104566893448,6.112142598203086,1
691,0.3650044474822006,0.5347999272869497,1.3452806306839904,1
692,0.39543933889331,0.2749598213617483,5.017052724457836,0
693,0.9554987542450247,0.025684850461665305,1.6179763659010125,0
694,0.7332306322000967,0.4458142906092314,4.881512848646506,1
695,0.6891882962570192,0.567390982041737,4.776675353059555,1
696,0.3985032792996187,0.4157143165404564,2.5116187497270404,1
697,0.5727700712087817,0.6676648285251835,6.157536705995113,1
698,0.41707765589773127,0.40005465903069604,0.5589381645406197,1
699,0.6288713525708932,0.6876167606489961,0.08985778296504911,0
700,0.5593710953847365,0.45943200383188637,6.017717999811147,1
701,0.05684499805978694,0.0,2.6772287055233854,0
702,0.43925586760487395,0.3006151858670537,1.8840392055984052,1
703,0.3999201544709281,0.40046710736796953,0.18912052495753612,1
704,0.6636289033229915,0.5258420814996688,5.261929341839779,1
705,0.4576226463714935,0.3729775196731809,0.14721951293303343,1
706,0.46053931761408207,0.6245062883753278,5.973300879323286,1
707,0.6748413069990528,0.3520947839126529,5.488952526068866,0
708,0.39788396605977633,0.6947841057325767,1.4604507605004051,0
709,0.29856761419804473,0.5664199373387577,4.900096261421454,1
710,0.15925638882186488,0.9620460284578759,3.9831995500087682,0
711,0.2689594419750595,0.5885461806680333,1.3350240007639194,1
712,0.6918359082896636,0.33213520813965525,3.709660474976948,1
713,0.706205612781357,0.5878405369279139,3.1015093075316162,1
714,0.5527966480299691,0.3892733146229981,0.730483505284798,1
715,0.6045291147279991,0.39488599010566483,1.9082836916531625,1
716,0.4685509792208811,0.32092783584623663,4.876574396145086,1
717,0.34744524208335725,0.4637322565775655,1.0368812574332393,1
718,0.511285864864604,0.5150909122080805,0.5498642767279891,1
719,0.33497028467274775,0.29954131470142126,4.651426785537785,0
720,0.3071438492017223,0.6113448418665653,4.174645321891289,1
721,0.6357668165997684,0.4572556641880513,5.555019882165186,1
722,0.4424120103771768,0.7103496571859772,0.4062815730874373,1
723,0.6262739503852762,0.2779847470268055,0.5379122954094698,1
724,0.7174519556174164,0.5434722976561335,0.38353962634269884,0
725,0.6452084057289442,0.46114728395741095,2.692761244866833,1
726,0.41827035945440993,0.2859727507714565,5.838311678271919,1
727,0.49104155648156345,0.2860774350678102,2.19813537978388,1
728,0.4293847504812902,0.3415109928130606,1.7176086664628816,1
729,0.5430584266504651,0.39874246039579964,2.182642878959527,1
730,0.3910314010120673,0.5585925575911007,5.474154001045525,1
731,0.6451848657993685,0.4220830440910221,6.019653202631697,1
732,0.37940718084461894,0.5995979085026842,2.6464194513426857,1
733,0.6123418196445751,0.7029578535519798,0.2975046450219785,0
734,0.5065741054131889,0.4010093054379008,3.0466385699338647,1
735,0.3160535218945878,0.32072898805753913,6.115119049694997,1
736,0.5840183116296997,0.7128945805971962,3.631476890409815,1
737,0.3088343977689695,0.4375199312291494,3.021726991383084,0
738,0.3855027927634995,0.4682538348261058,0.10368285413833932,1
739,0.3558878119985288,0.3059983937670256,3.95049358454047,0
740,0.71773934422844,0.568187682331744,4.825663571007404,1
741,0.4596378128025615,0.5949689466233302,5.750633076698673,1
742,0.29335275162585644,0.34631453918665756,4.091519022901705,0
743,0.3230762530601441,0.3844888242077183,4.150841726886198,0
744,0.5424136799896291,0.7165910750792245,1.9775171274580163,0
745,0.6147336835900926,0.6375288200083472,3.6332299726851103,1
746,0.5719687562960943,0.7463633020678905,1.4758558048672572,0
747,0.5010227444291535,0.5385241943648585,1.1045043990701895,1
748,0.6690670948822431,0.6058542475531467,2.322371110587789,1
749,0.4731946256166343,0.7388265478449734,0.5545565220938511,0
750,0.6151975733581694,0.3517189252532427,4.334740894054871,1
751,0.38961122680237764,0.4068254026856204,3.589311908984292,1
752,0.22369039129924292,0.40138504196054964,4.142385223968533,0
753,0.3181393635394531,0.5185482375919173,4.326253551856992,1
754,0.7162978199674849,0.5604687822925788,1.17038162077142,1
755,0.8285722514522055,0.040318526459248015,6.097306182663649,0
756,0.6619520521186804,0.3603586586652834,5.5587680242472475,0
757,0.7376105982858331,0.4433839525698406,5.182812602219867,0
758,0.651837204561657,0.5954922948845344,4.4214422494798145,1
759,0.7281730339333778,0.3902262694515985,0.5599553567759795,0
760,0.43381232345629617,0.2570228719943865,4.6721709670987215,0
761,0.74820407870245,0.5593485001893397,6.0700839874076316,0
762,0.5301540414348502,0.5809733159502466,4.413793828558861,1
763,0.31796273556843835,0.33388402387268745,3.1894342023795943,0
764,0.3259246845402848,0.32907204908058846,1.2419034743964694,1
765,0.45895030668105885,0.2837183548295042,3.423887162972928,1
766,0.5413472934860427,0.41447557073906793,3.034196977570542,1
767,0.5466007725157912,0.4374667059157064,4.6604542165949185,1
768,0.8551844389606865,0.03859768689305535,4.655529999497093,0
769,0.51953842643695,0.5906147979843309,0.7356529635275701,1
770,0.43219698798209777,0.6365046722759246,3.204006596935031,1
771,0.4929959010710606,0.5977509656825909,6.165086876464937,1
772,0.38186392946490955,0.677054588990924,0.4604997808280228,1
773,0.40129466837380495,0.378085018437535,3.8763810425491574,1
774,0.4125535196840366,0.6264097781473112,0.46788567577542406,1
775,0.3509609394731256,0.5640351404354009,1.136915801591737,1
776,0.7452248721059014,0.4174297746702596,5.918370722025802,0
777,0.6430067030583658,0.6002490480844253,3.9120536256802487,1
778,0.32495601211748265,0.354683625700026,4.967366557249774,1
779,0.05544777374007666,0.04737888902526325,5.5053411990011965,0
780,0.6241620083546725,0.6221249503586302,1.5617005579167813,1
781,0.2728313100293811,0.39129492695871654,1.9744669762586804,1
782,0.6946679378942028,0.6054110045355019,1.0982069120158742,0
783,0.5786581732423829,0.6266126589041815,3.9544806885394377,1
784,0.45205330276715366,0.3261335243591935,6.089334535960848,1
785,0.3413639849612129,0.29479857113969393,2.9391235527082924,0
786,0.667422147342346,0.5376496693773246,6.140070096347753,1
787,0.4884043346679565,0.6491612107265273,5.985164153441458,1
788,0.4105763130900559,0.5679299818718193,3.7113138331899598,1
789,0.4561390776359193,0.33004123300035304,4.2808365431784745,1
790,0.39305988652428486,0.49034439854527967,0.6088852738097444,1
791,0.5984904905889602,0.3382735094365763,4.104307565856157,1
792,0.5902899864899265,0.2816811114718004,4.2968518828644315,0
793,0.346292548168583,0.5174982949421781,3.2091973418999564,1
794,0.7521218405751895,0.5526311040749637,6.273335105126571,0
795,0.49564527258791613,0.4985362713635706,2.9704215872057147,1
796,0.48208634139793455,0.35404518381422284,3.0195098220094923,1
797,0.44683562355184275,0.2765916565363351,2.1598231269175234,1
798,0.2910799682428375,0.5623522452931642,4.509482291434016,1
799,0.4036640605293963,0.5658310226671539,4.931865680004412,1
800,0.744361122436836,0.4758072265161226,5.221062061169883,0
801,0.38920770214974404,0.532683404085285,3.8523738883663285,1
802,0.5333119268213448,0.34646743518285716,0.3261984774981662,1
803,0.464462595753021,0.5287927303770678,5.338386815610692,1
804,0.641343081236594,0.6096108046122364,0.25231673729013926,1
805,0.30129380410562556,0.41677607224552293,3.276018627736037,0
806,0.5718968989282948,0.6127997070864166,5.896280248469043,1
807,0.5743369307535806,0.6506798431576516,2.058020553427876,1
808,0.3829933392983711,0.643836816093571,0.022086207491038432,1
809,0.3192880226053223,0.36642789674838383,5.45207905855707,1
810,0.6970895362874187,0.3299972001480083,0.37603678564793663,0
811,0.5650850676073665,0.5391244994420942,5.329854616200109,1
812,0.5124414814176302,0.6600876743950866,0.8428444257344738,1
813,0.5525870462633613,0.3129073142242963,0.39943465294820696,1
814,0.39427755567067435,0.450589479416406,1.1483745261143732,1
815,0.5781195709194853,0.295321322359796,4.586580386752141,0
816,0.340641086342586,0.5524453117020942,6.052883426915045,1
817,0.46113348154071804,0.2849438300966819,1.155129744248569,1
818,0.5175977968257326,0.34624046285902926,4.731982018563252,1
819,0.6279137284838194,0.5925244041845321,4.868121825220546,1
820,0.3299260906317499,0.29665876475010483,3.0995608452421797,0
821,0.30248675414921294,0.5026430265869873,0.450118240944958,1
822,0.40619271367850024,0.34103083586631944,2.6751953998483047,1
823,0.633745093228869,0.46591236763593247,1.7640985796781186,1
824,0.655494245008144,0.49872906310387166,5.574209678171756,1
825,0.3433917271294395,0.3811784330353814,0.573383092580394,1
826,0.47358807178383855,0.41308508746474126,2.6683632581963206,1
827,0.4158443671127103,0.26677752656390735,4.013599578309683,0
828,0.23818284543639667,0.520573699839367,3.458940149184569,0
829,0.6164035630598983,0.4254783787037482,2.199769782832171,1
830,0.590613086378527,0.5577604320287312,0.7779683844446234,1
831,0.7529352187584163,0.5623949650448076,0.27811088083100843,0
832,0.5078613602722686,0.5330035026397355,1.275734917975001,1
833,0.7063343817571694,0.6354103235955697,0.3382671266138443,0
834,0.46760795342111916,0.2530745871338837,5.468422722641745,0
835,0.3383241149358655,0.35539304373648956,2.656936565198363,1
836,0.45220467906292233,0.26598799423460784,3.528862609969597,1
837,0.3236597137387766,0.44634394783901643,1.895720449796048,1
838,0.5295254952190792,0.5070685651056023,1.9377992897607794,1
839,0.28016463553283644,0.5210223252520205,4.410061712845958,1
840,0.46737853134563173,0.35605586853375015,4.472288546876733,1
841,0.5782350210238785,0.6525695851810488,5.966676298680505,1
842,0.7851938860220613,0.5266975772352633,0.7921847227757134,0
843,0.3731853960006762,0.41535719446805935,3.6660342741842498,1
844,0.489219119924713,0.6295343687649632,4.45077567720316,1
845,0.5256976182695883,0.4064511040790254,5.90212669199112,1
846,0.5225682007494016,0.28288327822199655,5.212935563600262,0
847,0.36177574674657026,0.39748168228264064,4.486420220606141,1
848,0.5290591937083677,0.37679216739726074,6.253040737498649,1
849,0.36298117098130606,0.38514745589717225,3.9989896703465444,0
850,0.5165653965236414,0.734298268380038,0.07727315597185115,1
851,0.4891256231180599,0.25010500950898307,3.536212350943153,0
852,0.6698660056771546,0.5485302667392639,3.6874390924836824,1
853,0.3657564924250415,0.7005892649817792,1.6795210906752387,0
854,0.7233926156993798,0.38762667974803133,4.984451679993416,0
855,0.49242980374371537,0.4293219025862613,1.1174787534220862,1
856,0.2968946985277917,0.5300518249009157,3.57812418680529,0
857,0.6815513320191803,0.6589645662233667,6.144094346253452,0
858,0.2996110013139883,0.3606185467777116,3.0825550944486277,0
859,0.3909914700791686,0.6301005567197732,5.696485081925864,1
860,0.5221420109821702,0.7380390369575393,2.505044964331681,0
861,0.4062025609066597,0.3034505206180512,1.3451495229380737,1
862,0.07478953040243054,0.9553560431639988,0.8903786023939316,0
863,0.574558536856287,0.6672111561446702,0.37060148520977126,1
864,0.4918769059056963,0.25857826874598716,2.7948762096381365,1
865,0.31775030938406984,0.5027262584594392,3.3013255156436294,0
866,0.42792595307984327,0.48054769558474597,4.6275680740055884,1
867,0.40526157046371025,0.7324313183241231,3.3769538044058023,1
868,0.5173698202822163,0.6728669694973737,3.1661663674463085,1
869,0.44547978002201144,0.6730212297923245,3.2430975060007023,1
870,0.5917995685301759,0.3353410592971483,5.56523842355956,0
871,0.01144637981286787,0.0,2.010415489792276,0
872,0.3821981143929518,0.6576516623446026,3.0720635041236295,1
873,0.3295861306560095,0.6103289668193972,1.1281254608927227,1
874,0.4409563399624117,0.6714623579199998,4.435992233775118,1
875,0.4324593356426337,0.7152071977538149,4.21122585751404,1
876,0.19202679695285602,0.05107550596197594,6.23732349373937,0
877,0.49259688371698984,0.24846574173168326,4.078894621703112,0
878,0.3495025886647024,0.6632342420787652,1.548312244167808,0
879,0.6184699020584418,0.6774149786928878,2.446794751467314,1
880,0.402158754871595,0.6595359992778117,2.521402611689381,0
881,0.6833288272736171,0.3830676436616974,0.8379123129669231,1
882,0.5347916578760932,0.2618638003360617,0.6437873489805789,1
883,0.28969186207898895,0.4975524884283367,3.7880792858878825,0
884,0.013392675817421144,0.8433599359694226,3.987305557195076,0
885,0.7273943831769714,0.5195562552167582,5.7875923112335315,0
886,0.38787305997657245,0.3552283329887201,4.319487320103444,1
887,0.5438836544418859,0.3187006350938082,3.9129489885316784,1
888,0.7577152363218117,0.4099020838759211,0.30772235505654705,0
889,0.5938175429276654,0.3428351316301033,5.412445530097096,0
890,0.5063424899493133,0.2951959227695914,0.45532068245105944,1
891,0.40526874211186087,0.26472459579763113,5.887070779941543,1
892,0.4546106900047843,0.4254555766124817,3.587973016019835,1
893,0.5037004552393451,0.3033562860248157,5.782937836300646,1
894,0.29462586693042,0.33357866130959485,4.3167730038580325,0
895,0.44345228530570985,0.5341830635434401,2.5714614560514426,1
896,0.5171744824605478,0.7184450965285956,1.9687444098875813,0
897,0.2890248991712588,0.3476200665944559,5.710964537653578,1
898,0.40174870211464225,0.30740617307230944,3.258422659352899,1
899,0.3264079654511468,0.31001892825500377,4.1744876626682474,0
900,0.7019529583471812,0.43530253657468737,0.01164073178157296,0
901,0.27475649279179676,0.48468312159112265,2.2417054849949487,1
902,0.5154440585043064,0.3975360803344229,5.331373800120915,1
903,0.41813964737428144,0.6151357877643036,1.4035886090734158,1
904,0.5905959287216563,0.36185515394811363,2.182287601427067,1
905,0.2563202122885158,0.461777749974449,3.1988304192340733,0
906,0.7290944379812765,0.48839762086039523,1.6086102474614035,1
907,0.23960216092653436,0.5094244413051248,1.7596851290502107,0
908,0.4970377351330959,0.6193960457973336,2.6831875223928865,1
909,0.36444335218057256,0.6210893992511393,1.5563073314851732,1
910,0.4256486826415866,0.40112778065792215,4.006893967117376,1
911,0.2628218539140287,0.48974943304282903,3.5183978410786567,0
912,0.5861624180877824,0.6551094541462671,0.13591623334597236,1
913,0.5591584228476506,0.6706737684486639,2.219998976645722,1
914,0.6624022546345154,0.6536989023982364,0.7001767292803883,0
915,0.3125085142011748,0.43553596012541296,1.4792201722189897,1
916,0.40248841181206774,0.6124705481838616,0.1208071636960678,1
917,0.5925752742035865,0.6679073865553353,0.8768041532646321,0
918,0.5231349168342759,0.3279472589740653,2.9475973563874933,1
919,0.6810779850514547,0.44926684467161937,1.7925400041483766,1
920,0.46614636997748743,0.3779198235105479,3.3309801365055702,1
921,0.4371420555688462,0.6454964766725959,3.302404706953628,1
922,0.5335235828999405,0.49085919077843243,3.114793582560468,1
923,0.26032402505441166,0.42259704525591646,3.354894458425814,0
924,0.6813029106532964,0.34988309796138695,5.652798733240207,0
925,0.6491281673620162,0.47062959457117226,2.0357220363391426,1
926,0.6095572261535827,0.7069855204120862,5.977861750294742,1
927,0.5717538171856981,0.5076266586816558,4.1847350315832,1
928,0.3818490200405853,0.2824079244188754,2.8767985979650397,1
929,0.4699328151221681,0.7078032253872817,0.511200859283626,1
930,0.5165625072877076,0.42751812682037305,0.44438101211085834,1
931,0.4059640774015093,0.31821803947567806,5.508528744569668,1
932,0.4245819715972037,0.26345083767025623,4.102075771278537,0
933,0.022631418742501342,0.002563012857454559,5.376482514344375,0
934,0.5521161848806083,0.28919994252954634,0.06463037263666897,1
935,0.4770476922101539,0.2957766961306931,3.187341779324609,1
936,0.41264435407319144,0.5570941883250918,2.5304079065192675,1
937,0.5562454188033361,0.31225905829385514,2.991834392273618,1
938,0.5057274042429163,0.7549039224692846,0.16675052217145306,1
939,0.6196779321333218,0.3001763841932198,0.36628146550761415,1
940,0.4282421742595308,0.4257482708141106,1.2801798457467084,1
941,0.35059850364860107,0.5811179983257618,5.219543363145939,1
942,0.683198300823503,0.45354571698262947,5.94315145341135,0
943,0.5192152060429241,0.4602418457014567,3.251823380383344,1
944,0.26633936637940264,0.5924122942445155,3.9549956297041406,0
945,0.7278879444545855,0.4244932765562215,4.837332478023039,1
946,0.6598968504484956,0.6791234929563148,1.3398572406964662,0
947,0.9014263840696903,0.07277233626080774,2.8051355965906586,0
948,0.5707439512074638,0.5767865513044601,1.4724116946077461,1
949,0.56902416233042,0.7362841615079445,1.6858093225246296,0
950,0.2991012286818518,0.47754947681756305,3.4070135729211315,0
951,0.44203237171384263,0.7146460444775022,2.731349329260546,0
952,0.29760758680081795,0.601795260730852,3.5409772154617025,1
953,0.6198111238830494,0.5077056613709032,4.848698339733004,1
954,0.30472544638660876,0.6270310789934052,2.800340842247962,0
955,0.7247730593856594,0.4583845173583338,1.7424560271399285,1
956,0.6347606408594941,0.5708127388918316,2.07837435927639,1
957,0.3889062358796852,0.6072983125416442,1.99375016435205,1
958,0.7476281677181262,0.41284638022772413,5.280626644293089,0
959,0.5276123639804486,0.37249331550203957,2.918380260580187,1
960,0.425758420302014,0.5917361550723397,4.595002353185626,1
961,0.6925591710979601,0.6299969035236627,5.6969362449272865,1
962,0.44969494596745785,0.24535910370598357,0.23212302656685305,1
963,0.3909664208522385,0.7011732992054726,4.974748678829008,1
964,0.28006324211184885,0.5822964536456551,2.317459702156246,0
965,0.49979021648936156,0.24861151690913696,3.1565776257156815,1
966,0.6315497852003213,0.3218629244859143,4.888292591975991,0
967,0.530662597222592,0.5565295945614114,3.7809925517863325,1
968,0.5324603987714026,0.7002204151296947,0.39197619266825856,1
969,0.5107228748649026,0.38146208363599055,0.3740584260176929,1
970,0.32517729116101407,0.30901078119748854,3.3629173941603403,0
971,0.443835425424019,0.5656036140342597,0.9933111841876138,1
972,0.6987428422777697,0.42264107735929307,1.1480316401060473,1
973,0.6317908999867957,0.6563343952288305,0.8240801565661285,0
974,0.2974701100227139,0.6040737294992881,1.1077651745962942,1
975,0.6611447899327053,0.32273087638510484,4.879443270978615,0
976,0.47892319505357794,0.29650174976772453,5.042804736108573,1
977,0.30782944265180884,0.37863174985745046,3.2176217616707725,0
978,0.538722421486279,0.7194566275817063,5.977523796442923,1
979,0.6342336217831829,0.5039151762464693,3.8917282379798244,1
980,0.42537371989179396,0.48522425154281623,2.091301364716865,1
981,0.5357485639713916,0.7191071697835015,6.149542103665328,1
982,0.5187982079826872,0.6689560744924125,4.315139583959904,1
983,0.5272633552108674,0.30098769054674634,3.6167615815242162,1
984,0.3314556882183551,0.663008904910473,2.9479931857673223,0
985,0.3737844196962269,0.4411572898549157,2.3056947393797658,1
986,0.3183431083610278,0.6123514831425066,3.875862110687352,1
987,0.6475590747965491,0.3231053450681199,5.2745403748562065,0
988,0.48811815952285137,0.2574181363484023,1.647766468830997,1
989,0.9338998613979754,0.8435505397927812,1.7333129479430027,0
990,0.2840136475484023,0.42945454013443696,4.962081368743664,1
991,0.4471194569708897,0.40535186256861083,3.8849932456311054,1
992,0.594672776639734,0.3140146195540546,2.7125454716776334,1
993,0.6371580602230005,0.5935112274207448,5.996104672284547,1
994,0.5418259089721487,0.566100120165239,4.732431529072833,1
995,0.7133837819563572,0.37790886212244457,0.12239456297898088,0
996,0.9933311984152623,0.25535319651915767,1.4077079724212276,0
997,0.6322558330597667,0.6447003784514833,0.5605943431633633,0
998,0.6562266034559013,0.5647168284141743,0.6330488306945459,0
999,0.5684404185073837,0.34503164091098587,4.21549793576789,1
1000,0.6395099205536989,0.6842638455215412,0.04999221124210654,0
1001,0.0,0.9948528710175134,0.4479777247540804,0
1002,0.5601374979929806,0.3916817875130356,6.195417867863337,1
1003,0.5048008027503469,0.5986460939301628,2.0936470163865883,1
1004,0.6889767427558166,0.3412912743373035,5.3227690629698206,0
1005,0.6582561068538664,0.5033986334927977,1.6678758069305322,1
1006,0.24323953324529152,0.5163445267496792,3.160105708770592,0
1007,0.6590294457536777,0.4064278687851359,5.630593131637873,0
1008,0.6039082998576766,0.6478793717798473,5.98136229676472,1
1009,0.8421089263713218,0.9419587802562395,3.854892853739207,0
1010,0.1486958779414674,0.21397330199186687,3.2090781281452014,0
1011,0.520477814506132,0.7130258523750007,0.7595568621859627,0
1012,0.2865308637221295,0.4743694969674591,2.86381411181115,0
1013,0.5908063650953473,0.5567363560520305,4.3519336797382255,1
1014,0.736603182973275,0.5104906503340609,5.71334628779005,0
1015,0.40350740843659244,0.4805960143670131,5.602921966024625,1
1016,0.5263969403773154,0.3093601623327491,2.42647768438465,1
1017,0.29141948528031547,0.3979402216204657,2.3366165740440348,1
1018,0.4038649295109625,0.7074196863292044,1.0613016868092031,0
1019,0.3343033338442703,0.4590207615862938,1.4433604407511043,1
1020,0.049092547037415925,0.8073988561919295,1.4074460263434305,0
1021,0.44727389484648256,0.28057328739324955,3.8099756674925485,0
1022,0.38427218840998073,0.667148761577206,0.9088324247600554,1
1023,0.32051786694327145,0.6230503998461451,4.37308086673177,1
1024,0.305408998637374,0.5907466059823037,4.531544447300845,1
1025,0.28860627584827436,0.5641956231360716,0.13057173551279935,1
1026,0.3939133706433387,0.715516665658738,3.4275729422293724,1
1027,0.3674168747442164,0.6748127991485294,4.2825969961469355,1
1028,0.4050987313847572,0.30302293996049046,1.7386933498482344,1
1029,0.7466148691366974,0.5127585990844502,0.737017310323976,0
1030,0.47797676549222073,0.2734957945601028,3.0678605318457923,1
1031,0.671248868793851,0.3675236246460773,5.032992272474065,0
1032,0.5360307565687672,0.7006742354991974,1.0329727168566778,0
1033,0.5937343599817975,0.3941980587939998,0.9131856763446331,1
1034,0.3782830453541996,0.4189158720076691,5.746989016268185,1
1035,0.4423574840868817,0.4491331689713398,0.5664974819297318,1
1036,0.5399749874008372,0.5267366262195003,3.3233478481372574,1
1037,0.5996783233665675,0.43028892078152625,4.472718572303622,1
1038,0.5854820904115053,0.7051061388822862,0.8327447390956062,0
1039,0.6162850677920371,0.3800023146962955,4.459364381386198,1
1040,0.3867861201467013,0.2569986634984756,3.6865306864133673,0
1041,0.524314356994387,0.28287470141513493,0.8617732527013633,1
1042,0.709173356399688,0.5734797215085503,4.091042476333186,1
1043,0.39904174784275637,0.2751369497028581,5.927872915145909,1
1044,0.26321313683220654,0.5118673649361852,2.2267122648401534,0
1045,0.3460526984870793,0.6080581670278334,5.5074867235108185,1
1046,0.6157846424496702,0.6561186101642339,1.169192590955801,0
1047,0.4646284433986272,0.6239709946644441,1.859206140100881,1
1048,0.43517104712426696,0.7145928816778367,2.8235739380220553,0
1049,0.56265673566099,0.6809289222980781,0.8663299063539045,0
1050,0.5551798941532119,0.5876259297396114,5.690257030755273,1
1051,0.5594829024886412,0.5721092019673152,4.870258245649961,1
1052,0.4618595895271629,0.5075927019250294,5.400018765951968,1
1053,0.3102520413358324,0.6008198600676,1.7872979069132546,0
1054,0.7202132579613575,0.47356335668250266,1.902537118441082,1
1055,0.9606032221435741,0.9054236501279469,6.118185596737725,0
1056,0.04587550719512611,0.13393954352163367,1.2088533549764207,0
1057,0.6834980235560498,0.5442270759660338,0.43810575406498353,0
1058,0.5920716725514462,0.32819683073426226,5.429159669227502,0
1059,0.5232021114039674,0.45005482892018345,3.1769337536724347,1
1060,0.654482229418481,0.47487878533876465,0.7104846155903206,1
1061,0.36133939613995336,0.6336301078228392,3.1500081866873137,1
1062,0.38451932461925775,0.38608000732126857,6.237361969514117,1
1063,0.48077118807317504,0.28772718560379346,4.306098569575026,0
1064,0.637751663562987,0.5519734015994049,4.4337132250894795,1
1065,0.5222431583808176,0.2942367039827917,0.8039960122012733,1
1066,0.2950274020403264,0.5233007350741242,1.6354984819016503,1
1067,0.5834020915813243,0.48606002871836046,2.5007902412215337,1
1068,0.6542984077233284,0.5858924394563187,0.7551182054413389,0
1069,0.528942391986848,0.5983918561179474,4.496950326721304,1
1070,0.7017937854681591,0.551207505664879,1.0428558970223394,1
1071,0.39452709819147563,0.2711664858411554,2.6576591456045557,1
1072,0.4581791888359717,0.3508815976926954,0.7347979078601511,1
1073,0.32621746808427665,0.3195281418674094,2.390150682017766,1
1074,0.3847271918217929,0.6306459720149914,5.196840419200218,1
1075,0.6771559052185452,0.5778774224905796,2.844670940084953,1
1076,0.3401202609304141,0.3765224691826391,5.48510700961742,1
1077,0.7166007125608499,0.4176968241126569,0.3490257079941449,0
1078,0.5805358576891768,0.490437833491445,4.424788658676609,1
1079,0.32588434872501404,0.37179413560741537,3.634558834266963,0
1080,0.46170827095105105,0.6024323462009604,4.676368881332126,1
1081,0.3238165544109996,0.4021888449942332,1.6913734493783186,1
1082,0.35108231214791286,0.6878086686934268,1.5366124259472231,0
1083,0.5787163028128978,0.4367594451012105,0.06755487148373973,1
1084,0.6220218060382009,0.3127162189594993,0.40494242949743114,1
1085,0.6059011380087833,0.6014030686586748,1.0320539634079624,1
1086,0.4875924977469034,0.33929129919648826,0.7132799370221794,1
1087,0.31629676003561275,0.3606535832557562,3.1474243821762555,0
1088,0.10386559091581829,0.027918100610681992,6.064041437841159,0
1089,0.5495787215329149,0.5924106488803406,6.159950267285253,1
1090,0.5349626693019206,0.46811961925857365,0.25814349623979016,1
1091,0.4262337497846791,0.4773300668004918,2.2649625744718236,1
1092,0.3919591715700871,0.5908421399407503,3.7143899474931805,1
1093,0.7476365468756432,0.45027155992004936,0.8912068135086738,0
1094,0.36212524802365476,0.35966145286185824,4.945196702719097,1
1095,0.4143412736082821,0.57507118268249,0.4020324267804205,1
1096,0.7175557699022616,0.5285093681916657,2.980984029074753,1
1097,0.7009313265821506,0.6228747463579765,1.2119941335062148,0
1098,0.699948144256221,0.33497016264621793,0.2836470650205366,0
1099,0.48415585819081336,0.3885572154075447,6.058778443347451,1
1100,0.985876683876639,0.8877620303446683,3.144144661680846,0
1101,0.5034003762581507,0.38895530082080215,1.961890379348536,1
1102,0.4110149424042964,0.6198737589456657,4.67389100769108,1
1103,0.48353576708359874,0.28506062917704245,4.449368965118512,0
1104,0.6812882606028119,0.5607845566364482,6.059581673587375,1
1105,0.6434859677867133,0.5441302589484632,5.3308573650225,1
1106,0.35068482268666507,0.5611340607094129,4.5346247947937846,1
1107,0.6863811745442124,0.41232151721185467,6.089634439856382,0
1108,0.6069079724220734,0.4901324126053633,3.776087433107968,1
1109,0.46556116641933465,0.36237404605893453,3.533140270701743,1
1110,0.6469032284550887,0.31691444722915774,3.6325708792878175,1
1111,0.3510291846416055,0.3024572942838218,4.580251755516434,0
1112,0.36567212855535014,0.5658575632895692,2.0638816105180893,1
1113,0.516181142287886,0.4643033549799633,5.222100648797005,1
1114,0.414487170026838,0.635233708107208,1.9825497458896058,1
1115,0.5741121384360627,0.7117048596110379,1.5022918581871219,0
1116,0.329877137926307,0.6307271538958998,3.7626489064562185,1
1117,0.5730596989815411,0.28597554751856974,4.124919454241659,0
1118,0.4342089866067292,0.33201827734687606,4.468916874110966,1
1119,0.7026660144796505,0.6266192651028716,1.5132777928996954,0
1120,0.44243867802152903,0.7098459677118076,2.285738348851791,0
1121,0.3500307940716376,0.3333980183300702,5.8997484025220945,1
1122,0.4899991475940976,0.4992409217299245,1.2690716197768652,1
1123,0.46730427302945254,0.49223350229417573,3.7801643472481783,1
1124,0.7372306532161638,0.5125623966956067,6.1653710890556725,0
1125,0.47668402358528594,0.4861044602081972,3.4694502204597133,1
1126,0.6508836980067645,0.6947331578978025,1.9711755049669961,0
1127,0.10485071405395746,0.07934575810576447,4.543196432131838,0
1128,0.402510395837562,0.6557513365310101,2.8520795140740542,1
1129,0.5518554515733244,0.5808673485266662,1.916116717512062,1
1130,0.5971145091757787,0.6864023904876113,1.0554952359860075,0
1131,0.3885797013971918,0.28335161358215943,3.755150406982348,0
1132,0.5103486080079772,0.7450524666887339,2.26672400308598,0
1133,0.5451548031330082,0.6791953476474344,4.578414040126727,1
1134,0.5136418600966486,0.335005920139551,0.15569904947405533,1
1135,0.11011065421414026,0.8827624688280918,5.731363190283049,0
1136,0.28519753299107764,0.3523745711859825,2.2867035668902997,1
1137,0.2854400436917903,0.5843424966779187,2.67821798092315,0
1138,0.2969151173740713,0.36855645255234243,3.9460196903486238,0
1139,0.7125628753426041,0.38084073198656787,0.8308837098327877,1
1140,0.5185527285184351,0.26769232172029367,4.045215470094564,0
1141,0.38546808820103357,0.6573781685653696,3.5040929400611973,1
1142,0.3634931619373935,0.5022261664832185,1.0300503565844688,1
1143,0.5995915829988299,0.6774712829907737,1.4824263245913065,0
1144,0.6164360333453268,0.25489975676571824,6.070459429943946,0
1145,0.3243783757668976,0.6528107333658406,3.4750639538534895,0
1146,0.7303311395376662,0.43574008732046215,4.494853819960713,1
1147,0.5752836092951744,0.7427326365959316,0.2613291476262283,0
1148,0.5712371607879411,0.42800426173222333,4.479310094647454,1
1149,0.47635384751067833,0.3917442474936811,1.3655576356006334,1
1150,0.75764972385032,0.44130003015252245,6.073227634185553,0
1151,0.6196215540084828,0.6569777612106127,0.18211749476696387,1
1152,0.6319966471884741,0.6680415203345186,6.208725865369328,1
1153,0.5749772420373271,0.2974813578122908,3.93277669428893,1
1154,0.5841621849833585,0.32406501716789393,4.689720366736726,0
1155,0.6184742477667653,0.4867210236419799,0.22230317524442844,1
1156,0.6041050319610403,0.2751600758787611,5.190152627570644,0
1157,0.5773163148595994,0.3531071401907899,4.61545915230221,1
1158,0.6486960720536061,0.3558581997179405,6.192104426600821,0
1159,0.4189490440667368,0.7011828325789019,1.623085820632773,0
1160,0.2709769012264832,0.5399278423444154,3.2733279988690143,0
1161,0.5400452618326373,0.46107806385305566,4.4692647507482866,1
1162,0.5619618480095714,0.5924519846857187,0.7670435136456575,1
1163,0.2885465877399473,0.39141874881027,4.541604506325161,0
1164,0.5185818256671493,0.7265323612492894,0.8753535479594038,0
1165,0.6207973547721608,0.523662624011598,4.471897578219466,1
1166,0.306474503155215,0.37138159336053195,1.0614522652763005,1
1167,0.8769750412161337,0.0014276462030678133,0.03503804791106191,0
1168,0.7205421232354609,0.4514312691263399,0.5998086723204423,0
1169,0.40017062748997567,0.2653300768041352,4.364075568111256,0
1170,0.049705849718012264,0.8723864516448082,1.1140576829207645,0
1171,0.6188428811793958,0.6770260065475957,2.4385309390841363,1
1172,0.6186294717726579,0.4713269940966209,0.36250823999257376,1
1173,0.6252027358590331,0.3693645164811248,0.7259232479563138,1
1174,0.5287078036778614,0.4225765534489584,2.0711427997615357,1
1175,0.4550480375343504,0.5618480421815772,6.147038695213384,1
1176,0.5179216828374648,0.3814136992095146,4.856772001917797,1
1177,0.33819301408894853,0.33744518034840176,1.6992982026229155,1
1178,0.7211515335485492,0.4043421461166992,0.26758769114869807,0
1179,0.6229318220295074,0.32880629112333676,4.355079339409972,1
1180,0.48868008699015086,0.7272437022848669,0.2818358943296847,1
1181,0.2712937810672297,0.4228345255042705,4.553337367985885,1
1182,0.5250067074755341,0.7158044795655907,1.4454769758114374,0
1183,0.6453189146835786,0.5911333884737776,0.09739480526421505,1
1184,0.3487023532986772,0.32851891551643486,4.601847123172935,0
1185,0.39636406750620323,0.33663455874625275,4.777382046541943,1
1186,0.6730887514543641,0.6659665144593858,2.750376516262194,1
1187,0.5314576743853666,0.4401612729452504,2.670201804904055,1
1188,0.700387361992541,0.39116776439987516,4.031675295327705,1
1189,0.5339608202273424,0.6488011652015911,5.632399920259384,1
1190,0.3868985485512001,0.38991732952275254,0.9977112709470504,1
1191,0.41194075831739596,0.5953343882995351,3.7387495916066618,1
1192,0.5024721091292732,0.38213297253861805,6.134133735617995,1
1193,0.6974287117965103,0.5320362406676935,1.1299223446314914,1
1194,0.637368070789445,0.6912415304539173,6.150862033526349,0
1195,0.8758808408344815,0.9369631528043942,1.9830043965643966,0
1196,0.5595912246570208,0.7149765356851726,0.5263664925374836,0
1197,0.5630534238305531,0.26538107594178123,5.656147583450228,0
1198,0.42528702666543067,0.3830483064445701,3.92302343117998,1
1199,0.3972587624164549,0.47941341936719406,3.9433667726919195,1
1200,0.31877847200908954,0.5377056546497054,5.147784298592087,1
1201,0.5642845029029894,0.7257778529991382,0.6300685900666876,0
1202,0.6155909896383843,0.7094642509003065,1.3311233020255184,0
1203,0.5183616431091614,0.4179966140924387,2.960491353991121,1
1204,0.554854937789432,0.23986191275803334,6.238876383197133,0
1205,0.7095610814290111,0.5625918367698016,2.8046063764456064,1
1206,0.31474563075735323,0.48853407201451654,1.4060657736563067,1
1207,0.7355613412156591,0.4958060275103966,0.003971836461333034,0
1208,0.5218717318939811,0.47519865944649714,5.47254658004709,1
1209,0.31798244311068313,0.35146812433846863,0.7605176421257154,1
1210,0.3014780532524472,0.4196571825016261,2.360001078128373,1
1211,0.6656904776431246,0.4293207236701566,3.9983809355787923,1
1212,0.3533572616569681,0.4878409151930288,4.28993574552668,1
1213,0.6498089202279843,0.6945370971930379,1.906571398421608,0
1214,0.3814910262107374,0.6860475184512819,2.245540264852669,0
1215,0.4520988460314546,0.4526418654573342,5.465510741173239,1
1216,0.5391661380281803,0.41423823765057594,5.615011613219647,1
1217,0.5065239155060887,0.5137284720825149,2.3962587008968703,1
1218,0.47315573253529963,0.5932304373119339,0.06585932101497838,1
1219,0.7174423150142751,0.47469221972545866,6.28094730505741,0
1220,0.42334583372724005,0.27223952500605714,3.9738419199418136,0
1221,0.559811938538926,0.4821889752817504,2.2647305987694533,1
1222,0.5687053479353361,0.35981021019275017,0.7481840247545968,1
1223,0.6572368516046644,0.6340548472251837,0.7528880500072219,0
1224,0.6250574397878563,0.5650945570855257,2.2274467283874464,1
1225,0.5078693318769796,0.724869913271476,1.7533860784549995,0
1226,0.28080968169127757,0.48373408558935654,5.019468405701177,1
1227,0.6244555904194821,0.3126198209902973,3.935998540343666,1
1228,0.5173024753167946,0.25529759262047214,4.664786836666695,0
1229,0.26430842554068135,0.6121121094917243,3.0708965496133,0
1230,0.33843081978075107,0.4691496741133958,5.106567474932908,1
1231,0.348959155549062,0.5773449273536351,2.7382107218183456,0
1232,0.5538185692038162,0.3073965187403665,5.78050731413901,1
1233,0.5735673678635306,0.6284243741870594,3.3395594824479904,1
1234,0.5647402885482197,0.7468221952668415,0.24649783489983695,0
1235,0.7277758709001618,0.3958689263637816,5.472713345516719,0
1236,0.3464157029797609,0.3097306646184351,5.203211968534629,1
1237,0.608935587723618,0.44210491068727215,4.894476153653884,1
1238,0.7134387102707622,0.5310397699269331,6.031099204993532,1
1239,0.38453278985099304,0.47914057431540313,1.5797704562605321,1
1240,0.4871939420499101,0.4085855257460672,3.5149595453629066,1
1241,0.4762731526795658,0.2759734911855058,0.7384791216472328,1
1242,0.5106237823206451,0.7100049079440497,5.8507083992231905,1
1243,0.4245673773507035,0.4262595971856695,0.47144825924774914,1
1244,0.3394503843420783,0.45675117636978213,0.4254217138900819,1
1245,0.4378247981138516,0.28136700576999785,1.5558955996300734,1
1246,0.44725625271078884,0.6852102501017897,5.330154621219602,1
1247,0.3610380281003523,0.5720387889368487,1.7913549566567124,1
1248,0.6470694665455436,0.5684006154744331,4.3576674747001976,1
1249,0.3102428505962689,0.6561954119203978,4.066054979136387,1
1250,0.4984453701976905,0.3076132811610547,4.915866157122048,0
1251,0.6276973833216505,0.7219690184808244,5.919804184838459,1
1252,0.2536244149277733,0.4602881821557236,2.4762899006572088,0
1253,0.502643549432884,0.6092760231678551,0.3095954302677668,1
1254,0.4589930160034403,0.4255912896050739,0.020111476298252384,1
1255,0.6951165299378992,0.4489796068708436,5.286119435142375,1
1256,0.3820191670781502,0.45136388878737116,4.0682984919054865,1
1257,0.7251341814673383,0.5661548574722107,5.146373695801473,1
1258,0.6362758223579882,0.3805977113058062,0.7618607970507154,1
1259,0.2589623959187569,0.5812814562573205,3.048350434830044,0
1260,0.43971192405901804,0.5340766385118091,2.1003390874342824,1
1261,0.5966524019700176,0.5768352418050766,3.545895665843703,1
1262,0.2729017417646838,0.5420754050936694,4.841888430109015,1
1263,0.4896464120960946,0.46622939193810764,2.8579774392134007,1
1264,0.6388011170572897,0.3467353726786277,6.109534512126322,0
1265,0.3978248333147667,0.6102173872840885,2.0168793654149897,1
1266,0.7216366904665147,0.42634702232315264,5.185986933535877,1
1267,0.3309734201845504,0.4804431527886483,0.24588234534736272,1
1268,0.05336746471568814,0.8973567759600222,3.2818363942997006,0
1269,0.5561604539752145,0.5898179867264278,3.033393470237521,1
1270,0.44075045024942616,0.26274076190288914,0.0787636857997911,1
1271,0.4264763795291522,0.6428545950805516,1.9578858671897543,0
1272,0.5182175111254851,0.25543815732538433,5.544945275193166,0
1273,0.436321016733814,0.27292903737856816,2.9536053805510365,1
1274,0.28811542426534975,0.4676747449363826,3.7848668069757405,0
1275,0.35005624559920556,0.6113218045720099,0.6028992393625102,1
1276,0.585675136568451,0.4092085781777443,0.5566091976134755,1
1277,0.5785892749635436,0.5733258673583487,0.23728442536426542,1
1278,0.5106739518802776,0.615972075556081,4.652469813862331,1
1279,0.7175187497149621,0.5614005303717261,2.0158373166896615,1
1280,0.5134710517615482,0.6936661514646334,1.3142441693448805,0
1281,0.33181994709309753,0.41350386332128414,4.180066049216272,0
1282,0.6237286551358951,0.6690421398561068,2.1134284991661776,1
1283,0.2634082643271402,0.359039874152679,4.322051505428217,0
1284,0.39741372277317727,0.5837795420099005,1.7533396424963854,1
1285,0.5820024426622631,0.35762649080999015,2.799078739311887,1
1286,0.29267973530884706,0.4980909474108653,1.9524735719535296,1
1287,0.6196084854108912,0.4882722775973915,2.943824095093219,1
1288,0.39124331956249003,0.6766301745174081,6.012762208268025,1
1289,0.355291391933295,0.3155051099607572,4.082187050879356,0
1290,0.7392382075504865,0.4512440606235535,0.001209609784865645,0
1291,0.614054019969703,0.2842131916938013,4.846664878922439,0
1292,0.7506676172041767,0.5902920793960361,6.116178976296009,0
1293,0.5200468753927454,0.6344811075739423,6.0373163259173275,1
1294,0.30449659360645515,0.5578915530609525,2.8713784210374076,0
1295,0.9846824237299554,0.9741416818899533,4.840879683212013,0
1296,0.3769510058965713,0.5233424830885753,0.7938961119248221,1
1297,0.46573698867776114,0.4539465900527537,2.168679006200634,1
1298,0.48158512458209407,0.6154968450518409,0.35345144947828006,1
1299,0.35884512180395645,0.6593650293280233,0.30590673014620007,1
1300,0.35537241327775276,0.5626793673813917,0.7030272552518456,1
1301,0.37955539903783114,0.5523808959889738,2.4542791015643233,1
1302,0.8925968839782623,0.10313479783623374,2.0931445598909497,0
1303,0.5052015434511583,0.25979887127119816,3.5085629463701284,1
1304,0.6807810983596736,0.3128626355746661,6.049774094909436,0
1305,0.3749605544366875,0.718892939723811,3.5108407115207747,1
1306,0.5426919001565673,0.7187896955262129,1.5098204660518408,0
1307,0.7240246134976807,0.539793831849648,5.521406459183299,1
1308,0.2609396126440329,0.4605346966131626,1.674694965465463,1
1309,0.7072282719181562,0.4643207211059246,2.1465276045088277,1
1310,0.30895257406821686,0.3311545909972003,5.343598953609023,1
1311,0.717139871788735,0.6276270478686348,5.667010898152951,0
1312,0.32927851665795266,0.6376999391944983,2.8544971467464566,0
1313,0.4314690143365723,0.7204160531524958,2.377107955878611,0
1314,0.4729440449620125,0.5375648309789391,1.5546768630973886,1
1315,0.4687412021600981,0.3014095665718032,1.1402902562958614,1
1316,0.37528683944194363,0.665955435378541,2.174309276223982,0
1317,0.5841400298532536,0.33858682654619326,4.6397051188645735,1
1318,0.4507041548505162,0.41066617142378115,6.275354301309567,1
1319,0.41986662566916294,0.38509918609906985,3.9351530065936897,1
1320,0.32324881668230604,0.3688778741692191,5.58982884196282,1
1321,0.6744708135417946,0.5840654264013259,2.4781697882681097,1
1322,0.5041734910511749,0.5880733797880741,3.0765859178905592,1
1323,0.6721700307416568,0.32640036722617066,5.7470853970882825,0
1324,0.3974018391057413,0.4509462912404478,2.4848532263468694,1
1325,0.5684974336304992,0.3292725316625966,4.889163257852184,0
1326,0.0884042086695611,0.9568617612959833,0.2146261456019982,0
1327,0.2983085321748695,0.43459527412846655,4.488336213035165,1
1328,0.6679844933203107,0.36498593426215903,6.201728365005009,0
1329,0.5412089608186386,0.3693503392720896,2.5970300957499735,1
1330,0.5755839310753945,0.37325227187283816,3.955247201668965,1
1331,0.41649465087863097,0.2627874936528414,5.241693839676542,0
1332,0.1371898126970073,0.10335578229177846,0.4911013795561165,0
1333,0.6422029156311038,0.3141334641871457,4.447058513778725,0
1334,0.5728271908191831,0.3353691943604522,5.041166238346444,0
1335,0.3758900487545411,0.2771331485709871,2.6182610786047076,1
1336,0.5306602795819109,0.4739583248006823,4.076199740783374,1
1337,0.42830952886181667,0.5306392614519791,3.2975590570959037,1
1338,0.47341329111100433,0.24777061039146409,0.8806594335714677,1
1339,0.5263869679744024,0.5047408688468017,3.027223489670631,1
1340,0.3269185874566329,0.6529379595465579,1.3927625299606705,0
1341,0.5802589747983043,0.3692484497295894,0.4076276798407069,1
1342,0.2850469210493192,0.5823475958288061,2.1328512666092085,0
1343,0.7140815296440193,0.5190194534940924,1.051808303760755,1
1344,0.7213743301038065,0.5975619690799521,6.27574715691377,0
1345,0.5740185481065315,0.4257957992414475,3.7141838365236084,1
1346,0.3392227753492748,0.4624078082528161,5.529870691091119,1
1347,0.39326393843369384,0.4222571144517111,3.697661408239969,1
1348,0.6378329858588709,0.347346387920746,1.659993558610476,1
1349,0.48645222816798256,0.27054195039126916,4.885977352711271,0
1350,0.3803837137450915,0.30114437001167593,5.117173943362268,1
1351,0.44157498420905134,0.39485526677423377,5.990242705006837,1
1352,0.7002493509537673,0.6494579287697066,2.3047206356564454,1
1353,0.547573789299276,0.3365852480160188,5.708749984881558,1
1354,0.7242515825452512,0.41726909034781956,5.029646112343756,0
1355,0.512122465733069,0.3051239798551293,4.881671423266765,0
1356,0.4810330600711136,0.6939220410293219,4.3682852269860835,1
1357,0.8768040585622469,0.9714984646357305,6.280372573031267,0
1358,0.4185754256071674,0.6009992149639236,2.6467990235850007,1
1359,0.7368063263201942,0.4582304733717556,5.8379868779994775,0
1360,0.28058526406657064,0.4891318851975272,2.1026043490864668,1
1361,0.02476789611125133,0.09316713992201595,3.3816892889921673,0
1362,0.6259495005616442,0.3010768568382464,4.414964566073868,0
1363,0.47586274227118835,0.3004850841357857,4.132251689127075,1
1364,0.6242002286046775,0.426588686454813,6.034881082385234,1
1365,0.0855112144992605,0.06471373617117482,3.2225275064559353,0
1366,0.677278362461747,0.3728348825721965,4.410884125687148,1
1367,0.2394362520401906,0.3682709677660084,2.7977173535938213,0
1368,0.6297020359226699,0.32303930273876924,6.060768787294778,1
1369,0.2988404887377831,0.5489676101119738,3.7441231491301736,1
1370,0.5015652840169192,0.7266555096853627,1.44017744760378,0
1371,0.5671849770861184,0.29709394912891235,4.134578884221232,1
1372,0.4470874272647251,0.24112021468895128,5.966429097418783,1
1373,0.5505541049651849,0.2800299969853201,3.58839732087895,1
1374,0.3810454768951101,0.3556043650876207,0.5387335336562837,1
1375,0.7320728468252,0.40481020977807763,0.9746057101723273,1
1376,0.6023764873837162,0.5307367600304833,4.348625640482917,1
1377,0.48772483574960884,0.49766998879386326,1.4276833712579657,1
1378,0.34439016033139036,0.6330192415378193,2.5384847194947526,0
1379,0.6420560962572092,0.5487419145030904,3.1452552852276012,1
1380,0.6359310594956766,0.4603720207183373,2.7537345168756016,1
1381,0.36829945119180857,0.28702549625595886,2.871460718476655,1
1382,0.4637475667309137,0.7114755082669636,2.3106107270597986,0
1383,0.689172016888254,0.4006272616907066,4.075835082249576,1
1384,0.33068046339263923,0.4567464962606665,3.8331550291993652,1
1385,0.7045262787509036,0.47949848874686196,0.22334825457793223,0
1386,0.3718368533007395,0.2870481196185089,3.4799294378663546,0
1387,0.39473417038109254,0.6701267657186308,0.6929956749759663,1
1388,0.011009824650405902,0.9063790440415336,2.964729660194518,0
1389,0.5926354805308061,0.6490602607809909,4.616776896695087,1
1390,0.6225754032251472,0.6803443563538787,5.425239909629034,1
1391,0.3111249170575602,0.35718385280052517,1.7084588683275754,1
1392,0.6357978328603681,0.5708785381387471,5.883577426788719,1
1393,0.48217613766987366,0.559415147478267,2.006529145642731,1
1394,0.37799007125773443,0.3175597275108141,5.054779907302269,1
1395,0.4444274920151215,0.7667374961638471,1.3105344591694221,0
1396,0.5077914993386483,0.3388069058120552,4.962474748896348,1
1397,0.3952734100548353,0.5203930792839743,1.7037193261792567,1
1398,0.7007141755045813,0.44844805257634146,4.205249525619711,1
1399,0.2756123681177506,0.4829164709751484,2.7362330634747334,0
1400,0.6315480485813015,0.29468102660784284,5.41729738671238,0
1401,0.35487872841294676,0.36280889416146117,0.4765857530081572,1
1402,0.4372605267714111,0.5031235312140958,2.2776487012318203,1
1403,0.2911561028729562,0.5037889503007994,6.007127724658123,1
1404,0.47959853785511825,0.35634356273960943,4.029745747072615,1
1405,0.4384562289827413,0.5596746163425202,4.430838354605327,1
1406,0.028558141259937588,0.1450157172029899,0.926170256149136,0
1407,0.3878633102159386,0.6923171613811703,2.437493485745476,0
1408,0.5780412149452272,0.5132975258819837,5.5493402512542644,1
1409,0.36295678303696866,0.5448642838727452,5.630185621259153,1
1410,0.6855669247716907,0.6381121832450075,0.02451131841257481,0
1411,0.44088317273401534,0.28995711549010034,1.0149525621514204,1
1412,0.26807210898036543,0.6003386176453712,0.790837616394498,1
1413,0.7198565404198408,0.5723102980035897,1.0002131412620383,0
1414,0.42500990030281544,0.5484199727703747,4.678918750962913,1
1415,0.3953869201927933,0.3785059559072635,3.6024310117883473,1
1416,0.5896298574231046,0.6851413852697195,0.7817981729893687,0
1417,0.25334468860045006,0.4312767127777559,3.6911203870630587,0
1418,0.5922316852564933,0.7028242663427917,4.741692435041676,1
1419,0.6782149068103596,0.3638134163494348,0.6591004432726254,1
1420,0.25451614937665373,0.4244036244261704,2.581377659895962,0
1421,0.45887711650363605,0.29366358090873285,2.171645368318344,1
1422,0.5059818364998769,0.6101058053979267,6.026630137717547,1
1423,0.6915006121548923,0.5191546788296488,2.836674177714113,1
1424,0.4828982154897142,0.6261363956050076,6.171104114920166,1
1425,0.6826855023740355,0.6659831957064886,2.188509467434046,1
1426,0.6778153816914974,0.5804556387754498,0.725837027442021,1
1427,0.6982826736861566,0.5344876643893727,5.185146529175103,1
1428,0.5047474313469215,0.2677285208942697,1.8733197812924385,1
1429,0.34177625118956767,0.6709605453410848,2.2709541343520083,0
1430,0.3320103660375846,0.6452954348170429,1.9486318775269893,0
1431,0.6556135698908011,0.6649125851824991,0.16391323273779435,0
1432,0.4414629280260783,0.5026273903233718,0.9165160887684065,1
1433,0.5189178293759515,0.47788255066598373,2.948584707003255,1
1434,0.7201174903880176,0.5646972087869435,5.459645059373366,1
1435,0.6126815561047072,0.4139420168852043,4.424070632716462,1
1436,0.6382160530112073,0.6604952890860459,3.0259725530245603,1
1437,0.40407226180278083,0.6462113872886589,4.3100385308138796,1
1438,0.5523691230142278,0.683518299447719,4.7486220900087615,1
1439,0.3342013966378844,0.5620475217433252,6.079780062817909,1
1440,0.6427882786622078,0.3259745884206579,0.14312996550073095,1
1441,0.5398949681975658,0.26906010030513355,0.2397026060391201,1
1442,0.5079715224578708,0.34236589266040407,4.162125918209368,1
1443,0.37509794154939496,0.37943825033688355,1.503242439302365,1
1444,0.40745327296704414,0.33965231691708353,3.978682882619903,0
1445,0.37562698623100393,0.7100230903775271,0.6195109020678546,1
1446,0.541912722362053,0.34466101235788843,5.186697058292004,1
1447,0.6380241929813437,0.32516598210274694,4.450471719957167,1
1448,0.4440902798932677,0.7066416470411538,1.6821250599369022,0
1449,0.47969395539877674,0.6027479585576385,0.7985963905743273,1
1450,0.38515058807537356,0.6016414266116803,2.414615020197775,1
1451,0.2740340764854733,0.36730749463731177,1.578997160352781,1
1452,0.3387892871360668,0.345078146362091,5.244212207481691,1
1453,0.6952331521836848,0.5627732330612096,2.248777103060334,1
1454,0.5217829386858679,0.48358214079172607,3.063145168473557,1
1455,0.41272501233559084,0.733820218166419,0.7420655772525414,0
1456,0.4449569505770662,0.6958701073359486,5.240227303954015,1
1457,0.6539360600225705,0.6397498506548968,3.758754530051029,1
1458,0.3063479304034897,0.34224023342863746,5.292940453975103,1
1459,0.6624020836917477,0.6350074358557717,1.6840518556766553,1
1460,0.4970308225516332,0.5037787058449603,0.7217054101667085,1
1461,0.28767468974096977,0.3396391671414013,4.442384155874833,0
1462,0.5112462042282776,0.7221313466496477,0.056133495468714045,1
1463,0.6417303738576958,0.3358368926606418,2.1367560233205465,1
1464,0.733078031503397,0.37788842071590945,5.484552728119281,0
1465,0.9886350330573755,0.8207323398117419,5.787752928196848,0
1466,0.5352284587477407,0.7483979782642239,1.9068182662821007,0
1467,0.3726342341554742,0.3205297999011936,5.453320533845489,1
1468,0.7422496262361403,0.5467465104076614,0.7556442359141684,0
1469,0.34450359971450917,0.4109932782184497,3.7386052456578636,0
1470,0.5247376749727753,0.3042521174994956,6.125825878191009,1
1471,0.44294741110257546,0.23871002971633093,4.384599945929651,0
1472,0.6928779937893886,0.6486837258455476,1.267406008114836,0
1473,0.4195994958862313,0.4563963728177954,3.667154790155022,1
1474,0.4161553672609329,0.32848538544213224,5.164777729206315,1
1475,0.59023260778165,0.2751788660895746,4.027056107365966,0
1476,0.2346210075491311,0.5126933435255573,2.3168894739863393,0
1477,0.02006576493167236,0.9871226628408715,2.5073002842135352,0
1478,0.3467336536299821,0.5105408208165042,2.1184118262947558,1
1479,0.2841452332174824,0.5732745620014486,1.4988424904464517,1
1480,0.6232030261159744,0.6639937149514361,3.4413125041616692,1
1481,0.48336516896059983,0.7059620405237805,5.259067469869738,1
1482,0.43171212287690697,0.3537150589898111,4.985348783668998,1
1483,0.43269056170292175,0.6653354777404179,1.6233092045211357,0
1484,0.6078657056738558,0.5612095528724769,5.016289516603734,1
1485,0.49670275904695754,0.5605017562066605,1.1826398234321376,1
1486,0.4488050221702283,0.2599588182525564,4.793815358289209,0
1487,0.26856590003612013,0.5606719562869484,2.826320036835401,0
1488,0.4699285407746584,0.7132866529172313,2.178074466563974,0
1489,0.5733098317615622,0.33893127809574575,1.733099197744963,1
1490,0.053726384248279316,0.8864735943557247,3.606128086748757,0
1491,0.6064722923803214,0.4954444500661968,0.5794858696588708,1
1492,0.3413671228138944,0.523324137387996,1.0607674535283045,1
1493,0.48011740635144906,0.5238993498089024,3.064281857447935,1
1494,0.46543691898037104,0.7017859162251497,1.0957599767090385,0
1495,0.5336252825134039,0.7379317739526617,0.8439820411518163,0
1496,0.37465336399413585,0.3099217044740557,4.574254003036259,0
1497,0.6338833953291046,0.32886185596110945,1.7734345886484262,1
1498,0.6218042699758863,0.6308341127229082,3.148380769915692,1
1499,0.38784897064339796,0.5994777020312044,1.9504587361375956,1
1500,0.7228340204771605,0.42628732790048907,6.033197184788961,0
1501,0.5598062533245856,0.2694462477638816,5.941095514669713,0
1502,0.6940672922629798,0.5903635184933568,0.4457381835543394,0
1503,0.5224711249080317,0.2573280412556839,5.597704932986059,0
1504,0.6924488201991903,0.47929856315697267,2.4693623086156222,1
1505,0.32922741516516224,0.3299350339682998,4.938662782594117,1
1506,0.5304178495178199,0.26859257186849633,4.04417303337598,1
1507,0.3455519200603391,0.5132801567686482,5.370880952104518,1
1508,0.46648458412043453,0.5488811935273573,0.7640169617463153,1
1509,0.7115323510154683,0.5646472826663909,1.0279345771920596,0
1510,0.5162974487679127,0.7264268824429064,1.2594829382072898,0
1511,0.2904005641363745,0.5734008988672897,2.8986312847176787,0
1512,0.3888450233477473,0.5101053161616503,3.5771166969354176,1
1513,0.7612710780609347,0.38244279694491784,1.1386774480160606,1
1514,0.6381081530355486,0.7048810164269432,6.179316183637637,0
1515,0.9769982563238792,0.062261977875485625,1.4521329643189815,0
1516,0.39455445777340437,0.5579454800259812,4.908578696041971,1
1517,0.6422192887597077,0.6782997316450866,1.5684140646758393,0
1518,0.610100371259858,0.4480718675218489,4.338244292748133,1
1519,0.2612196021872489,0.46318974711106303,2.898038357397747,0
1520,0.5160324548360518,0.4676587858813574,2.073685498184293,1
1521,0.47709637432716795,0.6981196568163406,0.48012809769925735,1
1522,0.4565299993033353,0.5548660724272306,5.811176597501555,1
1523,0.6013627230384677,0.2905247592196073,6.21751996075092,1
1524,0.6664031513849716,0.5493813972819835,1.8595102046441196,1
1525,0.7376671903897324,0.5245736635689993,5.492401594036022,0
1526,0.6326551475592976,0.6789929552713251,5.972788729291154,1
1527,0.6988014520112656,0.36554358903271233,5.526324355025391,0
1528,0.4125159427298739,0.6580312487068476,1.2197095422437731,1
1529,0.4126675186921568,0.6190128917638611,1.9220339823933505,1
1530,0.6342230715629263,0.33209151663293757,4.34617462202274,1
1531,0.2712193729451702,0.48435686113563914,3.7819414526253476,0
1532,0.6582118174279508,0.4684491391287829,1.1247499906599734,1
1533,0.64654022623574,0.6517092274970796,5.985597383280792,1
1534,0.6121909307343988,0.49427475400902954,1.226593140662813,1
1535,0.3911096711076604,0.6139239632383452,2.441099745347104,1
1536,0.3149466130218672,0.5682663992369901,3.7945868651337693,1
1537,0.5996399242293361,0.5801717720226001,1.5376898254966103,1
1538,0.3665628406969752,0.6633810493591064,3.665849753325541,1
1539,0.40071028730892344,0.6092078582955648,0.09294790323060578,1
1540,0.5952660598324523,0.28389748639187995,0.21394458858417537,1
1541,0.43770472876443617,0.4510994757743434,5.807093914154185,1
1542,0.09887414870057938,0.11438927676660561,1.9178867905922588,0
1543,0.7105855687858735,0.5796728277813127,0.051865028322049866,0
1544,0.4994650837994447,0.259193438344337,4.7587701017671735,0
1545,0.2625634276410168,0.47133740382635225,3.0603016551991846,0
1546,0.7312954456854119,0.5422470371946027,0.04267172133302643,0
1547,0.5603848401896868,0.6263804244635425,0.5963478929368325,1
1548,0.3637131974268917,0.6726723474273363,4.724235684474406,1
1549,0.4858208233888971,0.562727533160882,2.5343094818306215,1
1550,0.3027935984995642,0.3353631402404365,2.193003688549165,1
1551,0.28112717735022774,0.5393213893782275,2.94181353887286,0
1552,0.6200203868269752,0.6308579175445143,3.4794885000808273,1
1553,0.43479597111884927,0.5235299806728632,2.2794433624439017,1
1554,0.30282109557500386,0.5765252327167335,3.7056552177814415,1
1555,0.5122522551348327,0.4463062110466686,2.903012995029607,1
1556,0.6954340998062611,0.3131019526460435,0.4004849746089416,0
1557,0.40396401491115436,0.6235662462810028,4.43072984876446,1
1558,0.3684973096843687,0.4549584208466724,3.3554225188374063,1
1559,0.5529508090043743,0.37331069704639736,3.82526128897188,1
1560,0.2997410873333815,0.40144687731546913,3.7755978751057304,0
1561,0.41106638522876426,0.258283457323256,2.0783781060111925,1
1562,0.29747588022569926,0.6091836758506637,1.8967958693537899,0
1563,0.9290011780406482,0.10200280525642315,0.38090265288645747,0
1564,0.46466368875795777,0.7463674238694632,2.684847875901484,0
1565,0.6058928441474649,0.3294837258535625,3.403099651804485,1
1566,0.4325641320740847,0.44988909496960433,4.7985610599129,1
1567,0.5311959690146579,0.5405504330497678,2.9706696584633008,1
1568,0.5861306966739226,0.48557095503658,3.090142711927148,1
1569,0.31120511136983225,0.3314780390013864,5.202268300091644,1
1570,0.3649547514150629,0.47607110086773263,5.059502839461769,1
1571,0.7252740967211609,0.485038398227087,3.813744337429508,1
1572,0.870109988827741,0.012543866166458908,0.8921110904165572,0
1573,0.3492026738934758,0.6771763783801551,0.5618180979883255,1
1574,0.6600108976379352,0.4620071638089698,4.683956281197226,1
1575,0.41022849784435084,0.26538393283492245,4.008293912277828,0
1576,0.5342519170461604,0.5440162319599902,1.2896779428247591,1
1577,0.4166961949699491,0.33536582900924033,0.2311030222453228,1
1578,0.5148667453399698,0.7277951450489302,2.0137671265913184,0
1579,0.4612140899844793,0.7037588730493194,6.250713623433555,1
1580,0.2907220483017862,0.5895714581054748,3.92154904846038,1
1581,0.3435507183203996,0.34681938838764137,4.34036151437825,0
1582,0.4188592183948994,0.45523937030757583,4.3736042809575375,1
1583,0.3111614532642099,0.3487706646138297,3.058946187678517,0
1584,0.3391715163117208,0.4645329516326946,1.7823465338191244,1
1585,0.6372603220061542,0.4107082682149181,4.211522682296041,1
1586,0.43160464888218103,0.5609608961048449,1.1892711702003362,1
1587,0.5632119689264343,0.37988194104714507,3.383523638063698,1
1588,0.3578078542860595,0.26686209203753225,4.5784341059304285,0
1589,0.3319883270848776,0.3761457332851377,4.111127573167332,0
1590,0.6592884952038571,0.6373739803457743,4.791837868223648,1
1591,0.6707046624290797,0.6886888935785275,5.605093948593568,1
1592,0.43982178092410473,0.3148860788491059,4.648891090374989,1
1593,0.5505297504684973,0.3148529883319535,5.126398974414793,0
1594,0.3584588380528414,0.5666392199993449,0.1949610293452231,1
1595,0.5531635661274735,0.3901751837492416,6.109668905970741,1
1596,0.5515233009814845,0.3956804678424852,1.0502401817656106,1
1597,0.6394568192848993,0.3109430714612737,5.552797393350259,0
1598,0.9700711755911042,0.9691770148653683,5.745777415489964,0
1599,0.5951807790405178,0.5184601771723634,2.4313299313845933,1
1600,0.5967109382938309,0.5972875607701286,0.5542240964761319,1
1601,0.4019201154466069,0.3799718773326568,4.5035966259442395,1
1602,0.24591780102653338,0.4952395188457331,1.9180769169937266,0
1603,0.40461800597918474,0.41399298533638657,2.4029047926194504,1
1604,0.2920566511177064,0.553773450949706,3.8055652710699124,1
1605,0.7281074510280594,0.6060679278193657,5.875012790437594,0
1606,0.37615343584736577,0.5783562654226306,2.9760092669804195,1
1607,0.39433415642282593,0.5571036870877442,5.499600621340131,1
1608,0.5195922527915876,0.3144772147578457,5.6803723671851865,1
1609,0.2723606765468625,0.5868781486673695,3.412582007300788,0
1610,0.31901378884672177,0.5740401685884903,2.269759096743099,0
1611,0.5381331953921035,0.47196020417104,4.677660835991134,1
1612,0.5636276475170003,0.29285378600903295,5.474622213873702,0
1613,0.43460203120755114,0.36745104698872116,1.7872410766983482,1
1614,0.35258847078997513,0.31591018861443004,5.669751572913194,1
1615,0.5291102799882376,0.28758112104197303,4.850188003333645,0
1616,0.2597429665868655,0.37943600809205225,4.8361355747208785,0
1617,0.5584018663054047,0.3703072723846399,2.754570730633165,1
1618,0.3173068147181732,0.30673151339334614,5.00509149859148,0
1619,0.413808404868183,0.4714022884648913,3.3096153577975596,1
1620,0.9843012721867223,0.11955671925184165,5.87463912602692,0
1621,0.4688685864394136,0.5637634271540287,1.3354075023773908,1
1622,0.29946718538193867,0.5942833725346591,2.861626589623542,0
1623,0.29783880529437246,0.38962655142431746,1.2229694564148494,1
1624,0.46967949670454906,0.46227260020997335,2.466456247257146,1
1625,0.7471019439570877,0.4566509004140799,5.5882762932824805,0
1626,0.5917339910126406,0.46241674769824836,1.7786304213520934,1
1627,0.730047410754599,0.46674084694804086,0.2764213869480445,0
1628,0.39393576119246276,0.6522900855111108,2.4852546103428774,0
1629,0.3828353112557932,0.3190208259282325,4.133919842130686,0
1630,0.3359095537468475,0.5979882258252605,2.1975034681429753,0
1631,0.45661543275998395,0.30052608172842926,0.5341142587533079,1
1632,0.35307743737521796,0.6737764532477809,0.7462928432664765,1
1633,0.5000598793595853,0.5067869966567,2.947348810255523,1
1634,0.31133183123567676,0.43648118570832867,2.790936839563894,1
1635,0.3639452039497623,0.30453344765943824,2.838362585708842,1
1636,0.37004560100610795,0.31516602537888433,2.490859929885961,1
1637,0.3342699525278348,0.5267024661759303,4.026146653398115,1
1638,0.36416688097884004,0.5695083781628157,4.483751379755208,1
1639,0.667997449698773,0.463995924040257,1.6928296683936854,1
1640,0.6854239443820684,0.5934217863882574,1.963694900436121,1
1641,0.7184978399917343,0.4252786625113742,4.412545697671184,1
1642,0.5414551326242466,0.707344152763187,1.9100252221446892,0
1643,0.6528307913735389,0.3245041261470158,4.1802701110920415,1
1644,0.5784785597247855,0.5765744166401284,0.27722518459277706,1
1645,0.47889354351183294,0.46955875242238104,2.072241379300335,1
1646,0.46153978141545904,0.33638308995647015,1.2637057752995302,1
1647,0.4620646209518042,0.7233015903770175,1.2230113596887529,0
1648,0.7528261125518091,0.49550333319595546,1.322777065655473,1
1649,0.2934907818203902,0.41712201971921414,3.4146683506094515,0
1650,0.4241179045152653,0.2959957126266301,3.5232022500837465,1
1651,0.6909077681430337,0.643388445584081,1.2588564977681738,0
1652,0.5163535812276712,0.745993018111495,1.6623058534047737,0
1653,0.5396820925357839,0.7457739458599053,2.0855671923894548,0
1654,0.7278546585363372,0.4979931512689358,6.154732387480214,0
1655,0.30514789072399967,0.522056931162136,2.9401560970617773,0
1656,0.4223798546287608,0.708737787262056,1.94564837955146,0
1657,0.2925501626408752,0.5170952083340022,5.234895122347857,1
1658,0.573618695445545,0.6984195688869148,0.9537811155314525,0
1659,0.7244155225535881,0.42967278535017267,0.5018433688832599,0
1660,0.4092356075636222,0.5388830165219873,5.343819148122883,1
1661,0.5787651940024424,0.699297617359006,1.0026835587309222,0
1662,0.664940958200206,0.5984202536051821,4.932329498401256,1
1663,0.9282628299727975,0.09845445139071327,4.065698133264301,0
1664,0.27360673078410075,0.5817247818180012,3.368138456893939,0
1665,0.5594177389977416,0.32334546819346044,4.969287219720438,0
1666,0.968365974048094,0.9434321191209717,4.366666980648721,0
1667,0.29811982625643035,0.5988221818019753,2.0864954004088814,0
1668,0.49263737966428117,0.24279632201350293,3.548045141451302,0
1669,0.3348131676345338,0.515484399010557,4.3276213915198465,1
1670,0.5903522893606423,0.36429302901249555,5.871542938852458,1
1671,0.415517879961626,0.7209019042570751,3.040851042298535,0
1672,0.7009694016848003,0.39607297959342114,0.08376617284174376,0
1673,0.6081178256419392,0.7120590039207652,0.32567975494093826,0
1674,0.5636967048317444,0.32338442238300663,0.9436745156372588,1
1675,0.32475655139534776,0.5466045849623117,4.382954517828713,1
1676,0.6096509023956448,0.6405123840915731,5.392083466325357,1
1677,0.34612788503771164,0.6850254606648868,2.8819575790157055,0
1678,0.330767332552655,0.5774699237419543,2.663174655709214,0
1679,0.4004503196231416,0.38690352244493825,5.070267745685575,1
1680,0.7446432808075859,0.4999095137863219,5.114437912882728,1
1681,0.4664957895670579,0.697772265465721,2.6388587624856585,1
1682,0.5215230040422357,0.7303673503365066,1.3672333426578507,0
1683,0.5785906923951571,0.5914787619312928,3.7771949202235855,1
1684,0.3524996477306729,0.34221878189980115,3.6071398336082234,0
1685,0.7302723322100223,0.5023570093784891,0.06381354046398749,0
1686,0.7124050684185241,0.4092004286812228,3.3706865766008676,1
1687,0.6054227797718207,0.5380355693150553,3.78372048746464,1
1688,0.5460354349728704,0.2650219428266557,2.0106698913813283,1
1689,0.6192670698856589,0.5639775621328474,0.47432689253339727,1
1690,0.3262255398450851,0.6413288123472637,3.601729658714288,1
1691,0.7143523499403757,0.5537784252275231,0.19778436314569256,0
1692,0.5977183200053924,0.7087345298651739,5.608029341773757,1
1693,0.5567789120296478,0.7404048672617376,0.3518261577423366,0
1694,0.49774097095267655,0.4562181088414813,3.246471088710855,1
1695,0.4613554756879959,0.4590051058418872,3.76065866542606,1
1696,0.6340273901788426,0.6516989558714984,3.762554971401887,1
1697,0.48707445730445065,0.7056178226259157,2.6642736972478755,1
1698,0.7148407543159951,0.41508892016095916,1.6543602076416437,1
1699,0.029962520570496944,0.09035472509780378,1.788867604220538,0
1700,0.02925165292721904,0.8992434727695799,2.678918650990942,0
1701,0.6403629203989101,0.6165454902256107,5.570856885023609,1
1702,0.3988404304231716,0.6964495268775589,4.149669232953612,1
1703,0.35317591165362777,0.3834340914821868,2.0039893272679548,1
1704,0.6385007315432775,0.40830365815553205,6.090952010213153,1
1705,0.550548374162704,0.5233046437068873,2.0064576689864344,1
1706,0.5697061873896249,0.42067706554074824,3.428117836770614,1
1707,0.277564714674122,0.45114259774559196,4.2952250624530715,1
1708,0.6570438834833452,0.6015161925068584,0.7341567167691182,0
1709,0.29520710968735947,0.545401639158952,3.1320549596632605,0
1710,0.3590596502604418,0.6622311908562557,2.2556434423315825,0
1711,0.6837045774695807,0.3367973438821915,5.613488806920473,0
1712,0.6742872043346315,0.307249846915005,5.249705002104706,0
1713,0.3983888101688444,0.315491577258834,4.99028520824616,1
1714,0.2750121215141011,0.43114906994682867,3.7367835856832845,0
1715,0.6928833172528708,0.5571744290169365,5.456637019238906,1
1716,0.6186163562473601,0.6099554043188901,6.066830299884504,1
1717,0.5262675922555058,0.42940385900391886,5.559661315993472,1
1718,0.4946670281611969,0.6512784481725993,5.204517079365824,1
1719,0.5601252871373305,0.2683582736619155,3.560893966742412,1
1720,0.5759737039345669,0.7277854973452135,0.16266678762747905,0
1721,0.3259331240263342,0.3121055272524639,3.5027855546392317,0
1722,0.08029077987045802,0.1464019665456172,1.0708287786895814,0
1723,0.29421929059891144,0.12619613280290007,5.688731143707728,0
1724,0.6630119482126454,0.5956356941465848,0.32902729434323774,0
1725,0.5113052851247624,0.26822138285700176,5.22637892204895,0
1726,0.6446839199835604,0.3402595567333653,0.010333789449105346,0
1727,0.3343743330287974,0.42088716865337705,3.3351283777653205,0
1728,0.6112619176340653,0.3729130545747471,5.646766006699508,1
1729,0.4482506881058895,0.49871166169279096,0.5566478108623042,1
1730,0.3215741521970418,0.6642428349191328,3.1453297803238853,0
1731,0.430007018966967,0.7067916768378237,1.0778794788844095,0
1732,0.5722432727395221,0.2953504398437272,4.6055857504214766,0
1733,0.5351781989414404,0.4195738816539611,3.1737089193477668,1
1734,0.35788480100379094,0.6865322453382343,2.728497564797071,0
1735,0.5903951313348421,0.4400966773822738,1.9458852242477156,1
1736,0.09839244293242781,0.020868549037996797,5.593220648306018,0
1737,0.4694472438352965,0.4370055402165762,0.15056121038616244,1
1738,0.5061781225596184,0.48934743138351,4.490317391015193,1
1739,0.46564493356115505,0.7054791172263496,1.4785915528869737,0
1740,0.418502905557019,0.625313343536378,0.2936237870970582,1
1741,0.4814287423310679,0.5051105747958039,0.9099085619892264,1
1742,0.7071118767367907,0.5507160017203276,1.4484589929635883,1
1743,0.9211864971482333,0.9364662030946292,5.740421953263141,0
1744,0.6698754112936807,0.4787111831188246,2.8700784423768546,1
1745,0.7156159851437534,0.6593045634618783,0.5628425096968164,0
1746,0.2725670861717853,0.4828230519469723,4.128090162856491,1
1747,0.3655572585568051,0.45701529649043504,5.82652276699698,1
1748,0.42038064813167203,0.6114491406895717,4.129688495556558,1
1749,0.6924525462620584,0.5422542809167586,2.849449850764565,1
1750,0.6333288612309209,0.3370440351647445,0.3814301276311083,1
1751,0.5996226836090964,0.6851277060868343,0.8760137953607421,0
1752,0.2736074493365223,0.3952526656914173,5.0721658042795275,1
1753,0.47061026888836377,0.47491620682986135,1.2727404204298813,1
1754,0.6403699661998049,0.5883372230552772,3.5915654798100727,1
1755,0.291208717892508,0.5079551814559409,2.7530120379076357,0
1756,0.6336580942649235,0.6597213581392714,1.4980381649925159,0
1757,0.6240731045318199,0.2813850392801046,0.6710268012860293,1
1758,0.36496096509456805,0.29441466376270653,5.5956406989936305,1
1759,0.3649974155141224,0.3036029607354403,3.322196781467545,1
1760,0.7407871860917273,0.4766794726373117,4.4698571277283214,1
1761,0.5710327146880588,0.28055726534481623,4.947193454556993,0
1762,0.4600463881799645,0.2866446413647784,4.34516959096532,0
1763,0.3610278721904382,0.42346894597561757,2.3527105692577157,1
1764,0.7144872939462033,0.503294090383227,5.351090647020168,1
1765,0.26359130211305604,0.5677486706449434,1.104855838545745,1
1766,0.5540333677176206,0.33453724536195306,1.434244017516345,1
1767,0.7483676151612267,0.4615860906498711,0.7942465787667959,0
1768,0.5635220062725875,0.4924435827012507,5.840579736851005,1
1769,0.408324571073605,0.7234791696190911,1.0512117287302702,0
1770,0.3638568302429297,0.306671785000669,4.669190040406275,0
1771,0.4802645541289463,0.2482400778128324,3.8381036469893046,0
1772,0.3106076510646647,0.43954859769683235,4.008238399471424,1
1773,0.511189173483865,0.3162578995819499,0.96266873873521,1
1774,0.3624888267483603,0.5074406093495732,5.876006155580804,1
1775,0.26330174905874854,0.4512409299697329,2.4352546311505465,0
1776,0.5072273851440929,0.30763637057356474,5.250686045909534,1
1777,0.5345977395040841,0.3075256778509297,6.2654222885364605,1
1778,0.24129237251186994,0.5436582599264935,4.227402133857877,0
1779,0.5816601095237113,0.5483160440681089,4.124430819686639,1
1780,0.6075695200211653,0.5347306665887486,1.9696541079000887,1
1781,0.5804514227753748,0.7004361716979873,1.7852035053349422,0
1782,0.4535703555453793,0.5703522097147647,4.755649532754779,1
1783,0.5420018996524271,0.26099735122189843,0.1882760299937738,1
1784,0.36861717370877956,0.7046391793552844,2.729966787438306,0
1785,0.6423402767789316,0.36975598321021247,0.06825479565610201,1
1786,0.5922710459919461,0.3010625586933127,0.923321598401702,1
1787,0.6339001494262259,0.6856702374931606,5.478589306688242,1
1788,0.5127815973678228,0.24583873652985735,4.30098279507968,0
1789,0.43489546854182176,0.2857469711586921,4.2193877301077976,0
1790,0.4613074006244041,0.5160393425685066,3.27416190342861,1
1791,0.3807420457223479,0.42049982964492605,6.04006887678826,1
1792,0.704028992771562,0.5384208571595063,0.6449059543793253,0
1793,0.5870564016387761,0.436588825160157,0.7198311982686154,1
1794,0.24909628779162038,0.5639335549011321,4.507022009891867,1
1795,0.42815753334767614,0.2704164398394736,4.781194987064768,0
1796,0.7219996455504022,0.3960661301577268,5.771057637955287,0
1797,0.49450773913787655,0.3371752212281292,5.189747333970531,1
1798,0.71316085624411,0.6580178019102886,5.732812397971999,0
1799,0.36730790250513085,0.3199300345074397,1.4991234150008377,1
1800,0.6070039476787622,0.6917684452938337,6.093831887353823,1
1801,0.6907342697612436,0.6261554295404306,5.009647174214638,1
1802,0.707328753582188,0.49265295626848854,0.846161038403055,1
1803,0.5375316092254101,0.5415928995551492,0.6681866823435743,1
1804,0.5084877951333729,0.44072920349710526,5.926708509701445,1
1805,0.3864242715781981,0.588135570502625,4.687963441889363,1
1806,0.5665465364267804,0.44149494928519156,0.6749936689490801,1
1807,0.3852312131130643,0.5759996761742819,5.0153076258572895,1
1808,0.4659590187941407,0.40705942804566764,4.237482372755351,1
1809,0.4689362224008233,0.6427985976295256,5.576481936468694,1
1810,0.5695808997724543,0.7299455509592093,2.559543502230202,1
1811,0.451255383399114,0.7266360375620288,3.964780158676404,1
1812,0.7305276280511719,0.5800159970449725,0.27522419123520137,0
1813,0.5458612522115062,0.398354313995283,4.7759087485487495,1
1814,0.5909299789114688,0.49369776293790923,1.6716347102077864,1
1815,0.5754666839767028,0.44250234370027003,1.1049615663712127,1
1816,0.5674162692998266,0.28759997027869366,3.01892491042868,1
1817,0.3133567911904979,0.49946519420718816,3.0020884883984835,0
1818,0.5957076055905035,0.26222786485351,4.849730621213163,0
1819,0.28835692803077984,0.4676391125071928,1.516056017707872,1
1820,0.3271720973354669,0.363302443300257,2.9972383908292155,0
1821,0.009257960222578188,0.9247509582502694,2.7475338866267243,0
1822,0.583936517068915,0.6086462110711056,4.906923457599242,1
1823,0.2921475447019762,0.5580527800162041,2.4890083666078335,0
1824,0.4302436101795743,0.6636101306668161,1.9483977210721892,0
1825,0.3993299811980045,0.6965250742985586,3.7539928408411023,1
1826,0.6205746363536667,0.5497024543927259,4.483632678103802,1
1827,0.575220238617479,0.31810034082965943,4.559472440517322,0
1828,0.3174297578978866,0.4734829911957357,4.289337460981651,1
1829,0.5109279412516314,0.5289278780836292,4.026768122318353,1
1830,0.6878139720831636,0.38705194462799997,4.9333235341304205,0
1831,0.6267666365423259,0.5340169571929144,0.7879414564987262,1
1832,0.7340698733290063,0.5022837837050808,6.108850679602006,0
1833,0.5063151059079691,0.6008893689106585,0.4649377399265998,1
1834,0.4644932395393324,0.6151009547487551,0.9736023517631817,1
1835,0.5209860653978072,0.3452616405475488,4.001922162811371,1
1836,0.400903122193269,0.408104270989433,5.956653878042052,1
1837,0.4760735358037504,0.6703940852883086,0.8219183974627804,1
1838,0.5901759806540311,0.5502046787175997,2.9860561465370474,1
1839,0.3483726444590395,0.6669783312394008,1.82342201618261,0
1840,0.30739385865360414,0.35922651791520605,2.694492391434214,1
1841,0.5737636120490103,0.4329257140238202,3.2970902573353325,1
1842,0.7349165915209744,0.5327248936851237,6.2589878495963385,0
1843,0.3622717626207473,0.6045327001272486,2.6174393115834245,0
1844,0.40224841811386813,0.28530161392438463,3.553492918482781,1
1845,0.4349992440504571,0.30083188274394473,3.950315045583331,0
1846,0.6506052440870181,0.6317530940913461,0.608628435250222,0
1847,0.955496564636539,0.9782978985976268,0.218055099305515,0
1848,0.49435457133654426,0.3826277808047888,3.319225517938689,1
1849,0.3536607605275204,0.4180260768199229,0.4064470615385731,1
1850,0.9790658925982817,0.031824354320154714,3.6441542647042446,0
1851,0.5905966266334699,0.32714952343063336,5.342911652673385,0
1852,0.5559648121928998,0.259736851308148,5.80209925204835,0
1853,0.3568788503867702,0.5493642040075155,0.17129018246035738,1
1854,0.5842579313450682,0.5582817554627425,0.028495732554518316,1
1855,0.2918619410654566,0.40279292456576876,2.6323238089622287,0
1856,0.3680828032761959,0.3597949477719453,1.6937205188949704,1
1857,0.6286858695629294,0.6061341375827383,5.288665045045883,1
1858,0.34153446141469995,0.2914499364502936,4.238344296066531,0
1859,0.2480276240232357,0.35908940325411853,2.855657637866461,0
1860,0.3627737818368495,0.3498811939397136,3.1963408005375182,1
1861,0.43705604721393226,0.6214132762609199,2.5347336372678484,1
1862,0.43164749454407125,0.38515776423988424,2.9833461395055516,1
1863,0.5922068043384516,0.303175181002697,4.2067158531804525,1
1864,0.5782380182512524,0.2965398104966216,4.188317845020019,1
1865,0.4869066197629543,0.2964460818401987,0.10548726177042474,1
1866,0.402865708241641,0.5012249951093959,5.44789693759413,1
1867,0.3833042315348252,0.5265416482529104,4.623765080702035,1
1868,0.4986459952925171,0.479534300791617,3.1049047179276443,1
1869,0.607781106519612,0.6308384194799196,2.965296402819004,1
1870,0.29244548179604746,0.38620655944529086,3.1360274672881636,0
1871,0.7135730192596859,0.5137292355405462,5.932583468885403,1
1872,0.302078593727632,0.5084795711336553,1.2577814913666143,1
1873,0.3797766078600953,0.6611226360957947,0.6332224931016615,1
1874,0.6829787081251496,0.6353521856516922,5.007402739441035,1
1875,0.2680170529699944,0.4425732008609482,4.174966748744235,0
1876,0.704470292242196,0.5722063262894141,5.110367982831501,1
1877,0.42306318160779555,0.28323253219981354,2.5026208643283057,1
1878,0.6278063522078074,0.6236739436754536,3.446349381396297,1
1879,0.3400542473949138,0.5267991283586445,3.7985210637915787,1
1880,0.498648459083914,0.5933604655716517,3.114506922292573,1
1881,0.5647071563201806,0.3350674102723812,3.488647301048252,1
1882,0.7329238406312711,0.5034965267341206,4.827357502668804,1
1883,0.579413462967026,0.30831043970853605,0.5807594301328729,1
1884,0.3223334016809547,0.6270881976561058,1.5968209932206674,1
1885,0.6711201032964021,0.6274056133927759,0.08169653535696983,0
1886,0.7214749020663871,0.5943041001058488,1.4900400532069926,0
1887,0.06799253022021529,0.9291576510065861,5.052063629015835,0
1888,0.47691348316657,0.7222273569736176,3.2287362190157882,1
1889,0.560728767615848,0.6322871603298517,4.924957528274383,1
1890,0.5182905853921134,0.6560839866212624,5.5983215112519575,1
1891,0.28889762688507603,0.6027606791288617,3.501124487098603,0
1892,0.6185369629066474,0.7013037508986597,5.90670573197883,1
1893,0.7126509936504997,0.4541500366364135,0.22915797672569163,0
1894,0.5971347398312006,0.619202978429168,6.232313205796671,1
1895,0.6480926524321308,0.6710787874441597,2.3645107541978305,1
1896,0.3770106941452105,0.46091422892602374,2.3098741608876825,1
1897,0.4260564980544644,0.48592455412510704,0.8505290004807001,1
1898,0.7487986888059303,0.5482503328939504,1.9520561441890052,1
1899,0.41443381250987216,0.30973256814496436,0.2542537392928171,1
1900,0.3886963208985107,0.5664745543632504,2.296207947893282,1
1901,0.3445523879194916,0.32021549819193973,2.661370123203801,1
1902,0.4178099238530338,0.5489218251004647,1.2901186854138451,1
1903,0.2500466644337836,0.560135903216275,4.4266514229449685,1
1904,0.27922222538823155,0.43031268031654285,2.0909577620990842,1
1905,0.26501057897024627,0.5505873393160637,4.102199758017338,0
1906,0.32263882646880493,0.5809415003617652,1.917545551168423,1
1907,0.45934903454331666,0.36581460360338675,0.46720568556036157,1
1908,0.5736026650507605,0.5512726954543217,1.7339866022207535,1
1909,0.7207666187158359,0.4868788543950084,4.203445414438485,1
1910,0.44347617401884903,0.34033979887673077,2.350709112390851,1
1911,0.40079879259109946,0.6719126338296415,0.22607264518407066,1
1912,0.311991365685645,0.5523367974597194,3.68502072677977,1
1913,0.3691517948857996,0.3942809812581085,0.6361768883306732,1
1914,0.2719557519194975,0.5100795093984589,3.5699043889878777,0
1915,0.74686332617972,0.5178230691430945,4.931576934681219,1
1916,0.33990092922091647,0.642503884924367,2.5936931764314064,0
1917,0.728889336782066,0.4574771533345047,6.723554682386279E-4,0
1918,0.4613440084298405,0.478268840203503,6.026588228146875,1
1919,0.7412429436442642,0.5135627210119657,4.659587912940355,1
1920,0.41647826971607255,0.30791773598751887,1.295692432209351,1
1921,0.3279474884203436,0.39707419268760724,0.04755864071479721,1
1922,0.9624862091695545,0.89967648405946,3.844640151170441,0
1923,0.5971453518222269,0.4105596512083591,3.600174270298114,1
1924,0.30032681879989254,0.28718884081425666,5.398530977338875,0
1925,0.7347063728798957,0.5382476612090222,6.050258702127298,0
1926,0.4073125099219204,0.6055347613422402,3.1204671643889403,1
1927,0.6219616953305372,0.6958807079877981,0.2719921446886589,0
1928,0.31468167876902825,0.3899090786017817,0.534441258473205,1
1929,0.5804677081728894,0.5494051933413959,3.618606385166888,1
1930,0.4288482294018737,0.4460006730612283,0.47743743415820833,1
1931,0.6018067834992572,0.2709112469778712,3.865392261955347,0
1932,0.6206632842064393,0.28095196533893213,0.3289801092857054,1
1933,0.8869561379143082,0.035131372205238806,0.28958739743771056,0
1934,0.36348406260621086,0.32075200264564047,4.958253838797925,1
1935,0.7079739782587599,0.5909372789527222,5.9902177938542245,0
1936,0.041505881764712566,0.007495821432923638,2.1238685271533218,0
1937,0.4264707529778546,0.43267201226666846,3.4871497738929356,1
1938,0.6054905638400495,0.4577959673061206,2.8590863622784632,1
1939,0.29817312272735264,0.3814462503079292,5.213190632976172,1
1940,0.34940335756469354,0.3026641874510955,4.6510457432556604,0
1941,0.4538930523198852,0.728888527309471,3.4913944482787054,1
1942,0.4361093573862502,0.5055295795472248,5.680974460957377,1
1943,0.6512863616821865,0.4741592399982683,2.216358473492648,1
1944,0.2887960475536259,0.3873380151321109,4.0607286519398444,0
1945,0.32892381994252723,0.39999824944836804,3.79037472464462,0
1946,0.3284043459430244,0.3532797270474939,0.501853977509273,1
1947,0.3847896764479219,0.47883635236848565,4.549989008398907,1
1948,0.4688004784491511,0.2448944399000532,2.8957933574144845,1
1949,0.6813570405292323,0.3373309273520619,4.72134372639845,0
1950,0.7023779045602552,0.567324621735524,3.7091721994709372,1
1951,0.41936361070483813,0.39967940197780205,2.0657172532866976,1
1952,0.5620374438171656,0.5437567568563975,2.6896490783899893,1
1953,0.8365618899360283,0.9627558241508272,2.4909067453248204,0
1954,0.16095523363900727,0.09570275885412044,4.957998699675256,0
1955,0.5783305832909091,0.34608084853505466,5.817103472819962,1
1956,0.7324869494394284,0.5034621305293862,5.381673890004808,1
1957,0.5508134040786088,0.6667341733017843,1.1254430763644931,0
1958,0.6026277602039485,0.32218353923431836,1.531030831339911,1
1959,0.6419517962139868,0.6612384014230016,1.819322287239881,1
1960,0.5139659188879238,0.28320446772641883,4.5080032938082155,0
1961,0.3050207005610866,0.3626564444486458,2.7082005692719946,1
1962,0.617254736826216,0.5484523656473576,1.9218193226714535,1
1963,0.31972769010940955,0.6156542405730722,3.6536212429862354,1
1964,0.32932401927057,0.32549579380213695,3.1155628608361905,0
1965,0.6409698731028058,0.3526064864519138,4.0789986627282175,1
1966,0.5771421293324472,0.43906779547499314,5.341107027345997,1
1967,0.652031075695341,0.32594154019932725,1.3860959375715887,1
1968,0.493401470096669,0.2531407647548359,5.532745159637699,0
1969,0.5968305580331982,0.5282081113095454,0.9873747526416417,1
1970,0.33327661359895255,0.3927003922055697,2.321571806375589,1
1971,0.4313225189749645,0.34053104398784384,4.00463201545378,1
1972,0.5320146459318322,0.23539198179928336,4.5802981628860255,0
1973,0.7078707189396879,0.41113809641072635,0.18161013817685223,0
1974,0.6684541926125809,0.5158965138118842,0.44729440254881686,1
1975,0.7326851149035154,0.48518599544010116,0.6187105756233469,1
1976,0.32522175777313994,0.32096169660582724,3.8953369396369784,0
1977,0.6119559523407642,0.6626712379389418,3.5523866181283927,1
1978,0.26978714126740627,0.5267703472320435,2.9185171969919894,0
1979,0.6600161119595298,0.6176254445089018,0.2739958426896805,0
1980,0.5241865243968757,0.6916962239401472,5.11020715626065,1
1981,0.666264397174966,0.507386105562248,2.6732715507553553,1
1982,0.9975612169935142,0.05472471106435813,5.7716883118891875,0
1983,0.3550550357841355,0.5525665131839677,1.2174404151329006,1
1984,0.6002652886370409,0.6361103159886511,1.1815692901628885,0
1985,0.6183515091729721,0.6946382680826636,2.356244672266791,1
1986,0.3676478648478623,0.6952366420961822,3.2975753029684034,0
1987,0.3777050898532807,0.2765155183152709,5.234694349143424,0
1988,0.41665509011168617,0.7088207275207566,2.348386639533765,0
1989,0.3803803168957803,0.27428180503386324,3.6055715500762964,0
1990,0.6008335017182513,0.7052420078287833,6.2291538139372165,1
1991,0.6731017041181537,0.6649531255620161,1.9096623341995522,1
1992,0.6378195126939321,0.3880461507920933,3.161315915331157,1
1993,0.6431540188321067,0.5072606306288109,0.6719193783007409,1
1994,0.40641296916226954,0.2758065486923992,4.212494375779409,0
1995,0.29927548585634184,0.6171245621695984,3.6908993397832703,0
1996,0.25535701537969974,0.44624928926458807,2.629421115329675,0
1997,0.7258407404870839,0.5156934877785824,1.332414132029751,1
1998,0.5014140130541398,0.27105206886002575,2.54018219019663,1
1999,0.33449109688281814,0.2805298147405787,5.236299474185781,0
2000,0.7104621971309981,0.5883346694730819,5.316454473214863,1
2001,0.3923100278205826,0.5187530120098187,3.247824259130072,1
2002,0.5592489266645971,0.5248806762316129,4.341948847293597,1
2003,0.3871247484341245,0.28396444360417944,2.3399618783233143,1
2004,0.718837152667648,0.4808832247975894,4.142000222678868,1
2005,0.07050672182084056,0.9474162582495282,3.345758057881754,0
2006,0.48722806720337025,0.7343552818355404,0.6878134000749729,0
2007,0.44762880720024845,0.6717079655447166,1.9827349268134362,0
2008,0.398236168373649,0.6557738868859712,4.465487757041401,1
2009,0.49451475073935786,0.26862864974499684,5.542699489008554,1
2010,0.4440929999876042,0.7190020912799903,1.9685220795756564,0
2011,0.5227483714452822,0.72306857558136,1.3604611351021578,0
2012,0.4844015049784692,0.7228776672337592,0.9908381928856326,0
2013,0.46164937008645524,0.5786109728429457,2.566188635873762,1
2014,0.3618998497966581,0.6152640250830249,2.3191427787169583,0
2015,0.2902134360426054,0.6360638148298202,1.4828632013715488,0
2016,0.7217242486444497,0.4476339171852552,4.482781928041251,1
2017,0.49695116113081433,0.6567123712614815,2.6753476045619493,1
2018,0.6309104643819108,0.4110093833091789,0.8842412417901077,1
2019,0.6650418084428111,0.5238350398865179,2.0835969165344355,1
2020,0.34426073945212127,0.5611642056321898,0.04366220439170468,1
2021,0.4818169159318406,0.6917356154015636,2.272809073486194,1
2022,0.01029273810414172,0.09830680568469137,2.3802027395759136,0
2023,0.5935301576144595,0.5468047696373338,4.508306071214425,1
2024,0.3855591392441988,0.7148568136213543,1.863911273540339,0
2025,0.36444165852056665,0.29459913978427366,2.91539342157337,1
2026,0.615548316875932,0.6511911803032506,4.770006621380703,1
2027,0.31025793317217315,0.6367748573755798,3.602784790987777,0
2028,0.5128468775121537,0.507344861117546,3.837821004463576,1
2029,0.6004668353981787,0.5553969747831106,1.1330705180291156,1
2030,0.45685149632103766,0.27486256942890736,3.588495253684028,1
2031,0.44605833299263364,0.2910207552169554,2.6716421870548572,1
2032,0.46774410635739155,0.6043595730749087,1.145733432949502,1
2033,0.3356039688657207,0.6529389449930774,2.367261794235186,0
2034,0.2851862285077417,0.4038060762229607,4.974212518115468,1
2035,0.42224954551606764,0.26164281617314555,4.629395557654862,0
2036,0.7426822168903878,0.5433208023830629,4.8276685800353505,1
2037,0.5553114766330921,0.4541058729070001,6.22534781625338,1
2038,0.41932052341260045,0.2581169881904739,2.4830206780787414,1
2039,0.2603447525563198,0.43075673549078064,2.0219902106407286,1
2040,0.3529031725813981,0.4294603088233324,5.672045901842317,1
2041,0.6877950375684396,0.6407518682210628,3.4847464325537745,1
2042,0.4224873133778565,0.6783106587687967,0.4514589762874013,1
2043,0.4238062968912617,0.33096357930846154,4.690320732232023,1
2044,0.27078235787789556,0.5006764985066467,3.0833134392673234,0
2045,0.22530409238357652,0.6672462223991342,4.526449097646982,1
2046,0.5158449079762547,0.3096717506693,5.161661658601209,0
2047,0.9532321572634006,0.9101265315233154,4.382263916600438,0
2048,0.39783609984788093,0.4294308054626692,2.450907299858147,1
2049,0.6962941569399763,0.373574960060359,0.7103704976223245,1
2050,0.36682375489754415,0.310068401384122,4.515323267288553,0
2051,0.43235264055486045,0.5189469980945265,3.0592729521869915,1
2052,0.8983861395373484,0.8589672617516791,1.4881628075824622,0
2053,0.35434220420741647,0.35964067514951076,3.8093067260778515,0
2054,0.07054068745680907,0.9953535930599281,5.659477957517428,0
2055,0.7196276932218265,0.5049081179063373,0.7270737909357434,1
2056,0.45982355755917087,0.2523756196935791,5.433575001174911,0
2057,0.41242146435620686,0.41845624557885525,1.1833285204748922,1
2058,0.631111987748823,0.29747848680123384,0.4942778469120316,1
2059,0.4102827060393624,0.6523778936430624,5.16834073298248,1
2060,0.27502264936913223,0.3821000475018677,2.664273660525135,0
2061,0.33668554704410075,0.31302399099712525,3.368607630080027,0
2062,0.5936989050443343,0.6067439960079226,2.4058796443619728,1
2063,0.38811204750089834,0.584143435986206,3.158793366310009,1
2064,0.6011563764807193,0.5969508008263564,3.511076829847496,1
2065,0.48854635447504646,0.2719250242185297,6.0738920887289,1
2066,0.472817541437816,0.5206255027818129,3.6635415537071756,1
2067,0.40689025445675325,0.48800247155562704,3.7549721644579277,1
2068,0.3139205319741161,0.57543763799627,3.5051776306556817,1
2069,0.5818307468042369,0.30788836604773234,6.223504937711745,1
2070,0.4592200559158232,0.3712969618437145,2.262499903029431,1
2071,0.4281753888228768,0.5952643411981512,0.6384896468169889,1
2072,0.6163485118433738,0.4942665245632161,5.287303609220914,1
2073,0.42809201879765624,0.7591448185628453,2.838628261019901,0
2074,0.36605116969611784,0.3158042906460121,4.486119563966715,0
2075,0.5783699559394941,0.6721898360537353,0.39434915103533963,1
2076,0.4555519514082609,0.3941874429321893,3.164093247268949,1
2077,0.7195091721301814,0.6020644885954265,2.3111668029674552,1
2078,0.4117415927230615,0.6484192880308254,2.7624493482341412,1
2079,0.6312161751971764,0.3640206448155241,4.510379949519091,1
2080,0.4410545186113006,0.4895726325209014,3.622443790686483,1
2081,0.5885980556080763,0.5677002512223063,1.5194782214175286,1
2082,0.2837654004263487,0.5150660964097239,2.5246406391111518,0
2083,0.44690542404407696,0.2405617187599921,4.590974577164745,0
2084,0.5424553978539094,0.7269527685548386,2.3361449620523285,0
2085,0.7353488699588835,0.6330696899127243,0.772231713788892,0
2086,0.49692741051346817,0.39783935879627014,0.8178711301659968,1
2087,0.7085486460653897,0.43723296940094064,1.8668631872190642,1
2088,0.3646558845531012,0.33063475648915314,4.218738282480223,0
2089,0.28609934813492355,0.36183188259590354,4.306755826817574,0
2090,0.4129709022037193,0.5899039792191119,4.576836586833728,1
2091,0.6066980470845428,0.3956503492020121,1.3654458289214417,1
2092,0.6862454653376737,0.4363785295932059,2.823336227879558,1
2093,0.4815678526966233,0.6241617207676652,2.871180924162567,1
2094,0.5635651089531993,0.6612319322419304,1.9533589953734756,1
2095,0.5456360187713006,0.7086749499968251,1.7373731644618982,0
2096,0.5147216227196646,0.7198133485771877,1.215313720783756,0
2097,0.6081550832942327,0.6728358519778199,1.3605081442052165,0
2098,0.4984931442333778,0.7332769355188135,0.897062912433965,0
2099,0.5304541898048831,0.6089937812326862,1.8772530859659828,1
2100,0.4517324040278086,0.5506444607120548,3.2622144048040793,1
2101,0.9787945231628382,0.9304759664218202,6.213480149084858,0
2102,0.5825232571242055,0.71359935594148,1.5221169013761648,0
2103,0.6596804278567794,0.29798296522807394,5.085628737769145,0
2104,0.6148164542134604,0.3632159684473562,0.2935027243106771,1
2105,0.3018185162941431,0.5744960902202616,4.090862949783648,1
2106,0.4767478741179733,0.6291324048148232,3.9011125493776664,1
2107,0.45071706031306386,0.5768070008126124,3.7019151525013774,1
2108,0.5743743066454776,0.7416873987554551,2.1708064386040555,0
2109,0.4775268589893015,0.5544348528851775,1.5870093919553072,1
2110,0.3580756454944726,0.6247854906790926,2.6074230276881396,0
2111,0.3373679206352927,0.6521504795953558,3.2443513121261844,0
2112,0.44654647193086044,0.26432218474945496,5.386473151702172,0
2113,0.4322515264966518,0.3203275862545259,3.9653398123668473,0
2114,0.5274250379530105,0.2586167730009028,5.887785057747431,0
2115,0.7238981190801355,0.4843713161545598,5.8710974258347814,0
2116,0.7373799009007584,0.4829145502962853,4.173449149757459,1
2117,0.4624231956103798,0.4846330068095174,1.8202900542407547,1
2118,0.5391945268662107,0.31524364616947603,6.139844492252854,1
2119,0.45482586565223604,0.5792056807955392,2.9529290097407572,1
2120,0.40499081668529835,0.4278538452652363,6.074504457062387,1
2121,0.6365918881716311,0.45151465166392163,5.74349249094466,1
2122,0.6186042295939685,0.41445443960351486,1.566913490207703,1
2123,0.5456452080988702,0.7008414537990966,1.2103177814868347,0
2124,0.6521475132816255,0.6106544205826522,2.102542973287641,1
2125,0.2879970566646653,0.49959621501831064,2.999199772702105,0
2126,0.7479631696432472,0.5121695380327621,5.371915692514477,0
2127,0.5587680095941913,0.3285205655517199,3.6529596220435328,1
2128,0.9199173143662569,0.9290889442508772,1.529649238934721,0
2129,0.37682921534648217,0.40747092290010056,1.2772709952371872,1
2130,0.44497498690944526,0.7130055226248788,1.0130555502219916,0
2131,0.878729019683471,0.012457238924066891,3.2928722791006,0
2132,0.5257783411455876,0.26555454745333906,0.5912690097130653,1
2133,0.27094765535152654,0.5498519292009044,3.763528415975488,0
2134,0.28045088656149214,0.39298559390904786,2.5724392202488704,0
2135,0.6585725318727123,0.4070657229111383,3.574856760832673,1
2136,0.6774495717992017,0.6381758958102364,2.741844158451232,1
2137,0.4563262987701606,0.6669531600508883,0.1502443428654236,1
2138,0.5431965286327964,0.7240980613166402,2.1793489216396638,0
2139,0.606277760746102,0.30082555827885604,5.2064089536359415,0
2140,0.6412798953357605,0.3285068330444891,5.860613451376977,0
2141,0.6554415036709227,0.6128008281566998,4.716515054711164,1
2142,0.6358554581222003,0.33196218957027873,4.748506745458018,0
2143,0.4161542893312839,0.40753279673610016,1.9892072711380586,1
2144,0.7158158328911591,0.5215243016619922,0.2849796546287299,0
2145,0.3852179402014835,0.5258848142597173,5.027579840981092,1
2146,0.5959801014160883,0.2901875223935506,3.695379296607021,1
2147,0.36281543083469103,0.32839191414817454,3.319365445885603,0
2148,0.44475710329274537,0.5211843007062893,4.206290799912355,1
2149,0.5695651040000089,0.36464462742995807,5.198386398885585,1
2150,0.3321119569325335,0.5374877532712162,4.776315410442508,1
2151,0.633381389650638,0.6419345103534649,6.1339481706897985,1
2152,0.005800636753201691,0.9700633830345874,3.6343334883963516,0
2153,0.3203625341638707,0.5419574578671307,1.6930840261620435,1
2154,0.7479434944767575,0.4065713874393216,3.8589186416677594,1
2155,0.4859100671716726,0.38640474934766095,2.9754142934972996,1
2156,0.6828762963600795,0.317282998882262,6.190479917804727,0
2157,0.46608760450694753,0.7410921715470224,1.5984000582399234,0
2158,0.5305042965994088,0.7411549897540491,2.523522699571517,0
2159,0.6123109371684229,0.480284013768095,4.384459284710699,1
2160,0.3583891394635552,0.3098465155543028,1.2831822561967174,1
2161,0.2718398742283448,0.5603281201391223,3.858625846527454,1
2162,0.49975746554291883,0.33180707785422964,5.031106375335307,1
2163,0.7120932806202054,0.5508143180695693,0.2283100751988491,0
2164,0.5721622488054904,0.4277433056535656,0.06016538977378616,1
2165,0.48675486947762425,0.7222706483735248,2.325683622258196,0
2166,0.5204849289328044,0.7374834177493221,2.0302345397202095,0
2167,0.4943860240075508,0.4366146648710535,5.708174357689397,1
2168,0.2924183748660014,0.5688142314571792,2.763260177614586,0
2169,0.685486667695731,0.6331862196525041,5.4486698525703,1
2170,0.4030021268406636,0.6472181324990294,3.808192205182632,1
2171,0.549760002561475,0.45077457324925463,5.137411973676865,1
2172,0.33891166972016534,0.5269831367552271,5.112012406557596,1
2173,0.5136422945847993,0.27519638762116905,5.399337259395679,0
2174,0.08530648942221881,0.9419516062381015,4.530861656018306,0
2175,0.570994208121865,0.5528568736858511,0.6931197170784842,1
2176,0.6964272304867397,0.6397246504549244,3.5150402689055187,1
2177,0.34718550879582916,0.3024296013017064,4.2239707505977595,0
2178,0.2451542667985597,0.45075703956993013,1.6281005946626392,1
2179,0.7352852168680363,0.566986379057154,6.084081797684376,0
2180,0.27441079276509206,0.5635782152992238,3.519262710362786,0
2181,0.379066400917351,0.3886068129560469,4.968081621629197,1
2182,0.6455235927552724,0.39585380247311375,5.012924414136672,1
2183,0.6706464726396452,0.5807070207304037,2.0625541595148267,1
2184,0.27166365645852886,0.5798733483459907,3.637997203247188,0
2185,0.5397009105306823,0.666376463337744,1.086686961647957,0
2186,0.5894038819504552,0.6641779582153137,3.2785669170468985,1
2187,0.7403793185704413,0.5940763532660827,0.8178599098615633,0
2188,0.6419753309403755,0.5166755102941096,0.12966573400277553,1
2189,0.3899067901134575,0.7138339416393987,0.7443567168028993,1
2190,0.2926391673997957,0.5998894402420327,4.846885955735658,1
2191,0.4397728552061268,0.41086459486242727,5.026965910908063,1
2192,0.5687666269913058,0.5173177258854037,3.379347380778973,1
2193,0.6527219494981786,0.6105343804085323,0.8858033364624689,0
2194,0.46065163223140393,0.529843867723747,0.0010139944666427425,1
2195,0.5756377774582283,0.2795949483138361,2.8495581740826648,1
2196,0.28744649270909234,0.5399837549595137,4.605136963962755,1
2197,0.6300170115437372,0.3102158999706232,2.9863060888856814,1
2198,0.2708416425872201,0.5536346007309011,3.4912728051870245,0
2199,0.48938322539916573,0.5886683038919582,5.528795670992624,1
2200,0.33482955673279235,0.47516780032095757,3.0818818889018496,1
2201,0.39995417747686346,0.28656312622541086,2.170686990390231,1
2202,0.5452977105253571,0.42797624393582623,3.9992055315173562,1
2203,0.9327196239149755,0.9219795061504327,2.8708233109305192,0
2204,0.5689985658678901,0.70035217057413,0.8646991704187997,0
2205,0.7034693068318855,0.6509649012834167,5.223626277328115,1
2206,0.44089425562586365,0.700988461924824,6.223679690959091,1
2207,0.2729900609758087,0.42932635641233036,2.350816927949664,0
2208,0.5827963925217031,0.6254047335778987,1.091866677795539,0
2209,0.5001068392959886,0.3350862092646271,0.2852820301160389,1
2210,0.28997508400364314,0.48175521270506516,0.749164614652285,1
2211,0.5082267575534122,0.2689108636869621,0.41693043123768203,1
2212,0.5360493049798691,0.6956144705410585,3.8340099430567434,1
2213,0.6123780078542994,0.5816673661479265,3.8294454015637895,1
2214,0.27426398301709154,0.38296489926444605,2.339752881392598,1
2215,0.6517445023068368,0.623817468738778,0.23818593251120035,0
2216,0.5370435441446825,0.7073094986592408,3.7511700393307335,1
2217,0.4911423071260178,0.7503320138609616,3.0634257150630715,1
2218,0.6035795398064718,0.2735086493064173,5.282815567587248,0
2219,0.3198709273988762,0.5590388957404286,1.7543104567487853,1
2220,0.9187274866860428,0.07086261613721437,3.257142252394437,0
2221,0.4367886157529382,0.6435901037054957,1.3060559033311052,1
2222,0.5271280634216846,0.48432531430366027,0.4790945507745128,1
2223,0.4318538191907253,0.33183469246456754,5.755999703403034,1
2224,0.7065053037129112,0.5714267406268846,5.875576539244668,1
2225,0.5671154834835332,0.31906694320725826,4.219408462480405,1
2226,0.4448830695229388,0.6656559207054831,2.426185781015903,1
2227,0.6992491217664787,0.5506425933954883,2.3688941766301648,1
2228,0.6580550771835734,0.5361953670804465,4.627861339001138,1
2229,0.5747731777432934,0.27889751705529625,3.8897446163734863,1
2230,0.5514380892362849,0.6224294574215578,1.8953680705531115,1
2231,0.4011931515582326,0.2716530734558239,4.536844062720463,0
2232,0.6972872635898388,0.5488636875474584,5.822940216498939,1
2233,0.40461798148061434,0.5085386397350913,3.0413595553869306,1
2234,0.32317091561913525,0.5982922583373775,3.522886685830688,1
2235,0.5259085690333101,0.4549416747138835,3.5067009287253352,1
2236,0.6837157386957616,0.6373978425535395,4.901968701472448,1
2237,0.5655284655385555,0.2528160645549027,5.141323714972446,0
2238,0.38220597533362605,0.43750905362185766,1.2140608948128142,1
2239,0.6949103944651436,0.5265379268595963,3.242276548999297,1
2240,0.6868239341722132,0.44553736069585326,4.603839404246507,1
2241,0.6767185738455612,0.5325986407378401,2.8940212995652783,1
2242,0.415810585215485,0.7130181624334416,0.42028564113787426,1
2243,0.7427161173790561,0.5766308935748868,0.5247393749135161,0
2244,0.6578704632410072,0.3492076459264053,4.643297196433453,0
2245,0.14295613526896964,0.013837552840247158,5.025711183720686,0
2246,0.5423678282098464,0.4821795110874916,0.26664622973911845,1
2247,0.6649121581899952,0.6912267421758942,0.1402455661004604,0
2248,0.7459021132428153,0.39549666468948624,3.833127249986944,1
2249,0.6087233997475837,0.3847319286807776,3.6773849107463907,1
2250,0.3298597158562335,0.5894850771035354,1.980956065559461,0
2251,0.6920671280426515,0.5898244065425114,4.741020995364168,1
2252,0.5136080491394371,0.4945836294912286,5.481517311725076,1
2253,0.48722355808334306,0.2967894073660249,3.7385719075255666,1
2254,0.4009683711936841,0.714283052612862,0.6622335939309567,1
2255,0.38140578258557273,0.3489720759152981,4.534444916866643,0
2256,0.7317763138562944,0.459195793514082,0.06577787815921009,0
2257,0.2780932633368216,0.43168831405399644,3.5957215627376815,0
2258,0.4157308592137924,0.5501593104305601,2.115257110389964,1
2259,0.6589222763216644,0.4471601853201541,1.8179792479589065,1
2260,0.5452883537990514,0.38624332739174316,5.136592619986168,1
2261,0.4000515566552738,0.7141817610767245,1.3751339108105887,0
2262,0.4658957616436326,0.34203663116623256,2.265033004367353,1
2263,0.7220183638844299,0.5117022580554758,0.6611072375179008,1
2264,0.35538136470319115,0.33944237678080685,3.340974083274347,0
2265,0.317419260568113,0.6292946200443309,0.7936324148292705,1
2266,0.7396611379180632,0.42548872106915575,5.477662580317039,0
2267,0.5001195925225689,0.2693956554157133,3.2563175000710056,1
2268,0.48611444315618824,0.5809129521388054,5.696375696321757,1
2269,0.6384697778565849,0.2821928388960985,5.350931533229468,0
2270,0.3137951055126059,0.3984948121877809,1.6019480836707047,1
2271,0.7305968752470087,0.6094998349806169,0.43294675159291274,0
2272,0.346407841874955,0.6263749657242028,2.007412720580088,0
2273,0.0967983153548946,0.0878315534109527,3.819953772817851,0
2274,0.46134318772872734,0.6618855506893601,1.2685986939972733,1
2275,0.3039306145382531,0.35769014576547814,1.8793840913918474,1
2276,0.6310019739303582,0.2945761492574734,5.635004788845644,0
2277,0.5437352272163908,0.4214332557501282,4.329958945628859,1
2278,0.7221393440716071,0.5339408049344007,5.973246687669066,0
2279,0.4270658295898825,0.7199766163516194,2.347972839017428,0
2280,0.43593029822555235,0.7215767546518321,2.1984873326948047,0
2281,0.42563003424045404,0.2525518365346522,4.694473479457378,0
2282,0.7079504150638178,0.9099448520637012,6.0409513833133355,0
2283,0.7065402807943942,0.5321232299455162,0.562478264535035,0
2284,0.6218820133900959,0.32685439956742673,5.9396053055648,1
2285,0.48888564431581066,0.7379103542574769,3.2861143875507794,1
2286,0.7342256770939394,0.44727969812632173,0.49119993121774064,0
2287,0.5011296763347839,0.7377020799902847,0.24095622668564387,1
2288,0.31022660460220775,0.350213765254583,3.140505633619052,0
2289,0.5549317638031329,0.6926949599297197,0.3542009085537166,0
2290,0.6738138544259851,0.6739127227353436,2.4669714739375967,1
2291,0.5574871214743787,0.7178094764328208,2.5040790703241544,1
2292,0.5517202166275043,0.58594604122144,0.9839694043269805,1
2293,0.47338402538482405,0.402453823657563,4.294015902081676,1
2294,0.5150991948661487,0.4546455525926386,2.5241592428941093,1
2295,0.7295067221323469,0.47869757312959715,6.128159683049637,0
2296,0.6498936830421734,0.6731526691671225,5.283809192612122,1
2297,0.42455827927666273,0.6499024820349074,5.863845468340596,1
2298,0.27990944898911596,0.5966036387258985,5.782135822780175,1
2299,0.7055056670239077,0.5623450949829955,3.5412017824672426,1
2300,0.35956580217044914,0.4548021569394604,5.06576233339075,1
2301,0.3438429664380544,0.4860562880757221,1.5594329902534347,1
2302,0.5449149497537944,0.31304524671506945,1.7105100117076029,1
2303,0.3203508160838154,0.5676343143513236,1.2816393553419285,1
2304,0.3341189723035662,0.5932588444932797,3.699006803696837,1
2305,0.6650893303526438,0.3489063705232563,0.2575664430151875,1
2306,0.6531718026351477,0.5359983976965299,2.9120803274255604,1
2307,0.36521447843871496,0.5725841645534122,4.3469091580027595,1
2308,0.45383835081327667,0.4768508236481534,1.4431477472654968,1
2309,0.7313434817076523,0.431336916167328,3.946758256170514,1
2310,0.2603654949210956,0.483025504604523,4.2599979242250186,1
2311,0.44334987498915285,0.5163174435182917,0.8256129712307538,1
2312,0.36129019881104324,0.7434675274568782,3.397370803722636,0
2313,0.5643928023807817,0.5263571265085867,3.357223068689703,1
2314,0.6819039479068325,0.6735147300621719,3.2505448859264154,1
2315,0.6555597531812865,0.5950640192182578,3.201850514127413,1
2316,0.5386923632531131,0.6879529358816544,3.234715127094948,1
2317,0.27200387905750345,0.5626364811805792,2.8593418666250487,0
2318,0.14938218248623464,0.9313982914323907,4.160002324827017,0
2319,0.6976592968350988,0.5520583748586692,1.001494396952946,1
2320,0.4342021483651543,0.6126209363249976,5.377423901100223,1
2321,0.5267704036355334,0.24899955843447072,0.3751901299749238,1
2322,0.5465161983853098,0.41656754246126415,3.7627770552723967,1
2323,0.4907972394985715,0.546469166293414,4.433904723393214,1
2324,0.4373292050576848,0.7126825668455612,1.4526332704820704,0
2325,0.5300701911934999,0.660600842686967,5.609427971123531,1
2326,0.5178475469625916,0.6752953416176756,3.11402710860883,1
2327,0.449687016060725,0.2726511537968276,5.444675762968045,1
2328,0.534623214686055,0.600989731183669,2.1902028497273482,1
2329,0.5138601434414947,0.2533649897779209,4.524052154541604,0
2330,0.48323682827888104,0.3636552141117514,2.8491558508549852,1
2331,0.6941954831759592,0.6050932994762095,0.5446215364385185,0
2332,0.2859255522982664,0.6385881160990718,2.1533355621713697,0
2333,0.5199752155212822,0.29465885437930406,5.702117511267658,1
2334,0.7236532131608266,0.47070531675140115,5.388666012608449,0
2335,0.6775826250979746,0.5208400137987093,4.675806719180773,1
2336,0.04081724226329346,0.9966146991034709,1.4062644075876876,0
2337,0.346551654344411,0.3939474119192909,4.554776329912211,1
2338,0.673445987586935,0.6142646750473321,2.6892927086783933,1
2339,0.5380821292684818,0.28997927971903986,2.830558010247249,1
2340,0.48332941577920896,0.5143677787914601,5.2766488076584945,1
2341,0.45417162661604527,0.48466673099738194,4.563481718459917,1
2342,0.6673842994794115,0.4468210800393495,3.047475372073403,1
2343,0.4137860160736679,0.45129334728664433,3.9697143375224564,1
2344,0.5549304840745078,0.395826801437465,1.8411772805968272,1
2345,0.29659220525055474,0.4320398217257722,5.530883306684215,1
2346,0.4185384552387102,0.3486468899230772,3.477786629322606,1
2347,0.6227843093067686,0.31013629376588997,4.208816318380105,1
2348,0.43215449858206945,0.25819396020458846,4.447907366708645,0
2349,0.5752109123434853,0.627019914472862,2.8688522554572273,1
2350,0.32376442936965644,0.5334197268504248,4.869634761121578,1
2351,0.3214055350496361,0.4662205642391012,1.2198270369041737,1
2352,0.6230272662825282,0.5877349506094238,1.445982994240568,1
2353,0.440203587471237,0.3146448038138117,4.774956038654336,1
2354,0.48323575887420034,0.5877279349078037,4.520415784822738,1
2355,0.5827590896084593,0.30052996188516107,4.504727059439872,0
2356,0.45471079169498096,0.7208060054713441,2.3560226030988,0
2357,0.43751726735432755,0.6498223205921743,6.176882416880241,1
2358,0.08367089696214135,0.028313034623015203,2.110557022968226,0
2359,0.7072520312940461,0.651347843349391,1.3159963298264836,0
2360,0.26613450139208,0.4737367555220958,2.6278103956660344,0
2361,0.0914056736773484,0.08695731691274615,4.745938387003957,0
2362,0.91815723596588,0.9561556514136744,3.1255675381567016,0
2363,0.38548055762669264,0.6915564968583529,0.97855292861782,1
2364,0.31200100310414103,0.6656817205508199,3.027381414629873,0
2365,0.7452300245214473,0.44345324815399834,4.95347262366477,0
2366,0.5375520289124865,0.5348306731402683,0.25172722505237366,1
2367,0.5774204677916328,0.6670703729842087,1.5797940312595373,0
2368,0.1395934184310084,0.15177176544285295,2.122777571184273,0
2369,0.4244159082506467,0.7229825604650332,2.8210775548890004,0
2370,0.6074377350003483,0.6658960267598104,1.8127337596464375,1
2371,0.9579811319036503,0.02364985552452507,2.3390839937706045,0
2372,0.655917651360165,0.342958299464726,0.6922359263223118,1
2373,0.40423957728863236,0.6700208342538478,1.6141471454123952,0
2374,0.5159638757222438,0.7297806929757471,0.008146678310544705,1
2375,0.5236413384858577,0.4630102684781123,1.0966295012997587,1
2376,0.33586794725477837,0.6251641294795175,0.5755846331644607,1
2377,0.29256488525058505,0.5967667267466865,2.210011034842839,0
2378,0.3783895310826776,0.5439855646859557,3.3371894194254668,1
2379,0.513507871515403,0.6860697997688656,1.4184450212857749,0
2380,0.6816627251020978,0.3177132845364837,0.45639074206503316,0
2381,0.5433117938547036,0.7265450967535527,5.298755357824452,1
2382,0.688230834746048,0.38923744185864617,5.002982633065615,0
2383,0.6643802465536212,0.35896146977048066,0.6482378240984407,1
2384,0.579638656796225,0.46402781202943566,5.194756254248092,1
2385,0.47505538288820426,0.25339162417935784,6.082852555371467,1
2386,0.32140385232322066,0.3418454910826545,4.542504532093755,0
2387,0.6332473667279793,0.6010512983002746,0.023556415270483022,1
2388,0.43737219047068343,0.5193839609548885,4.865206289534839,1
2389,0.682009023201488,0.45381736442929205,5.602658865991048,1
2390,0.5099873298984904,0.3224391574513016,0.701992227777619,1
2391,0.26345713935577336,0.4767334137039791,3.7557700503092333,0
2392,0.3632805294477851,0.3421658103402696,2.93228827738296,1
2393,0.47029467697068067,0.666393441638641,2.096819192152956,1
2394,0.6419740596590641,0.6763837741148653,0.9028363399150714,0
2395,0.4176094871901286,0.30455299655543583,1.3170488533726514,1
2396,0.48229765111294093,0.4797461337477156,6.132174040667684,1
2397,0.543821784058781,0.5288218048249882,3.7727909718451493,1
2398,0.3842894492050148,0.27642382754195066,4.252078393821194,0
2399,0.6835700562478031,0.3860572045877597,5.080684098705914,0
2400,0.5508122909107492,0.27071880013508515,5.25342587837805,0
2401,0.5888835762663301,0.49444053339272087,3.499424091478183,1
2402,0.4062755087128036,0.30610779597629173,0.524052232843665,1
2403,0.36380091209795634,0.30206433001602034,5.292283093844666,1
2404,0.6860895332325638,0.321621752321536,3.9338442731910224,1
2405,0.322727825226954,0.5876493735697386,5.5809672838204225,1
2406,0.3458927553391482,0.6750021079098347,3.4737938374788246,1
2407,0.3822836737262857,0.6781095519148149,2.6143680287262727,0
2408,0.6593916530726193,0.33654843836375964,4.623600771898529,0
2409,0.41004081827063577,0.6366824591188529,0.29231156004005854,1
2410,0.6391637679419014,0.3417557438671735,3.9673866849451556,1
2411,0.4683465579281311,0.3503696232152441,1.839479134056034,1
2412,0.5634635249379921,0.5174184683689922,4.541436152597759,1
2413,0.26586152504929206,0.45847561012067206,4.202204665257991,0
2414,0.08208698196197117,0.9330239426746647,1.6671906167963668,0
2415,0.6914831508660038,0.35886588808928777,6.0385200311492175,0
2416,0.6829923997185949,0.4915513710759975,0.25342767381840375,1
2417,0.4440509441398627,0.3791070096070183,6.032072761641159,1
2418,0.5646510020937813,0.42013106568416975,4.258275567675815,1
2419,0.3024246881040925,0.3498820594954844,2.193983931429978,1
2420,0.51407050016316,0.7034499357814133,0.8886950297700216,0
2421,0.6346037277508343,0.526283833579962,3.5088113944371377,1
2422,0.5645664316459768,0.35802570816933926,5.4758450630562,1
2423,0.4514011615331604,0.4064467898126241,5.4913437526515025,1
2424,0.36417904248718264,0.328522224226936,4.181946352339904,0
2425,0.3201386630087465,0.49800479378912316,5.723040438168948,1
2426,0.4027105383175395,0.32598572271657744,0.39396837941673446,1
2427,0.39792739203425653,0.6976214240211028,2.316077507269524,0
2428,0.7268914221487787,0.5641825098957465,0.9529541180320351,0
2429,0.5659827642729686,0.35580676274517303,4.375177216532029,1
2430,0.5677634187689959,0.3053076779308346,0.123556144945867,1
2431,0.28069580754705015,0.460113518747005,1.4668672946986094,1
2432,0.32956849252925174,0.586047393582849,3.600643573648016,1
2433,0.4627493572797956,0.3048643160681046,4.849786696377911,0
2434,0.2994740757049036,0.35418288641241413,2.1520067749932665,1
2435,0.725237762921673,0.4077365956915049,6.035633010586349,0
2436,0.672319430284476,0.5919978610688814,0.07444130547441752,0
2437,0.6312249825270203,0.4052199601206727,1.9116177983239748,1
2438,0.2836596955811594,0.44251099973406205,2.44568956620995,0
2439,0.3890265855241984,0.6284699281293176,4.338476694369003,1
2440,0.44987655733441867,0.7078937342334324,2.633791064372476,0
2441,0.7376975116465619,0.5013052672623952,6.096564016212426,0
2442,0.6646852964242098,0.3777315433949727,6.200617567659571,0
2443,0.43355373459711744,0.7054753926135143,1.0120307509159019,0
2444,0.5372932418839114,0.4976425985478574,0.9469896196459621,1
2445,0.14949355635316788,0.9829892735527738,0.36578458633306565,0
2446,0.9776602495495545,0.9051395360073362,6.184149550759355,0
2447,0.46051949534369513,0.7531922777631517,1.596052880873281,0
2448,0.6330400899903424,0.4835866131429128,1.3775344287762743,1
2449,0.3279790368297101,0.5042976817925782,4.073240177058452,1
2450,0.35235762219552824,0.45833270863845754,1.9627594521787817,1
2451,0.28048733151458144,0.38122584504834567,4.197341655575187,0
2452,0.3104670964352288,0.2994246736223446,5.608654623624449,1
2453,0.5213577196443483,0.6637734282353047,2.180456515182886,1
2454,0.6780614167021255,0.6091746650941291,1.2699181244872264,0
2455,0.5399934217963991,0.26762075708266064,5.807990068448021,0
2456,0.7433267945856141,0.5043827389287867,2.157143576328495,1
2457,0.5678443624916425,0.570291956031976,2.250234463478211,1
2458,0.6668900906275265,0.320452075058644,0.3962057670893613,1
2459,0.30271633550990384,0.4386883934314295,4.501223307251513,1
2460,0.675395758575953,0.5014582730316027,3.4897824982536414,1
2461,0.9874731618811482,0.9720736064467763,0.6346015841261265,0
2462,0.4453849242131052,0.3044689997588234,5.5202959047106654,1
2463,0.4178467460897164,0.707028067480039,2.011642730656071,0
2464,0.6209936259971889,0.3057900078548262,5.531597422235482,0
2465,0.46185853782611136,0.3045474738423901,4.641676310780225,1
2466,0.43221257965259086,0.6043592145958439,4.306950550890967,1
2467,0.4373901392185023,0.25026999184567195,5.27398155192711,0
2468,0.2773847687415888,0.4269774621343131,2.7582156851251014,0
2469,0.31404865087719386,0.37778751697263485,3.2089580949634953,0
2470,0.3439430825523973,0.29576518958539333,4.666938635317544,0
2471,0.9142187271461385,0.14988979701769356,3.753410786099124,0
2472,0.4975863471598264,0.40050100384499526,5.525480946414002,1
2473,0.6737613933853273,0.6074694641551329,0.43770268070295504,0
2474,0.6353036531096135,0.5191951524256875,2.50759548389326,1
2475,0.4468747439993506,0.27444185929483567,3.9344155844018474,0
2476,0.4756603902862449,0.3947995989931543,5.64280245614024,1
2477,0.4603591939352195,0.651782862648426,0.8832199891580693,1
2478,0.7008596101523444,0.562981894456459,5.6007427358429185,1
2479,0.45880046639744176,0.32805725621043935,6.145701032743032,1
2480,0.41007181665325526,0.632397019383325,5.088138396785347,1
2481,0.7144567838985451,0.4065128556219597,2.9557420037203297,1
2482,0.41796139708572627,0.6659429707852088,1.2154634215464142,1
2483,0.7393517569987075,0.45626357283398644,6.220256731621433,0
2484,0.7752500285528747,0.5117611759083182,5.797195007867933,0
2485,0.3733266895967996,0.35498266589488964,2.6661235955709044,1
2486,0.6001283919960064,0.6449719817869703,0.1380863260575957,1
2487,0.45671306477376844,0.6515480040573007,4.496416330016947,1
2488,0.42747205250135706,0.2547490146501749,0.5128024886357457,1
2489,0.604693619335297,0.4399205978115594,1.8981224268336563,1
2490,0.39031085857725345,0.5316247147207979,2.780840335967663,1
2491,0.31688056481134946,0.3301026379381947,2.9809474123246456,0
2492,0.37944206226159766,0.3084266998921973,4.484643086866541,0
2493,0.2515092807892225,0.4388760574264697,0.9851724856153787,1
2494,0.3202359869912754,0.4735182894809173,1.7222039554546396,1
2495,0.41814787322296415,0.5679976758414823,2.9685260916982825,1
2496,0.016355604342163904,0.8793142217214611,0.028021023859264298,0
2497,0.6387221747999491,0.6985789947630436,5.853466012195741,1
2498,0.25460212945257177,0.46419042191666937,0.34583615984532723,1
2499,0.32996480391368044,0.4801472335283316,5.6758531187595445,1
2500,0.7076644180134096,0.6007092902890241,5.423651618040558,1
2501,0.5547466960041807,0.6867333715807891,0.9068522745272954,0
2502,0.35782478671314877,0.41973678671306036,3.758795393676154,0
2503,0.543760902247449,0.46815395645151714,4.1024664890483145,1
2504,0.5379567694240616,0.36576993279530184,0.7085188659047088,1
2505,0.5796605662268592,0.5700364767331707,5.605349854970711,1
2506,0.6562855234736273,0.47210104662805186,3.8853139077928796,1
2507,0.9617930209706551,0.08485789778598321,1.1146000835778254,0
2508,0.5015463789095471,0.4777636135681473,6.278895755495539,1
2509,0.5137637294097162,0.2766552034663086,4.944335372156088,0
2510,0.24811450382899047,0.5123376960003801,3.8507882935817097,0
2511,0.6256717198081978,0.32767980549042214,4.1752626228258665,1
2512,0.4523482107438521,0.7121022179081774,0.6379739313821502,1
2513,0.5117203809648875,0.3044873401262826,4.185797774449977,1
2514,0.4094121406233734,0.3746097954119167,0.49624393987023885,1
2515,0.39699835184608184,0.4871141569478353,3.386239730767164,1
2516,0.8600773357264423,0.9577618083955571,4.7106161768431205,0
2517,0.540992423136079,0.7013018763026314,4.998314530906505,1
2518,0.26764853017657486,0.4773502962299913,3.708986698250612,0
2519,0.6226060593449871,0.441172730286571,5.515824090024334,1
2520,0.4722503957221636,0.4447610366283207,1.755326321598731,1
2521,0.3166197758420126,0.40448250679574527,5.999546505035,1
2522,0.5562301807071205,0.5528960506776582,5.08775333541319,1
2523,0.6725614277767478,0.5018439032994642,5.128125817196678,1
2524,0.5525191816629044,0.2604043682229975,5.9179293922031,0
2525,0.4395239105675748,0.31414283913694047,4.8409615870672,0
2526,0.27181328878878386,0.41228683967752533,2.2512164393641387,1
2527,0.39971169074821905,0.628593643878576,5.815101418394802,1
2528,0.6343348654055199,0.669876281879025,1.1811553224120679,0
2529,0.45831224011783256,0.6318055355083464,0.02059104986192395,1
2530,0.6815851291886551,0.6490254010555576,5.797508645928383,1
2531,0.39276401666253263,0.3266230668401632,6.156366019369665,1
2532,0.619452986802603,0.39605552677292577,0.22260478690127666,1
2533,0.43544578138848544,0.2863302495973551,5.398096158114765,1
2534,0.09412746265341129,0.9456817464044005,4.944556569897896,0
2535,0.49278611070833206,0.3849964659900807,5.759511059000658,1
2536,0.7369501761525356,0.5131347620438181,1.1628352093265768,1
2537,0.6957119186810206,0.38044622270440037,4.9479724579337185,0
2538,0.7081663332697951,0.3936060560587578,3.617141901275416,1
2539,0.5346908586003306,0.7250302980257274,0.17154767382779432,1
2540,0.5479255711475548,0.49733434151390177,0.9014283488849555,1
2541,0.5625723413044267,0.6374197759127769,4.384923645318323,1
2542,0.3090529585299519,0.42289136153620155,3.5681703597688874,0
2543,0.5038522912416836,0.49975444697587174,0.6849350575377827,1
2544,0.5255136253525872,0.26808306670499626,5.0677844301847985,0
2545,0.44183721663493714,0.5407379745122833,4.39378326036415,1
2546,0.3883839332020079,0.31736612404055886,5.448299378591164,1
2547,0.26887129283164446,0.4257588628532356,2.3798314692657203,0
2548,0.2988958302266967,0.4184729612383618,4.010189679422839,0
2549,0.7157876900175137,0.6000727368578583,0.6663786159357274,0
2550,0.3535594203566724,0.6845569424590623,1.5496941957584194,0
2551,0.40270077993442394,0.5199215922624503,3.617373346764173,1
2552,0.4015961491254008,0.6423828192467559,3.141837739779362,1
2553,0.8804353210388621,0.21261941736887377,1.0627892025959473,0
2554,0.6698106007302089,0.6344043620859247,5.975421456966709,1
2555,0.6675961106044204,0.6260679457510752,4.449999830228691,1
2556,0.31458013482866015,0.6428904872857617,2.7191633369074886,0
2557,0.5444708419537356,0.5225156464718613,4.225427823745967,1
2558,0.2670287164367087,0.46086195434737315,3.1319642934092062,0
2559,0.39863596740509044,0.6342855931701383,4.40567377313515,1
2560,0.39339582788841204,0.6983486548477013,3.430960235406768,1
2561,0.2613663662230498,0.46112639132375005,2.978553629611632,0
2562,0.38509612415908034,0.6121033731549026,1.8496364465290642,1
2563,0.5829777777499072,0.6698199360921226,4.043752523918506,1
2564,0.29797898847944243,0.5878485988522983,1.8360959216980457,1
2565,0.2798041865306459,0.5236056364020457,1.1302630379569711,1
2566,0.5944584223927792,0.37856149605065303,1.760709046284029,1
2567,0.6147058111202113,0.44511765038210166,5.173439750460471,1
2568,0.6001165375933193,0.4956195287621184,2.9629367531826354,1
2569,0.5509095546096442,0.24495955983349496,3.5061818062946184,1
2570,0.5074476701166329,0.669712687317325,3.658475777279442,1
2571,0.4557478909040113,0.680135421477763,2.4167222543859865,0
2572,0.7499184960075153,0.5136949136460227,0.9380026290351907,0
2573,0.6240813164412637,0.3517006920914849,4.87132229435297,0
2574,0.6932779944587977,0.6115204377431673,0.12599898698639136,0
2575,0.44580175752699097,0.25495777442371115,5.254554098206913,0
2576,0.3412397602800846,0.35222001244609297,1.6499102687674334,1
2577,0.5776733678926496,0.3207754450200887,0.15870137487794164,1
2578,0.33738795983224595,0.46746380201323373,2.202747567240103,1
2579,0.3974277318084265,0.6514701300644149,2.4255970868368903,1
2580,0.9474102327861887,0.8229208295987311,5.742309729564673,0
2581,0.0320999836679013,0.01556313859592746,1.8339018904027888,0
2582,0.3312023723094888,0.6311275830387195,3.7275705037128,1
2583,0.6958502489030575,0.4347244207401348,4.622881377386707,1
2584,0.7018953511006822,0.6115645715818112,1.5618265857085185,0
2585,0.008402277250562392,0.16795745024412842,3.1861937580102726,0
2586,0.4803717408109268,0.6310543455356535,2.782338761273245,1
2587,0.711093820608323,0.5399648926766422,1.112582457277136,1
2588,0.4104167963211611,0.6678917467133625,1.344829385457691,1
2589,0.660618640681597,0.6850924799888032,1.869149554600287,0
2590,0.5907095804740964,0.5652248078983146,0.19874648578312487,1
2591,0.3372789566427825,0.4010758564267574,3.8545953085905187,0
2592,0.3249378441058103,0.49035934809172976,5.740368560341338,1
2593,0.42368999089363785,0.5902026447260365,2.3389068181585015,1
2594,0.42023593501311396,0.5118447779933545,3.154431210373136,1
2595,0.6595702305916732,0.6010984023848348,6.049640788686771,1
2596,0.7300175351370465,0.4950740500467687,0.7727080556924031,1
2597,0.4412096339440765,0.31928510992051207,6.16326355198648,1
2598,0.576659996128235,0.6617225189379086,1.165555906112224,0
2599,0.5031027217961024,0.2756156032810885,3.8109440990886694,1
2600,0.26691883343591905,0.47276146573833716,0.9548933434953842,1
2601,0.336514301555468,0.3791703637301558,2.8502722263300964,1
2602,0.722670936614365,0.5176267897272129,1.8418513441349862,1
2603,0.3064289400710882,0.5992115597275451,3.117999317394901,0
2604,0.46760470166035134,0.2448879426127237,4.859155467610835,0
2605,0.6565521109398089,0.41949175437405467,1.808469760343596,1
2606,0.4073935265277953,0.28647700424051836,2.86800415023181,1
2607,0.6396259837012749,0.4674825885726638,4.343733451184653,1
2608,0.5210478338669796,0.25991655956527726,0.6764812138861779,1
2609,0.2957637238473487,0.3318433467900919,5.273128619241594,1
2610,0.5619411753316965,0.2855521387459343,3.185839850782885,1
2611,0.47605387201227917,0.6540283877398962,3.0284575332492842,1
2612,0.622714352836437,0.3214178574316175,5.300394553019147,0
2613,0.6710200789690387,0.6779710448294866,0.8533241681166605,0
2614,0.7376063317565007,0.49018802472769996,4.615805478919905,1
2615,0.7398575731114362,0.5373981200195258,5.552350514036349,0
2616,0.3930502254622478,0.6770395405076913,4.134150394953045,1
2617,0.6134603534273211,0.6549953727210103,3.417504716811353,1
2618,0.29527794712757166,0.44071369890810014,2.8632747037068698,0
2619,0.4019180991508952,0.24040280411891066,5.240086266572114,0
2620,0.5681389640743719,0.4466279372813093,3.2925293377966733,1
2621,0.7257535716560416,0.47979374209836584,0.6225641269384037,0
2622,0.6785540558706896,0.37108699820789603,5.275672069043916,0
2623,0.48411576052854405,0.3387742182920236,5.147305307326295,1
2624,0.5415118067739656,0.2869772702245377,0.6360248302462046,1
2625,0.6909308172830309,0.6484397127709615,0.6421139466310927,0
2626,0.5118603568725602,0.35540538742900213,5.939924170485383,1
2627,0.42322981932460724,0.2844345462295587,3.896116176599273,0
2628,0.713868249605673,0.5275865779442163,0.04127110611286432,0
2629,0.4914917203441367,0.5485529099034239,1.3105874417535188,1
2630,0.8878885877017365,0.9330537960945634,0.43179074922962324,0
2631,0.4384006502399827,0.40547228639725286,0.4345355892113898,1
2632,0.6276913416804585,0.6570505253111878,1.2203538567494,0
2633,0.4312355234875273,0.4014614597508761,3.539905419667572,1
2634,0.7228845143271282,0.4156430970684125,5.351197823602403,0
2635,0.7288843115791149,0.5360469897116282,5.8087979637734195,0
2636,0.34136921383104374,0.3376399739043486,1.8502365805221521,1
2637,0.35918691636642064,0.3335547679105397,1.4273169602111824,1
2638,0.433704250783131,0.4811476081924936,6.0794497278883,1
2639,0.4153892345473412,0.6338548658799138,1.821877833685469,1
2640,0.37472458704585665,0.4482327225046553,1.3876145956374517,1
2641,0.5370295675421896,0.45675125366273134,5.646577965182248,1
2642,0.47458047886755,0.3343617651059916,3.3769850562640285,1
2643,0.2830478988588727,0.5763958358050644,2.5743476988553544,0
2644,0.9554929572929667,0.9291489671933953,2.9520040128705145,0
2645,0.54034447042455,0.5665971905800373,2.5450676856160297,1
2646,0.4575291754357448,0.6993283642927354,0.3783832905680822,1
2647,0.36831049681357125,0.5195787305961214,3.0068566874468416,1
2648,0.7296924030668698,0.49482846703356237,5.970157877236915,0
2649,0.46139899967911485,0.6286312228163906,4.601684571842602,1
2650,0.3041483631393091,0.6266940963089865,3.4488719633165608,1
2651,0.5891362367739961,0.7245321521071302,0.6995797323775275,0
2652,0.4989135928697248,0.5303487739456145,1.1061798029935401,1
2653,0.4515069946849215,0.6499260423175872,3.1626977375997516,1
2654,0.6771507518973582,0.6274652775609951,5.481253594258841,1
2655,0.5385380152336939,0.5216357712810721,5.997705305171914,1
2656,0.6484845247720118,0.4561764179440008,2.30361052000661,1
2657,0.6896368512806903,0.5557459689832197,5.37044841816303,1
2658,0.31638760921740994,0.31437441023155915,4.597083771844827,0
2659,0.3485914984875384,0.5990750084545042,1.881735702613368,1
2660,0.7032253730967021,0.593462144483571,0.1685793056273705,0
2661,0.7179394197635027,0.5262745674611894,1.2050731064624844,1
2662,0.3709211335564993,0.6597439654518055,2.424629943662358,0
2663,0.6746071945697749,0.3398830400235842,0.21349022875774792,0
2664,0.5504039946490873,0.4108475703398983,5.19010832309998,1
2665,0.5161996588248725,0.7008946920729806,0.3194756949400736,1
2666,0.5105877659984236,0.23972135778633505,2.5308354054528674,1
2667,0.6329706829009365,0.47123740272495634,4.100733422549387,1
2668,0.7295142527659728,0.49607867901073077,3.992325187716937,1
2669,0.49625472361351824,0.6209497106170131,1.3462741468817292,1
2670,0.5623135675589397,0.5452995166323414,5.2433423399027745,1
2671,0.6320462009346058,0.6265718453070743,1.940113550291517,1
2672,0.5672798170645754,0.43771552995469654,3.447695556003502,1
2673,0.5306093742651856,0.7629897864757891,2.470321676653317,0
2674,0.4159557996699971,0.679115282898233,0.7605270738962897,1
2675,0.6515109232040917,0.3196384439253544,0.19370457826231124,0
2676,0.37947323956055123,0.6804126496532343,2.1466147482023485,0
2677,0.6998794522895369,0.513759097324878,5.210116845022802,1
2678,0.33976440183360807,0.3709397181152628,5.434692097065265,1
2679,0.3930537033564392,0.41042379840286164,2.0670680161683066,1
2680,0.7104625620752711,0.3840816762869112,1.1247642784419376,1
2681,0.6382253155425128,0.6900760607433354,1.162364061727196,0
2682,0.4558370858982602,0.3644608119483859,5.960310109631297,1
2683,0.342857199112789,0.5928108521124668,3.761196062396746,1
2684,0.39706552467484735,0.42106160483583815,5.143356870627628,1
2685,0.37642033532155356,0.3132263013622567,2.9559800990119625,1
2686,0.33209788219683206,0.5848673311110876,3.2384511966830885,1
2687,0.32368512107343134,0.6501009232336168,1.6526623644072354,0
2688,0.5621091499843685,0.6641767619303287,1.3809534920885462,0
2689,0.6466701717094628,0.43901756884791293,2.362813576108483,1
2690,0.4864132941233565,0.3414496669832118,1.2574193514419587,1
2691,0.7122484913870522,0.5998204343299481,4.7992975935402695,1
2692,0.6778115744914314,0.6254422869195024,2.2749224851906122,1
2693,0.5304166153750652,0.47526074466348783,1.7929909076020456,1
2694,0.3599243698934667,0.31096825947221995,4.241803365566977,0
2695,0.5674387392291002,0.7172116173389512,0.6186389076910177,0
2696,0.4995941300097848,0.6424449800713203,4.213625136099026,1
2697,0.36715273454366765,0.6862319956943477,1.0880466827631734,0
2698,0.44384160949955115,0.4634098051481624,1.2077319747573323,1
2699,0.6082468028162095,0.6736074723086527,0.192378167075199,1
2700,0.31251039608464726,0.6102149477953864,4.1667450098131615,1
2701,0.9979033963225914,0.7701267089751196,3.4594449981631756,0
2702,0.39035631657342296,0.3460128379250196,0.6917820985810852,1
2703,0.43983634405736094,0.608718446800888,5.104364350775869,1
2704,0.6724850021908152,0.3201483085383588,5.831780813451819,0
2705,0.6055477729286016,0.5813107900532509,4.602868102236851,1
2706,0.3910119836277804,0.5513047165923429,3.9266020466123073,1
2707,0.5493792435822331,0.31117782592944354,2.5127355322944007,1
2708,0.41412524327188666,0.3239584849242829,4.641509236050056,0
2709,0.45090751916714095,0.2518601987147723,0.32481089496747106,1
2710,0.32254207301374604,0.6479887631216514,3.0706495739522675,0
2711,0.4887675227305612,0.25929943523443316,6.226671216753821,1
2712,0.7173525905010633,0.456389762857647,5.56280760743877,0
2713,0.44640461732802034,0.5008297459367709,3.838867831222799,1
2714,0.5145928939853273,0.44454464944725663,5.8137775401539855,1
2715,0.4334025790537959,0.3079671772135696,4.390264450435429,0
2716,0.9259072502837677,0.1460071621729614,0.8902282896868244,0
2717,0.7324914196868287,0.40676283319831685,0.21524816616574424,0
2718,0.35912044160269874,0.2993766239349525,1.8503559795467568,1
2719,0.7117858803597723,0.43736459712070647,4.699312032149555,1
2720,0.3580106616128788,0.5248616583501639,3.9732653883785356,1
2721,0.31349471061032874,0.3322320652269855,5.02982675116477,1
2722,0.5028811850601849,0.5383709247687072,2.594983628566017,1
2723,0.41999445582641504,0.25847266767718086,4.448071206723073,0
2724,0.7019346435643149,0.3536095059457337,4.8987810851640194,0
2725,0.4302800045825559,0.7052354914542962,1.934706921519593,0
2726,0.6864147458599246,0.6353103060378644,1.0977831991623432,0
2727,0.5392066621848501,0.5124660300299257,0.6776828095947471,1
2728,0.6351975158672132,0.6100376144585951,5.36322994660614,1
2729,0.723704810215469,0.5167098467132053,0.5767213846094063,1
2730,0.47214565828740457,0.5747051478086648,4.755710389720048,1
2731,0.4326630884586389,0.698735680070206,3.346280225962212,1
2732,0.650615213535432,0.3856502695757008,2.709632391003073,1
2733,0.6071534162906174,0.2980597908279559,4.603728627316999,0
2734,0.3807691978701573,0.24388937314119438,4.355290163430046,0
2735,0.48216577594702553,0.6938022284888398,3.720008284060107,1
2736,0.5184237966451044,0.25008017584351644,5.5372398612167,0
2737,0.3205010573114767,0.31549314063870854,2.2194330324820357,1
2738,0.6427733068348704,0.38049384121045915,6.234916748574531,1
2739,0.6432175885874144,0.36958967262171505,4.825895703641052,1
2740,0.7164063848786283,0.4866796530483346,0.2996304454213186,0
2741,0.5077745173296057,0.5483344714719678,4.600099846660464,1
2742,0.5026445542980816,0.6115292255942728,2.55853347612194,1
2743,0.5713134975302919,0.5145603831446766,2.040471430383691,1
2744,0.25362036420856476,0.36869249178753416,4.191414669192136,0
2745,0.42041304861905315,0.5117224044916373,4.078455387657137,1
2746,0.5001005229369859,0.263186257347057,0.7426735017383836,1
2747,0.3824737065972427,0.4973581708381326,6.246495044606274,1
2748,0.5114411046204538,0.45600341941783434,4.8892025011517,1
2749,0.49264854872960395,0.23233359457754052,4.903378346080835,0
2750,0.3688132276366803,0.6469225049122534,6.000508669345986,1
2751,0.6597805482764963,0.4213692683913441,5.280178284710678,1
2752,0.5200776862680477,0.26313285309917467,0.5164005792783003,1
2753,0.3639690360635047,0.6100389315736743,1.442903062681693,1
2754,0.5683154807532776,0.5167618162640215,5.070369736475455,1
2755,0.3017099956230995,0.5460093242506278,0.36004256249684347,1
2756,0.5476396979154379,0.469413260642018,2.8602201350208905,1
2757,0.4810651651448039,0.3561747174019318,6.043294203824926,1
2758,0.46101719040655637,0.5070898282595605,1.1258168154085877,1
2759,0.3279585232885304,0.3140639517143315,4.842635024451246,0
2760,0.6744082619474056,0.45121978836187465,2.316424014787856,1
2761,0.32033622200160633,0.4305748658342368,6.0210810225723606,1
2762,0.5207328988243443,0.6885907097354196,3.8195665147086464,1
2763,0.5459937267495757,0.2933322885753863,4.155403975469434,1
2764,0.543034273477749,0.3752922426739838,6.011609867840118,1
2765,0.6831343621036629,0.3419995669189412,6.1936105990055355,0
2766,0.5558643038186916,0.6916158810486523,5.809751400825234,1
2767,0.5981421774349189,0.5746370168156986,2.8322530088153006,1
2768,0.39172866239269566,0.6979966266009481,1.7972458862413994,0
2769,0.48625254442815596,0.3908736246743997,1.405397978927276,1
2770,0.3412740594531028,0.4740340789608854,3.246088813999884,1
2771,0.490247032951333,0.2652936473949548,0.6071332143789119,1
2772,0.4139332353319015,0.6067410171926719,1.6264999187076201,1
2773,0.4810148683387427,0.39641658625888115,5.618211369188929,1
2774,0.5471336649819533,0.723086429311156,3.123343030229961,1
2775,0.45892676350633277,0.4524593433770561,0.7301228749814281,1
2776,0.5655389388055643,0.49157864016759834,1.6180567955843246,1
2777,0.5033881378961874,0.7623669630227357,0.8411909437345289,0
2778,0.28174846750847116,0.5026964416945616,1.7709458561639146,1
2779,0.08971550944325338,0.8551110355891245,4.877950658728477,0
2780,0.5915082260542881,0.5588629983222103,2.6536547407002518,1
2781,0.41965846421713443,0.6888955836207091,2.1687352320876006,0
2782,0.3262267374598942,0.6302421691969983,2.937795582737492,0
2783,0.716912629332478,0.4334341486315277,4.521987446630326,1
2784,0.6165087648166144,0.7004214330698724,0.4907103362457541,0
2785,0.7344219719498282,0.5607098003257147,4.564924196990922,1
2786,0.48649624360028754,0.5299084969746599,4.045682050565763,1
2787,0.31128710503853574,0.5723890309374193,6.176078597534015,1
2788,0.255613759310597,0.5437550891850607,2.9870820369401487,0
2789,0.2546275254603985,0.4516500017719435,1.6980687687477987,1
2790,0.45700810760427296,0.3369042280204436,5.217777102666577,1
2791,0.43903854361674627,0.4772868691467066,2.849829140111703,1
2792,0.5657425521363437,0.37178772200717125,2.7419535320119244,1
2793,0.34893471896291534,0.6860362575398469,1.5422001101024105,0
2794,0.494189812807397,0.6715216747428717,1.7265299737354964,0
2795,0.7087642784906588,0.39335759460539993,5.489634512146113,0
2796,0.674545489425109,0.3446584931379611,4.619329018563634,0
2797,0.6331845428948878,0.33843370938642714,0.24210312496464173,1
2798,0.4436018792421843,0.5068107688885589,1.0774602827328505,1
2799,0.45069928536934994,0.2991303409016451,4.350993716700813,0
2800,0.47197403709744223,0.562487229048258,1.2443219822042637,1
2801,0.6078975019264833,0.5342869943107869,5.174474329864318,1
2802,0.3637473651558846,0.3142079474635099,4.226288136745755,0
2803,0.4134907579628075,0.28884956653305877,3.4590040528230803,0
2804,0.7255969541539492,0.5146671666672944,1.2217710676458835,1
2805,0.7235742149959407,0.38489217360683825,4.843030431365857,0
2806,0.3368633201825082,0.6350041792643005,3.2472649668802154,0
2807,0.6623363158064187,0.3090013763875285,5.33440416484715,0
2808,0.3696980284832363,0.6146136545547859,0.4034601740205232,1
2809,0.763260531794863,0.5062610311211951,5.403897460578161,0
2810,0.5852470227630225,0.31051144194230945,3.187185502138095,1
2811,0.5494281507344229,0.6827765364907584,3.75366227956511,1
2812,0.3809578164688315,0.37489809266429996,0.07551454086799297,1
2813,0.7539751514779159,0.4967537286040734,4.987299540400095,1
2814,0.7040637920590428,0.4896198527916327,0.15324115010245976,0
2815,0.4497138319146483,0.4877420125631799,3.3895990320422946,1
2816,0.5918154590237324,0.7139730663786488,0.9784399025733375,0
2817,0.7223952651369748,0.5395639281751609,5.358517430747772,1
2818,0.44660929242673175,0.5894252534242527,2.4083460290878436,1
2819,0.3094232040934048,0.4774689660995777,2.8116995580457793,0
2820,0.699989543041774,0.4308100289107968,4.175262974261001,1
2821,0.6920848458159622,0.42222922281905717,6.140426612628264,0
2822,0.996652310755934,0.9929275203853513,2.877220460729571,0
2823,0.7358415303008342,0.5433644456050933,1.4746636298125457,1
2824,0.6645751856929238,0.32832289052751323,3.756606169451255,1
2825,0.43985498595891953,0.6414741541618029,1.6614424072350786,1
2826,0.3416856619530214,0.6749457649047421,2.1222293203094718,0
2827,0.4506139766193575,0.3088590044453093,5.850092386423715,1
2828,0.4149036969677001,0.6344015037960619,5.722396499942569,1
2829,0.5198378823947837,0.6768404727852743,1.154042268685454,0
2830,0.6041347468675952,0.2972284114736437,5.0694160936776855,0
2831,0.512018643164748,0.35288979844988544,3.5872669108587383,1
2832,0.32685891684755053,0.4859538766643626,3.06376076980658,1
2833,0.30559678404994556,0.41470446783716,2.8616205271886646,1
2834,0.49516756303025544,0.7450005809639404,2.569216120697694,0
2835,0.563217106402299,0.6222732903696108,3.312649912204291,1
2836,0.45268480239574177,0.2748680561334172,3.8267761344439073,0
2837,0.7483308519344045,0.39388988068481523,4.288153257338889,1
2838,0.5911101665121176,0.2926221573843724,6.255820974636378,1
2839,0.5507020005920696,0.7224695711425617,2.6931777387326736,1
2840,0.3444989793690757,0.322114704709519,5.910990097314189,1
2841,0.7385770597404446,0.5855837522471117,6.154483596071795,0
2842,0.5597848904576734,0.5501269195568114,3.692427612116045,1
2843,0.4404958478037097,0.5571215071213934,3.4118828300408635,1
2844,0.6498885435982978,0.6443296354921071,5.829836329859315,1
2845,0.373095206276185,0.29629661854334927,3.4244713732544767,0
2846,0.30981632960704686,0.560315251594082,1.853074765710067,1
2847,0.6565391389896921,0.6786172588332434,2.5020998126699867,1
2848,0.5225975698388786,0.40573707234129497,3.440613336088879,1
2849,0.3643643719637752,0.6806854344258632,1.4809810886432655,0
2850,0.5560069976629397,0.3271240193339529,1.043672226097351,1
2851,0.4961310479338021,0.6844062470264061,2.7402276938930594,1
2852,0.456883328991522,0.5040454390674866,0.11775948471140821,1
2853,0.42940869872110415,0.32325588954915324,2.984860844377118,1
2854,0.3166760887530824,0.612830311196215,3.903716058534441,1
2855,0.5924796899107391,0.7197632184942789,0.5008318077913854,0
2856,0.4182595734973417,0.689146957340995,2.254991175518239,0
2857,0.6915099043945184,0.6406458950915752,5.8250209135821445,0
2858,0.2937840193957288,0.541281072097477,2.486991044128771,0
2859,0.08554756456514047,0.8935472381101881,0.684228269531814,0
2860,0.5290703666328878,0.5838805309486887,2.3398857122758843,1
2861,0.5529521578301517,0.41086175416534687,2.5270690654570007,1
2862,0.6051082461987781,0.3316095861193145,2.593726715688371,1
2863,0.3168622654411241,0.455992625094273,0.7615806541353672,1
2864,0.34001461169557484,0.6399785596201636,1.9211791765690776,0
2865,0.9775858180903714,0.19113764600339034,5.246103106659982,0
2866,0.3891652327019194,0.2688945088574407,3.5271293524203737,0
2867,0.2718380983815452,0.3858700852489668,1.7990346961318062,1
2868,0.43037579123207675,0.3984009050986127,4.4541056096685745,1
2869,0.5492408616961131,0.3556342413429185,3.324098770802925,1
2870,0.31069680199893107,0.3091225395673664,4.904004644369287,0
2871,0.3182578751671609,0.4239330815303116,2.306633844335853,1
2872,0.28786480505570106,0.43284197367539856,2.097242799946945,1
2873,0.7151113976560299,0.5678822540954499,5.316347763718245,1
2874,0.4727032017936997,0.6553860990663778,2.341465748178264,1
2875,0.6373400365463858,0.529001691897339,5.675561283169903,1
2876,0.5078992342499284,0.5077019219638641,3.768821872768752,1
2877,0.5313734168867863,0.6914524021030337,6.245502721472265,1
2878,0.4605721086805149,0.473712024740679,1.6574860632577595,1
2879,0.3185397414479412,0.6283009539926571,3.7380722096908787,1
2880,0.7098441272981327,0.5635006039648837,1.1172424178180105,0
2881,0.4401724926424802,0.4389060982460922,0.9517087528822163,1
2882,0.515611918809502,0.2996054474898293,4.793574431731668,0
2883,0.5561659827582005,0.3268167445698017,4.721878810704487,1
2884,0.36225996192381965,0.613556560976939,1.372076689773367,1
2885,0.08223966731372516,0.9426722237195325,2.688789976684182,0
2886,0.2520049799124733,0.5392058043173442,4.157311991903192,0
2887,0.2590801652517339,0.5283404742600084,4.35064344010324,1
2888,0.7028597950287133,0.5828610936310603,1.6854389051544931,1
2889,0.49010645116550783,0.29585171953527717,5.500048438887092,1
2890,0.35265195432589214,0.42136237723504133,1.3637128864381627,1
2891,0.46317073754293814,0.31268885495649723,3.0679228144082655,1
2892,0.6970116454325058,0.3964443057516972,6.031938015435825,0
2893,0.4094161849385012,0.270440665392381,4.605023578538551,0
2894,0.5781747257815307,0.4150071360955741,1.457089431711329,1
2895,0.44614967263381883,0.5085112091155187,4.2506493403885734,1
2896,0.5048051752937485,0.6094220359197713,0.6812151741132336,1
2897,0.29145789193777005,0.4699951238575255,1.9262330985610692,1
2898,0.4739440577044802,0.4575329316764973,1.3729952808894783,1
2899,0.5666218138315487,0.4082435522257184,4.82452327918494,1
2900,0.713048247575392,0.4923884721936114,1.9366734688056668,1
2901,0.3261007668171464,0.5642372232325834,3.8020637886660262,1
2902,0.3040661789941648,0.5992502546286775,2.290534460572699,0
2903,0.30841037655423953,0.5024159007401343,2.325928653016989,1
2904,0.5449124180021203,0.5989274363751468,0.16884442575191994,1
2905,0.40123895589257924,0.685784466799983,4.4008518704968065,1
2906,0.5067396460081309,0.7623915947788992,3.1779835151278912,1
2907,0.5717335008633392,0.6667628112514621,0.32859889113385354,1
2908,0.6737663935348199,0.434507551750725,0.29882680590282734,1
2909,0.6289233718171217,0.6924597056588675,3.2004947196821822,1
2910,0.24686004005327447,0.5092430457491055,4.5879521599064095,1
2911,0.2674357038567083,0.5058543664564475,2.709950891058155,0
2912,0.7093662041466113,0.523873191048007,0.7106134372928917,1
2913,0.7506190945692266,0.4723770226667632,0.8771325858458359,0
2914,0.35821521320785465,0.3508934366494404,4.097846640693845,0
2915,0.9719421349786498,0.9197076339898771,5.932909712654917,0
2916,0.7242457730217475,0.5320882743463453,2.7528305937656246,1
2917,0.716949254356399,0.5234944010277097,5.24506878877592,1
2918,0.4675203034285327,0.4559822065499502,3.111381838386706,1
2919,0.4248773745556625,0.32079068467753935,3.6294598764931036,1
2920,0.3748412277033089,0.5982331022541113,4.89270685018263,1
2921,0.27856909766430454,0.6057844239804175,3.1324277166740035,0
2922,0.4555468107530438,0.25697513586178716,5.496802114131532,0
2923,0.3195571856649842,0.6274581613383695,3.8909871644662366,1
2924,0.6782779082773418,0.315377409185815,6.000503054179962,0
2925,0.42881676584469963,0.3292449445505447,4.929710140119063,1
2926,0.4391347276686807,0.2631727510220665,3.5013859032879644,0
2927,0.49116959226945506,0.352860885494702,1.0244494348829274,1
2928,0.6108060930834285,0.5231011905502178,1.5351352794065296,1
2929,0.32894343992265657,0.4433055889459391,2.8917655120561014,1
2930,0.5278906657119399,0.5641861360158332,0.8882365296363894,1
2931,0.6126870508768896,0.6807594825143848,0.46231900760308986,0
2932,0.6819614187172043,0.40806714652261267,3.8174933713643333,1
2933,0.506864994618513,0.72994921144103,1.401188548695055,0
2934,0.6307634707789518,0.41722751249320167,4.647798777427463,1
2935,0.5388445926395644,0.38739171366398284,5.189321863245268,1
2936,0.5143386867644805,0.6764658934306526,0.4486811196779331,1
2937,0.2691840261733927,0.5763551504819293,3.5818329023270077,0
2938,0.6985769803698224,0.6085002346335329,6.143530413735032,0
2939,0.48840365874932806,0.3270938973417058,5.045063091941703,1
2940,0.3824046232730979,0.7615412476089416,5.047263883641592,1
2941,0.28009689383472314,0.6108704915424924,3.013088744357124,0
2942,0.4417823021947696,0.5466103151958662,3.090683667710941,1
2943,0.482114595256284,0.29280301689013327,5.854899813686018,1
2944,0.6246193598765571,0.32368708878411007,1.7646048632592963,1
2945,0.5518490533721548,0.6942926203383663,0.025169837315930088,1
2946,0.2703080699889982,0.357742105461856,4.511894367713238,0
2947,0.3956617955992419,0.3906838557175895,5.477668926457114,1
2948,0.560105281263973,0.3354084902106223,2.837618086200752,1
2949,0.46123614221188564,0.37572460933193275,1.739751777441675,1
2950,0.48655389762521234,0.5251369459750639,4.567783904126937,1
2951,0.47520862682681925,0.7289820523872464,1.9585864242792417,0
2952,0.511878002160209,0.7043956687083561,1.8867269277688792,0
2953,0.7352472308169707,0.534172922972154,1.9572342883189366,1
2954,0.7562956056955566,0.4935070030648136,0.7977859143106746,0
2955,0.669588544268823,0.34003317597776334,5.617348945374008,0
2956,0.3263303025884585,0.6436341889603803,3.751259519626619,1
2957,0.6655341489440024,0.6392266875817627,5.620229726376109,1
2958,0.6918422242466834,0.38774796904895426,5.656477250286599,0
2959,0.6772029098904608,0.5207858787225909,1.2812764571994042,1
2960,0.34831016312137236,0.42483541929749863,1.4460556730846532,1
2961,0.4579310886902203,0.3983972641201937,3.2246528044353,1
2962,0.271270727458546,0.5941451849426266,2.2739079717647908,0
2963,0.8718183343961694,0.12089128976709397,4.090324579004693,0
2964,0.7336985242237564,0.5078053358054472,5.499153354744241,1
2965,0.5098520037391898,0.6112536301912207,5.852738085003922,1
2966,0.4962753317286556,0.7149916938522396,3.326144672649144,1
2967,0.4395218107019617,0.6086090981775855,1.2993454595977592,1
2968,0.7336984971485465,0.5052061983059524,4.653392014086649,1
2969,0.49944114403912276,0.7262882078954359,5.815844199150305,1
2970,0.5837650572298655,0.548100136242615,4.951621640608518,1
2971,0.5153700158880844,0.27230544723966404,5.334231152435953,0
2972,0.5616060217080578,0.4948685705383306,4.258193135226822,1
2973,0.9526722942338894,0.04363596479220703,1.5835600810763735,0
2974,0.3242106477723155,0.5987419629024401,4.413907069618224,1
2975,0.6891398919248323,0.43870529171968586,4.8194807557891215,1
2976,0.6326420653963956,0.35730626130042886,0.382942226282349,1
2977,0.3732077004746278,0.28933955509517884,3.003547109978491,1
2978,0.2810353930339502,0.5896191730100698,2.575082918157964,0
2979,0.6972912426938522,0.6089308399931437,1.0429526323850296,0
2980,0.3545120044063598,0.6391683032766204,0.694028657174519,1
2981,0.4198831567517135,0.32109794252029245,3.039180256723031,1
2982,0.3712482405447745,0.3038980031853416,4.090563047715352,0
2983,0.6095750474104381,0.39734253219089927,0.6533997099760103,1
2984,0.44483180726201904,0.2635534592382478,4.694746217108691,0
2985,0.6805095473197394,0.5839180384237115,2.481309952909962,1
2986,0.6166612673400133,0.5910968847188349,0.8408832870602676,1
2987,0.6844365550389,0.6675396871329973,6.231765544144678,0
2988,0.6500457523963286,0.5913839608784918,0.7150626751073115,1
2989,0.32852823456134,0.3607405803752129,2.799085309476602,1
2990,0.6714689090780185,0.5217549332147805,4.300590213422059,1
2991,0.536833296086168,0.6353849211935876,5.442864843898365,1
2992,0.29789167266521344,0.5960281417869657,1.9882263823939337,0
2993,0.05447812992478606,0.9422961722591312,0.4722990980229204,0
2994,0.942200096866187,0.9299317800470451,2.6649509985572535,0
2995,0.32128275848659427,0.5090624127592813,0.09629394702577995,1
2996,0.6340626575520243,0.3210856985713337,0.46170504653163447,1
2997,0.3920905785676846,0.41568319791430036,1.7032564219239277,1
2998,0.7008171365189604,0.5341233098678119,2.8726342255792137,1
2999,0.30068897472058703,0.3932685102612484,4.584765680139735,1
3000,0.6041718346552574,0.7006657382945891,2.6993385336330316,1
3001,0.3563126913530881,0.6549170541319665,3.9004516772615268,1
3002,0.5489823184524825,0.5498278424332134,2.2971403586604366,1
3003,0.6348720711739605,0.48953192119121575,0.9374881176806525,1
3004,0.3066886008058901,0.639851941116005,3.36446177639383,0
3005,0.35561449183941946,0.5518086340868535,5.194212086342758,1
3006,0.45512877413724706,0.3458817646936472,1.1717006073470293,1
3007,0.557932036548261,0.4523499249404732,4.68325538135479,1
3008,0.2632785986028945,0.5542298887467436,3.8174729882754135,0
3009,0.6643098073272085,0.41020032222110137,2.167071137981021,1
3010,0.33588665975827264,0.5028539936161635,0.17191004970755847,1
3011,0.669386146918217,0.6065683526153304,1.1736686308815674,0
3012,0.6841310221458176,0.45609036163744354,4.771095232599319,1
3013,0.5699677630871316,0.3215141568653611,4.108420456952982,1
3014,0.6245297274159951,0.2916841327029681,4.870999587066382,0
3015,0.3626427732584359,0.32355978057320867,4.406332707977704,0
3016,0.49377369157932366,0.2519598985874719,4.567348615681855,0
3017,0.3826016177628227,0.3577248030869799,2.8683523645650233,1
3018,0.4250262610468289,0.5601231566230194,4.258240860159747,1
3019,0.4416880957981203,0.6191803433816041,4.642957358375076,1
3020,0.2578845251333944,0.5258243597169169,3.71618636755065,0
3021,0.7262319421906436,0.47387779615726167,4.502567911368365,1
3022,0.48775998724041103,0.3744188091274102,3.260159178366467,1
3023,0.6299263985829164,0.6902049297661976,0.43743573418926784,0
3024,0.6075361327901289,0.6730143707692864,5.572048820843831,1
3025,0.641313147040977,0.3361791758220455,4.665130077016226,1
3026,0.6159322928286026,0.6970037065935021,5.941710636315975,1
3027,0.5013910982127778,0.4451784650948622,3.1050561086790784,1
3028,0.6845367371802309,0.3926182515346384,5.299228784233267,0
3029,0.3854250849282248,0.5111458358763675,6.149339852795863,1
3030,0.6635983986537883,0.6018058107852642,1.61302471417968,1
3031,0.6786934811093314,0.3519113925852823,0.4896267438614664,1
3032,0.3583545741242036,0.32150943272770566,5.21611950270453,1
3033,0.46511498184737615,0.5483923069109292,1.8633021774260283,1
3034,0.32021562997587,0.5574771131047352,6.228314369186993,1
3035,0.38691119736007723,0.6946625998143033,3.446914956901091,1
3036,0.41994628879112605,0.623163504494832,2.4674648002706605,1
3037,0.3776068901904095,0.6845847495284074,6.2537574771104,1
3038,0.5665242411514599,0.6644550179446673,1.1418222671629448,0
3039,0.570774926325317,0.4947038863535727,4.0258481561943,1
3040,0.3884194596623433,0.7008239653040814,3.102472001951872,0
3041,0.488079585997386,0.6958550325546564,1.3325723841978532,0
3042,0.5994692658328299,0.29238941675960023,5.199298582233236,0
3043,0.17513631770149127,0.05261085465747693,1.3944311151917266,0
3044,0.5893805784077704,0.6690501757368782,2.5647337655907676,1
3045,0.5096341065347054,0.5028276223795416,4.455457663329095,1
3046,0.5261891673861893,0.3642999682568272,4.715995426347587,1
3047,0.5509859391690295,0.4032807834611556,0.20498856049267786,1
3048,0.5957562499138817,0.4460125299984128,4.787308924529976,1
3049,0.4600606778912241,0.3656507653755644,0.6240021477681538,1
3050,0.3703529423895012,0.2848148131104383,3.6705137666328564,0
3051,0.6865732108322679,0.604698095098327,0.7622902209356208,0
3052,0.7274566556430487,0.5658456786501208,1.8841204471688082,1
3053,0.35309103428864175,0.43468103460076535,3.9204574140004715,1
3054,0.4738114735343114,0.590543822836357,3.1683118874941107,1
3055,0.42370542671568734,0.2543756089878659,5.947869565655489,1
3056,0.5325700484652302,0.27932150472856965,0.33989021086693855,1
3057,0.27965430857240753,0.40803072701370435,4.488661354908431,0
3058,0.4629377290292636,0.4876524329615934,1.2642496875404672,1
3059,0.3553318550871179,0.6568839314896553,0.08783290410273127,1
3060,0.7243621940874029,0.5080203590035215,0.2817444553840358,0
3061,0.40451407446129267,0.5929034318031766,4.3991093958656755,1
3062,0.3978612856231293,0.6669695228082685,2.3091250594097046,0
3063,0.4485358865251552,0.2663005690121897,4.701164730464372,0
3064,0.4315200654697569,0.6602771401609479,0.8551788945202677,1
3065,0.4741202180619725,0.43896014496397684,4.630092686035933,1
3066,0.5961211011949864,0.5689444685753069,2.173971735522961,1
3067,0.479238865516783,0.434474990752022,2.7037152247376484,1
3068,0.5547159996451239,0.7138306688503341,2.1746285135387486,0
3069,0.652104184520603,0.47228008590925874,2.2294843351571005,1
3070,0.3852728003948052,0.6781271337917525,0.9928915996146951,1
3071,0.5848973220099893,0.2614421047607922,5.12986715727467,0
3072,0.37826129216981225,0.2699791633294781,2.432863108280023,1
3073,0.36228186546640706,0.6778431745143412,2.8956058197259527,0
3074,0.5304271737452281,0.32379014246369553,3.5610594261303925,1
3075,0.350061652280621,0.7007829081120803,0.9102766136055921,0
3076,0.8514940392010856,0.017534841339808694,0.3161319803947212,0
3077,0.46063438466606804,0.7166841158609335,0.8623415080740409,0
3078,0.4242787586951241,0.6294070032794225,1.8497871183997336,1
3079,0.7159225998178028,0.39192261710459314,4.989241539686851,0
3080,0.6803829489117732,0.3891871523188118,3.9454944819073354,1
3081,0.3347527454929785,0.6761424995052155,5.438680874413266,1
3082,0.2943562270702218,0.6186640046244253,2.633478595342959,0
3083,0.29704300502631775,0.39365190990964694,2.5562492356293354,1
3084,0.2840187963379355,0.5403707564218645,2.044850720468933,0
3085,0.6965261972523691,0.3367579966730204,3.9216644962790865,1
3086,0.29187330689289104,0.6064481648643373,1.8425439823392449,0
3087,0.35826719384071154,0.45568530432684773,1.402385119114691,1
3088,0.9666000885915276,0.8768392852820736,0.2884033920107919,0
3089,0.4163554514827416,0.5099709899554734,5.442150862652376,1
3090,0.6758020646145227,0.5584669903767528,4.644160874908251,1
3091,0.515550968291161,0.3402407424428842,2.4944867817804695,1
3092,0.6338666152328275,0.6170496518420023,6.16639339792664,1
3093,0.5603884989711627,0.5729831909536678,4.4855248938969545,1
3094,0.45790863753502237,0.7117295283973336,1.128194546060364,0
3095,0.5222403378824884,0.3799571582513515,3.827086429282227,1
3096,0.5368594860651142,0.5984544503706445,1.5542616016282282,1
3097,0.29823232677914,0.3781707310174964,4.47713457114006,0
3098,0.5229491745104715,0.7240566389689768,2.411899820947208,1
3099,0.582860028411472,0.3960313863194095,3.7156603897453304,1
3100,0.36089900580776735,0.3104230823617712,3.593404125257358,0
3101,0.4855008282804082,0.6967688108876877,2.1657361710990934,0
3102,0.28449679638745506,0.609554246532543,1.339749676343665,1
3103,0.3599704898833826,0.4790132475407989,0.7890443704822688,1
3104,0.36642092612395305,0.41607933757648513,2.9718767902771153,1
3105,0.33964012914898284,0.40425617281109144,3.565006755941183,0
3106,0.4418837635487197,0.39916671387639474,1.2283028428930742,1
3107,0.6410143761977557,0.31521594573227674,4.984830483009826,0
3108,0.8959508588869665,0.8396770667254863,1.769547403121832,0
3109,0.5048136951039144,0.4249837747349023,5.991583270985444,1
3110,0.6240665499081296,0.6560019951040802,0.14179802277011022,1
3111,0.3023152252792837,0.619365509352868,1.359819100360015,1
3112,0.7232621570539698,0.5675048616757312,5.822531364641388,0
3113,0.6805881626433621,0.4933420890524873,0.9444074914657614,1
3114,0.625312805040651,0.6766404632638507,0.6165413570637829,0
3115,0.43244065456537284,0.28476712053578546,4.655265488204206,0
3116,0.6800622840110231,0.3675252069548079,0.7000288609792089,1
3117,0.630067730738062,0.6144593494771928,3.9889028230307995,1
3118,0.520739704955006,0.4592903929445163,1.813418864151743,1
3119,0.4966204625364994,0.6992307769084923,2.622066824835914,1
3120,0.37327501719895567,0.3133606796896022,4.968219482362201,1
3121,0.6349413645090888,0.27433914680929566,6.019882887156188,0
3122,0.507654658087245,0.3535260059630617,3.122672129917486,1
3123,0.007993877505261609,0.1548875868617807,6.087658536110088,0
3124,0.2846527043657478,0.6050942483016554,3.181074901422658,0
3125,0.7116123019050106,0.4144389104130156,1.0391864562982605,1
3126,0.37674705448153384,0.27124862288099666,2.16502341638355,1
3127,0.6455911611952557,0.6558551300837778,5.465019782530554,1
3128,0.439917717332505,0.45098562080868104,6.198489988537338,1
3129,0.47035733903596477,0.2956219145316362,5.724219643462392,1
3130,0.3818676937116116,0.6440345791894201,5.643777809985728,1
3131,0.5454892801441815,0.6412331438729673,2.8663146146854714,1
3132,0.6033156958362365,0.44317915435048183,2.582093894666643,1
3133,0.02929878508767346,0.2047320179103573,6.143265788941836,0
3134,0.45514253262257365,0.7109673467995047,1.211447262670097,0
3135,0.3936605107997721,0.37519381527588525,1.4677933766078959,1
3136,0.7305585930728803,0.36215251725213066,3.967287090644076,1
3137,0.9103340110112336,0.9152494948802258,1.615856521498092,0
3138,0.4074317850582443,0.5215303471381304,1.9015831315637375,1
3139,0.2940102065496811,0.39811386223861617,2.558181997131095,1
3140,0.6364861748075661,0.5193203195788748,2.818722357141796,1
3141,0.6418170935266473,0.6553153942732923,3.082959702271213,1
3142,0.623346455648042,0.386603757037882,1.4431550314358057,1
3143,0.5557522584785232,0.4165395659175291,5.713744771266246,1
3144,0.33371608047621987,0.3718289619733828,3.659458594015398,0
3145,0.5793785466066075,0.3632450301304,0.16424437484876483,1
3146,0.6604925057200984,0.5913569689651883,0.07876659828568275,1
3147,0.4587932952863167,0.48635298714660147,2.507656343811062,1
3148,0.4470820154807731,0.7266924221423554,2.7318644879278384,0
3149,0.813142548704175,0.9278747404898414,0.1658227592063628,0
3150,0.2675501450010241,0.4044999646879946,4.1273186498281005,0
3151,0.39573284271166165,0.32352348506019046,4.557270921640381,0
3152,0.573692296248219,0.7032241744389044,5.589944963362694,1
3153,0.37292037013167645,0.5933470700248941,3.070584290556656,1
3154,0.7144734343207929,0.42374271106739997,0.27485236360024806,1
3155,0.2987645875501927,0.3579437541858279,4.434919518679712,0
3156,0.6125514808200277,0.49440978497674143,1.0401853875409741,1
3157,0.37284291725997704,0.29722180396306985,2.0768459499222764,1
3158,0.44876321057278185,0.2853469220193359,0.5921680255754473,1
3159,0.5041726848839189,0.28234156982409125,0.555415129199225,1
3160,0.4820383316646044,0.48137365735741483,4.567368218218505,1
3161,0.5140397241563779,0.5846022019337133,1.5133802490515174,1
3162,0.40666778001124554,0.27533942784690124,5.292738048891169,1
3163,0.3527121713903818,0.5412454109549364,2.85972287200762,1
3164,0.30031015370053643,0.4552937705305517,2.501205677732451,0
3165,0.6155185759181985,0.3036556479056086,6.032299298293357,0
3166,0.5798689530842428,0.5706142668828426,4.002541950958778,1
3167,0.34270993141927003,0.6032217079230368,2.8693339777740094,0
3168,0.552835285304257,0.43261737753485074,1.7535930904693806,1
3169,0.5929820841881477,0.28128527720827123,5.078594812438297,0
3170,0.6872004958042593,0.42949807837782805,5.619687643754244,0
3171,0.2685481826875063,0.45711614323752287,3.7709815348918765,0
3172,0.3814858192573645,0.46993288683735984,0.24303560601458993,1
3173,0.6142836022953759,0.49897782010722896,2.5706081518639032,1
3174,0.5829119037543133,0.41207405042901496,3.600983913114046,1
3175,0.4770526156338092,0.5996158567674057,0.23478239946790075,1
3176,0.3189004453855422,0.32880488348650355,4.081626562835427,0
3177,0.6593227560517909,0.34674601958878604,5.475416626209673,0
3178,0.6316800363424023,0.455885267181802,5.6171371697281005,1
3179,0.5661118442922441,0.5137154996859922,6.270509461179652,1
3180,0.580141068769981,0.7329809166462554,1.9742041526846914,0
3181,0.580914397600933,0.36309627705001046,2.1761950042077762,1
3182,0.3850641829471,0.657707911036043,1.8143631658531396,0
3183,0.6848514824123757,0.3103400101168309,5.62845079163191,0
3184,0.7081993139732143,0.40879194003360847,1.9278508540916903,1
3185,0.5905209648809855,0.26304588544891855,5.912383549959268,0
3186,0.5444629196305031,0.4783927037412931,4.852077120145471,1
3187,0.37193453617316846,0.6510806727561553,2.080997680619824,0
3188,0.3336017826571776,0.45771610891533954,4.010482108964711,1
3189,0.5276878298773429,0.5290678668812848,2.740633912346579,1
3190,0.7054098559790806,0.5950557235620418,0.05172245209042872,0
3191,0.2909499454994667,0.4532521263329825,2.7683569614187125,0
3192,0.7019872472344802,0.42364258290769863,5.853819834199067,0
3193,0.6910772338113873,0.5177072042365028,4.151979080253275,1
3194,0.3853040185797682,0.32785302170806024,1.2943685625045545,1
3195,0.3024094710050951,0.37093675061809617,2.9750146521477614,0
3196,0.5549441714467332,0.3565271982507839,2.1108638832599897,1
3197,0.16636670923150332,0.37453312512948217,0.22564114109698535,1
3198,0.700974766627433,0.324268844393171,4.836989362299046,0
3199,0.30330856683878515,0.41078768650359326,3.542729823118258,0
3200,0.6792277050340786,0.6403302046061055,5.676077955386967,1
3201,0.6160377396982128,0.6138415001291602,2.7778407992556726,1
3202,0.5419783576552673,0.5144069004026922,0.7372145742020559,1
3203,0.5753431339152506,0.4204110180546683,1.4198199889950818,1
3204,0.5219296769712678,0.3877203789438708,1.5278773042052922,1
3205,0.7202493617335174,0.4672394896006616,0.3346838732546483,0
3206,0.13057161239059797,0.10923011694275456,5.2608533058771645,0
3207,0.28219341153070443,0.4777810267013575,1.3792074095531128,1
3208,0.5019807154215645,0.23563658403262966,5.429506693798859,0
3209,0.4658206301092448,0.40770646653584125,5.810321924695773,1
3210,0.7303808588371743,0.44597286581755263,0.02100223688435654,0
3211,0.3930973658448938,0.5246734345905978,4.352175619058613,1
3212,0.46198763199037574,0.6055348589889923,6.081970478894089,1
3213,0.6311394832768105,0.2915601851013211,4.909569574537383,0
3214,0.38870175221484565,0.29778696998959925,3.131851115221468,1
3215,0.5612899614642995,0.38584769123612145,2.2651717567811813,1
3216,0.8655469410008022,0.0813827333076001,0.3669673661965843,0
3217,0.4006233409076547,0.6821758636546071,3.5455054635039556,1
3218,0.3118787682178066,0.32306836971405367,5.257587337326956,1
3219,0.32086542258262973,0.5385369519629183,2.1911902864061275,1
3220,0.32597437492792775,0.5022728122131284,0.6782332016635813,1
3221,0.4647704728484426,0.32989147036718636,3.4073124285172542,1
3222,0.43353294405970133,0.22942958985565004,4.836717159985471,0
3223,0.45420460349671876,0.27597594483980803,5.03349083388951,0
3224,0.9400418367241371,0.9769428325204002,5.646799792252504,0
3225,0.5035951069562136,0.25048960591639036,4.213705122619076,0
3226,0.6272365931180718,0.6704451340886611,3.6581751003003764,1
3227,0.7152176775782545,0.5172456083322103,6.094425358100296,0
3228,0.48706163598339514,0.2808178535076132,1.0681942704013414,1
3229,0.24705783182099308,0.5204250081042007,1.9499350565167706,0
3230,0.519393865333335,0.4135774818707691,4.248403296989657,1
3231,0.34770650060630626,0.6595700595611929,3.7957771519848826,1
3232,0.30771316327769876,0.3111222796753684,5.137071937610612,0
3233,0.600698545730641,0.29143747384089275,3.4547176239722295,1
3234,0.27856301096199687,0.3649643495617198,3.617720071274841,0
3235,0.32680183897330084,0.6166837832375645,2.052739913232784,0
3236,0.6833046690937408,0.49152290224565076,2.346298946549862,1
3237,0.2832439084516036,0.39923357520898745,3.574054348535253,0
3238,0.47135543771336574,0.3791074973903614,2.620994231400081,1
3239,0.6475592045252397,0.386587902648623,1.8461313834400206,1
3240,0.27161144011734145,0.571321271460707,1.5687846398245147,1
3241,0.4871921660991961,0.7289611344984268,4.197413253286281,1
3242,0.26618492509232583,0.45147496542222926,3.4116693792044184,0
3243,0.7059531860528546,0.5924477702504662,5.00195935931223,1
3244,0.5608014707450933,0.7300500328709363,2.381410628580748,0
3245,0.37066285332276716,0.2712580393509816,3.274144095096084,0
3246,0.3810100807483275,0.2821590215474811,4.718249490164214,0
3247,0.26023601530660323,0.4408582258545958,2.8710151099288463,0
3248,0.7092586740055424,0.581980476617282,0.36179078399830034,0
3249,0.7170454609673004,0.595135188763313,0.6589549717055301,0
3250,0.4988932820686477,0.24995869646752267,5.542916462325187,0
3251,0.675586711708807,0.5828754451129876,0.9659363628483221,0
3252,0.30002150165989677,0.5224087941586667,5.008660476278562,1
3253,0.6000273013372797,0.41717174832591064,0.9459967476663106,1
3254,0.37160236317396245,0.7250142547204367,0.6757420371695937,0
3255,0.3722653841205846,0.2761371043702125,3.5451190571499076,0
3256,0.5761148483882096,0.6585577622943198,2.035565823240634,1
3257,0.44252268703540426,0.7654379492315279,3.276732427457185,0
3258,0.5377200685811742,0.7386598706249775,3.0561333101954116,1
3259,0.6261167996719776,0.570992412025633,2.6507395734787536,1
3260,0.374247106053909,0.6729690019681543,1.0232441827740726,1
3261,0.43732331063739915,0.5177030305104086,3.2944736862058,1
3262,0.5174593494845839,0.3049332260169234,4.662038670250396,0
3263,0.5758042897756843,0.6890144610664443,0.45861663306626155,0
3264,0.6145645022958002,0.40790783623685867,3.8908647374404897,1
3265,0.6847689635333236,0.371418283732868,6.176689621135151,0
3266,0.6963193880264744,0.414413749198093,0.3803578454765928,1
3267,0.4713964297717151,0.32838862157756316,3.0482161752192454,1
3268,0.27017128476732993,0.3583234764725147,2.5509190977350125,0
3269,0.0654683926929534,0.9935984609934536,5.289315954629425,0
3270,0.5946242815397477,0.308149892998562,6.195734996114495,1
3271,0.4442704298181572,0.6207241742729183,0.338321344463423,1
3272,0.9058949331119301,0.16341826358212672,0.06470798710012193,0
3273,0.28013402162203005,0.555535363591397,1.9758882276521013,0
3274,0.476223161550757,0.4624983464383225,1.8776738766861563,1
3275,0.32783908546382934,0.5160682016916133,5.623535792394652,1
3276,0.4736446629507609,0.26473291436725044,4.075781500666687,0
3277,0.2955008186904394,0.36356716437786324,1.7349927973874117,1
3278,0.6148146979164822,0.43369499239914094,4.319592623191172,1
3279,0.6224823174922025,0.36953431516788166,5.465529699872822,0
3280,0.4051201003885272,0.3442153853576604,3.035998486376998,1
3281,0.5383479937911523,0.5647402372349605,4.699214620079865,1
3282,0.29857434638174174,0.5518419273151941,2.752194903703548,0
3283,0.3532569861891543,0.6173445389070374,1.7981026360396368,0
3284,0.7608220379412342,0.5127177526012953,1.0386973323864948,0
3285,0.3186262853841597,0.5604697101360928,3.790338447586803,1
3286,0.5054057809462249,0.5193298984160418,6.119875378597085,1
3287,0.049763508791089775,0.9221950986579039,2.762664856995461,0
3288,0.5459828673844928,0.3211325754989958,4.30081754357699,1
3289,0.46747511156023513,0.28371692709493646,3.437217650996049,1
3290,0.6788770865090852,0.3962418596180456,6.21883267843535,0
3291,0.2891422444209649,0.49178682067050367,3.0041053519179415,0
3292,0.6834289367757647,0.6903256537845756,1.8278066540110118,0
3293,0.30964175726594245,0.6286082662125583,2.071910298933694,0
3294,0.6980508207214694,0.5047201381750519,0.1569402248623908,0
3295,0.2426962814558975,0.42265670123518795,1.655410228614056,1
3296,0.6153480972191537,0.44415165245121446,2.474208506022158,1
3297,0.2839947387868324,0.5209593570926857,0.399225528615038,1
3298,0.37548837253740514,0.6264795063795982,4.103537903515535,1
3299,0.7179356399075468,0.4376471092468199,4.138226781579009,1
3300,0.3067748481880624,0.4245080825671083,5.967083485982932,1
3301,0.6442045578205408,0.5425938872940287,3.9929296881474574,1
3302,0.37353664574361745,0.3464078025918176,2.663749807170687,1
3303,0.5766093709858707,0.657263306937926,1.7363238075709237,1
3304,0.5634697093082446,0.28258042779229586,5.254605861163095,0
3305,0.3077377886765358,0.4269086597423312,4.147246527169996,1
3306,0.5714071422139302,0.46179392662546265,3.264830847252676,1
3307,0.31796383536862033,0.6249446962261215,3.4627680338354065,0
3308,0.31649139744689764,0.43499726937958216,1.5201860468992352,1
3309,0.7254616968164698,0.5796148770046295,0.23206756918596888,0
3310,0.5014123913393088,0.3399967325933029,3.8839111276178895,1
3311,0.7166416306348629,0.3560793253820354,0.263419658695019,0
3312,0.5722143708416663,0.5919970822735432,0.16947358370541288,1
3313,0.3849159332670515,0.4252055830147163,4.189572405297107,1
3314,0.43738757360365943,0.6702333026753812,0.010966534127593311,1
3315,0.5246755479504087,0.3124141849322305,5.831955295231769,1
3316,0.4527654629075539,0.4115830245184113,6.281902906304656,1
3317,0.6621051007589865,0.40362368800580245,1.624771775643035,1
3318,0.7265966179097841,0.39621584771650503,5.592239009095911,0
3319,0.685911652749335,0.5660920928710923,2.4328853885161252,1
3320,0.25800347486411884,0.5073359221233956,4.343180731659763,1
3321,0.551663226787378,0.48988841182392273,0.33138536426585086,1
3322,0.0738671311238128,0.9482632773912102,1.8268466394393488,0
3323,0.6557205346208385,0.3539107965959714,6.098662029466925,1
3324,0.3931003097499297,0.726112061792,3.562186333847379,1
3325,0.4574110431901371,0.5463734568038037,1.0668691547104268,1
3326,0.5355982350201237,0.7268943556768267,1.4163943872977458,0
3327,0.4578835825541818,0.3068206464029628,0.37591763196324657,1
3328,0.46750015485071617,0.3733612823493525,1.873321214899127,1
3329,0.3593144082565915,0.6800611694916296,5.903554749353044,1
3330,0.30359033355749465,0.5066588434293647,3.5950349356937408,0
3331,0.7465254706793572,0.4690960400102778,5.009198502935081,0
3332,0.6647523484513175,0.45459861796080714,5.726561834292572,1
3333,0.5115911396496741,0.28125071779144345,4.237979684809114,0
3334,0.29493036942321654,0.34169755091486337,5.039719092916565,1
3335,0.3993609364598123,0.31486047449360677,3.592721454750253,0
3336,0.41095323520483984,0.6049770941286781,6.085274256166808,1
3337,0.3876929485111856,0.3042799385574087,0.031494396137842884,1
3338,0.6314023789858499,0.32433901282373256,5.483074901798405,0
3339,0.8472655440712915,0.023252894154137064,5.088533126788736,0
3340,0.6606584513999127,0.5554350682768817,3.450032833922941,1
3341,0.5361868253153387,0.6354032671766282,1.6675489884605734,1
3342,0.26439551908860115,0.46026051568955023,3.9951214618212627,0
3343,0.3793796500204763,0.5073302244590009,4.285372007947679,1
3344,0.4169784135911736,0.552155664753571,5.217855749700389,1
3345,0.3945997871960968,0.7277918343761479,0.6848670923053016,0
3346,0.390154504995234,0.4744688824652653,0.7450563136056716,1
3347,0.720590530813127,0.5608352937220882,5.913142829217993,0
3348,0.2673403815399177,0.5667325938302122,2.998622046765309,0
3349,0.6679189022785023,0.4639917386409182,1.5470259166249916,1
3350,0.5755441865750481,0.5372547736638874,1.4087170272947578,1
3351,0.6585341250474211,0.6314096161775422,5.335981206105938,1
3352,0.6150646183110948,0.3695863876408508,0.29059111362536505,1
3353,0.4059702916521585,0.6748347362830541,1.8912949535004941,0
3354,0.6879581987695913,0.40820735235419314,6.279304419671731,0
3355,0.500712089262152,0.4837291024793669,4.927632315548305,1
3356,0.6628189777606286,0.6551876883645862,0.8739700659879395,0
3357,0.5685336272950446,0.5039789996619909,0.5264877333253924,1
3358,0.5127189989027435,0.4825834682136375,6.255715721817829,1
3359,0.47619373174808277,0.23789899000863696,0.4002076875206554,1
3360,0.6671833956185216,0.6424455825529085,0.6376755894476224,0
3361,0.31092925364432644,0.6302588645413245,1.0914188899837458,1
3362,0.5443823185356129,0.6494038726701105,1.5937715710189488,1
3363,0.5221418487569516,0.3199825615515025,2.641678600785185,1
3364,0.3753303626300245,0.46177029800518515,1.6293250992134314,1
3365,0.5925416608765846,0.5196494858021068,4.116175591739509,1
3366,0.5193167876130487,0.38097025703684956,5.928591708070726,1
3367,0.41126917495143206,0.6320848910070118,3.305642041255849,1
3368,0.2810319801701491,0.42069322212908733,3.885162117438317,0
3369,0.5011153907497198,0.36655798011956864,6.260148354329636,1
3370,0.331916723087244,0.43615924511248316,0.6402564923593159,1
3371,0.6635408861672636,0.6081875997154388,2.83818329527771,1
3372,0.47135087871431885,0.28599979661393643,1.2860894083551437,1
3373,0.3285968065051235,0.6383463623739941,0.6962019272082407,1
3374,0.6554206470259856,0.41202373186840363,3.9312130059132815,1
3375,0.5676138181713886,0.6214689040402415,3.5511443788993877,1
3376,0.2682123582723452,0.5547467429348515,1.5573540956506582,1
3377,0.25474065395864537,0.4777417917540244,3.5019258835949705,0
3378,0.5257683621630308,0.3725989101093908,4.224315179191836,1
3379,0.7383155348519963,0.5129901754486064,1.6585157083842765,1
3380,0.5633233117893507,0.5274122700913568,5.181824797095563,1
3381,0.6354247649624405,0.4057133105929045,4.374906566192379,1
3382,0.37999176166306153,0.5052054857062496,4.86619598432575,1
3383,0.7238889994720388,0.4109313732287309,0.25150840296037685,0
3384,0.4187610475482549,0.696081395232088,5.7046494764506255,1
3385,0.6298659383493533,0.6599274959498513,0.41909474314465783,0
3386,0.6144130760216895,0.2993662744626465,5.098193253691166,0
3387,0.413297679092975,0.609582128646777,3.111036436697089,1
3388,0.5459701521152892,0.397977326616786,0.4857397046138845,1
3389,0.499205910096406,0.4223808994208824,1.9267037704841654,1
3390,0.49462218057838603,0.2699466998036998,2.437445445391673,1
3391,0.2669982682849669,0.40127004627207413,4.637273425331406,0
3392,0.40549478193925437,0.541612698541757,1.5859127279869627,1
3393,0.365183635029777,0.268498356623446,6.268753477330791,1
3394,0.5006428992283669,0.6327125963214001,4.5891839277759585,1
3395,0.38677323099234595,0.4923325379870185,5.925071605424435,1
3396,0.6618553054082476,0.4169946530430633,4.147481907559449,1
3397,0.4084399661842005,0.5409837369050454,0.9905451725731348,1
3398,0.469102128282277,0.2538180022246563,4.952530520178184,0
3399,0.2542228970491067,0.43288837811584097,3.21327594093951,0
3400,0.301368354249249,0.32651760488595116,4.157048301353958,0
3401,0.4123750818204573,0.38123005135634197,3.8906018556717292,1
3402,0.6903066730961844,0.5947276390709043,6.079139350088928,0
3403,0.36489548657449683,0.28988866648021855,3.799268154782256,0
3404,0.5434366111129968,0.6352702918472781,5.754666675056197,1
3405,0.533244132447172,0.47194574445334936,0.5858367736788874,1
3406,0.5661875320711767,0.2755162737870794,3.239835321242208,1
3407,0.9826822277278364,0.8241939412586101,5.578053678346784,0
3408,0.4599851609436893,0.28043168056247236,3.9340993450362243,0
3409,0.2514363516949553,0.4692884917680944,1.268441313727199,1
3410,0.4451619295230259,0.4384434069956463,0.9242826802360786,1
3411,0.7166095602514084,0.5044987060104038,0.7062198265724866,1
3412,0.48716704419698453,0.6370992964497475,4.589099209851951,1
3413,0.7307945906837726,0.409459723215196,0.4287344922660769,0
3414,0.681371351945245,0.445604370348321,0.6786669362141697,1
3415,0.671511124834266,0.2952514800253523,4.440604409516075,0
3416,0.3188359868982072,0.4903179985853575,2.2030263904415457,1
3417,0.4565801926889538,0.27947515427075,4.679069568501832,0
3418,0.0512647621818855,0.9398080221646716,4.735750218914707,0
3419,0.5899989634127953,0.35934779654395527,5.533888756216457,0
3420,0.39145480394117893,0.26874444199291725,3.266218874461717,0
3421,0.3654728041166722,0.30688258368323046,5.946219902483611,1
3422,0.8517564797580425,0.033013925859808814,5.082769630156896,0
3423,0.7412190063614074,0.47589255391969176,5.56364290482605,0
3424,0.36125806411421085,0.38165439398542456,4.283622281256723,0
3425,0.6168912162117985,0.3321762032491279,4.93089977439551,0
3426,0.31910208580352395,0.5634206984067075,3.8856936660190393,1
3427,0.3037380902395861,0.41036761034575103,0.12519450550748157,1
3428,0.4069675993948987,0.31169598517557445,4.6828562492616035,0
3429,0.2889688834853757,0.5956739266340263,4.569401534446367,1
3430,0.7088886172189741,0.44941693081136164,4.066964994077995,1
3431,0.38928917985393,0.35300932084313197,4.720494694511066,1
3432,0.6323636136282899,0.3054283004271253,6.25504020647841,0
3433,0.2586246966825109,0.4852865942039211,0.4496934344992132,1
3434,0.3240658222993965,0.44230563568048603,2.802010946991165,1
3435,0.2930089526318241,0.5858020314287552,2.8080059938716304,0
3436,0.5812266222965294,0.45212232902847194,2.275613361541841,1
3437,0.4278224852036666,0.713212969911704,1.2599668360940621,0
3438,0.4424404999843482,0.2747668961848159,4.120902346517361,0
3439,0.5273974355413635,0.7064160004730919,1.2176675000931725,0
3440,0.3852240257165617,0.30598839931495725,4.417712038903411,0
3441,0.44754513391158113,0.3564230196261027,0.5900643794246376,1
3442,0.683018003007219,0.6382468471539442,1.506359540346166,0
3443,0.4671036147826405,0.6709531864937636,6.076893210216111,1
3444,0.6805354580659594,0.6642900650048811,0.9562434418663264,0
3445,0.622408602802527,0.2904426850918417,4.649059034913496,0
3446,0.3025872395811321,0.5790195954084284,2.9451384516045622,0
3447,0.49498689545043406,0.2650440486603112,5.223754119505048,0
3448,0.4549117519558445,0.6167951915436218,4.400204397626604,1
3449,0.5289317404516906,0.6544336639743721,4.970420575585056,1
3450,0.6140957229564791,0.5052114101108574,3.6818267784309753,1
3451,0.5146873451548851,0.7138600917251414,2.1538859677645896,0
3452,0.7061995552767399,0.424158431905043,1.1616547545235407,1
3453,0.34744211532807234,0.3380021672295547,1.8242539088709322,1
3454,0.45205871421837623,0.2932732089024744,2.0693518116479717,1
3455,0.37145891741872095,0.6591727681858922,1.4430846867938525,1
3456,0.3205433368756026,0.31122811218489455,2.130181727084061,1
3457,0.28517185548047363,0.6040722074711646,4.284823352274429,1
3458,0.45430792396798864,0.5422731285014374,4.468331480570535,1
3459,0.6888104915697318,0.6327437665288556,2.9699309633414632,1
3460,0.0678466159836462,0.9954812065653736,1.6391620568728127,0
3461,0.36733324921088795,0.47535522963467597,4.718112584636109,1
3462,0.6924302422159907,0.39031702095926374,4.427785157038828,1
3463,0.5861991095207922,0.720757309003324,5.560705750892201,1
3464,0.6312175000672489,0.6968739351862944,4.809797207458954,1
3465,0.5828067246504472,0.2842824036730002,4.556193890726381,0
3466,0.437311605042846,0.7192966047088151,2.308009143111835,0
3467,0.7017971516869904,0.4741962170608118,1.2773263761629452,1
3468,0.2888211285476354,0.3970427131203784,4.443816416081658,0
3469,0.6883280682315865,0.4029690177950004,4.43769024480671,1
3470,0.4638828190744153,0.7167623886970536,2.5013441222170294,0
3471,0.45788576536450415,0.5882667791719721,0.9902537586168817,1
3472,0.3342943727556146,0.33389572124990735,5.618871412595793,1
3473,0.7300449445979319,0.4603564166008046,4.981797206292606,1
3474,0.668244647764416,0.6276235068920436,1.7398080957227906,1
3475,0.4368098691949935,0.4645370486242924,0.5576344086063381,1
3476,0.5438486111380348,0.364176392641282,2.334952053889833,1
3477,0.4365905059938212,0.7027144701830667,0.6201169817942486,1
3478,0.40143926770702815,0.3677366712852483,4.781872801462407,1
3479,0.3554059285183409,0.6723163520463907,1.648597883615217,0
3480,0.47626256490140084,0.31399736646886844,2.0630367207495803,1
3481,0.38980793828771765,0.4998598905892862,1.0431765406538078,1
3482,0.4820107057524733,0.4053958209993251,1.2736365063603103,1
3483,0.34640306242999164,0.6736690410457117,3.454162623365544,1
3484,0.681009051587256,0.3851714527405328,5.25958274191971,0
3485,0.5146248820288041,0.3032393150092509,3.0682854379879,1
3486,0.44482662113562005,0.42708652086382115,0.5485274711733503,1
3487,0.6032758992132488,0.6735876053092094,2.533115042855591,1
3488,0.7086691741149438,0.6193421582567035,5.498302726609757,1
3489,0.6150099179484372,0.7031619099491458,2.592574380440732,1
3490,0.37939659109893614,0.6631502130351339,1.7961791374165643,0
3491,0.358705889940888,0.49551932489042017,0.5876126361194742,1
3492,0.663603787561078,0.3541180676241685,5.239109971152224,0
3493,0.4110574687569376,0.7010479923145553,0.5897863589134539,1
3494,0.7416232358327512,0.5138597995254549,5.6229122035401105,1
3495,0.3608851053227086,0.43860287252013114,4.398753766314758,1
3496,0.46588861636730755,0.7223531974112847,2.016086998402458,0
3497,0.45940791524487584,0.7129466062887868,2.267724041447688,0
3498,0.3059952572780926,0.46299365451677393,4.839281859387355,1
3499,0.5729476085231923,0.6185030855644357,2.759714761858221,1
3500,0.4922964994632578,0.3069743728417548,2.436597216852072,1
3501,0.3152559516729508,0.5302392227495168,3.4050276753070863,0
3502,0.384859005470558,0.7472793217057994,0.9878959437313002,0
3503,0.6119277538251504,0.38161441845918304,5.981110323554265,1
3504,0.584557886905767,0.7095834316791275,0.6530485439804725,0
3505,0.7449296095950114,0.555710078168772,0.028445471800210065,0
3506,0.5844959737955796,0.6540949518036918,5.632132295916085,1
3507,0.45966676157987935,0.4182617830603942,0.9847249184493118,1
3508,0.27418231800360765,0.43239119648619107,1.946698935242758,1
3509,0.30514607625958007,0.3400101652486042,3.910027632109822,0
3510,0.49773148341975093,0.6894830345196259,3.8106418177861343,1
3511,0.49779027829873246,0.25791385199750144,5.620055606598003,0
3512,0.4020617331330787,0.3294978127383965,2.9531674610499588,1
3513,0.6325020462393717,0.7062501309841922,2.7515924971777403,1
3514,0.7335261341566321,0.5368906077751971,5.311813965670879,1
3515,0.44020385015801944,0.4581681845152788,4.225627431605233,1
3516,0.648506670119028,0.5450011297797613,5.761917157864498,1
3517,0.3252622192901136,0.5192767310473684,1.488317129820817,1
3518,0.3794811809345004,0.41807798122398204,3.497599334166601,1
3519,0.36069370483297614,0.4727354392416158,0.7055645029337735,1
3520,0.6991479872543436,0.4083904063159719,1.426205867514754,1
3521,0.24205317498560505,0.5414874490720648,2.441704017666615,0
3522,0.4971901597645934,0.42499717753918553,2.3646390699837103,1
3523,0.9136354431083579,0.9348031047833798,0.028427670003281946,0
3524,0.4672838219666558,0.647101139785341,3.601123743509732,1
3525,0.5725807864316271,0.7010283765601292,1.5757396606160252,0
3526,0.46978073017694355,0.7298594711518914,0.31239880352718646,1
3527,0.26240163463106386,0.49101816634547224,1.7320486018641428,1
3528,0.45907993836648364,0.36207625139831534,0.3903658527870105,1
3529,0.6409617161340829,0.5907771645871067,2.0011804501346364,1
3530,0.5922825917013802,0.3897497869650461,2.127334408351554,1
3531,0.42030786833448863,0.2688135763645303,3.6970978531609133,0
3532,0.33519675175726965,0.5583049934881097,2.1107643009740795,1
3533,0.5715070079717407,0.4751672536718256,5.178683766728644,1
3534,0.6094900967875033,0.3658853970191358,0.6524348920282,1
3535,0.2948487911808379,0.3499484386457366,4.0631128218917425,0
3536,0.2741209569579672,0.3985175846169787,1.3861545526126624,1
3537,0.289632331194911,0.4764422957481765,2.22153692540856,1
3538,0.5737792987653606,0.5481723953439593,3.363359164401097,1
3539,0.5093327795529322,0.4800410901067784,4.770601023331025,1
3540,0.31972638752483135,0.4932476285528742,0.23138528424158397,1
3541,0.6383701666148369,0.5386534913871833,1.3399145621502075,1
3542,0.3525500689133839,0.7238962045913099,2.684362975719964,0
3543,0.2971718442516292,0.37670010634579554,4.898694476945453,1
3544,0.3050084029673809,0.5398743830511554,1.1231173566971608,1
3545,0.36106871551394615,0.6232291343663017,2.659598582373616,0
3546,0.35260375996231563,0.5473673301629769,2.0869047203832847,1
3547,0.39035106815117343,0.6262264396659807,2.05281232831821,1
3548,0.5259959513954137,0.684281316524663,5.082410815127106,1
3549,0.5257626182715645,0.6313676762113308,2.197109647804568,1
3550,0.6094573754775147,0.6315224187648248,5.138203369989407,1
3551,0.3506075106560408,0.36059739524164663,1.334617784160984,1
3552,0.4018308047541554,0.7281767941345294,0.649465390033314,1
3553,0.5797649646663542,0.26770340130825454,3.5999859856624736,1
3554,0.3000236687481569,0.3360922560096427,4.476201421707084,0
3555,0.5925488054270324,0.6625328827785701,1.5305175657141419,0
3556,0.3076071785614334,0.4934697118806876,2.0825418337072854,1
3557,0.6776709373728994,0.5805149307600692,1.6479450829958968,1
3558,0.7242570580675258,0.5777444507461683,1.0063478892360629,0
3559,0.3762644931892878,0.6697444428958983,3.418518946222791,1
3560,0.7023354031271795,0.46333788960772637,3.637623262639619,1
3561,0.7342835938241011,0.5091593829562074,4.485303913046126,1
3562,0.4957878201997657,0.537368408833699,3.2547072950878144,1
3563,0.4365908577314199,0.49569908698993,5.442340512033198,1
3564,0.3062277102223731,0.42478678596427205,2.3452024131686,1
3565,0.250621592743831,0.5226042950254175,3.9711108499361787,0
3566,0.6789955679915097,0.3790056421802056,5.029863576725299,0
3567,0.595946401870287,0.31081710825459075,4.501795183197994,0
3568,0.35732320053931466,0.6001154855497067,2.636570269361262,0
3569,0.5786892277151238,0.49267446953285465,3.0045821552032335,1
3570,0.6584121297563702,0.7173303885417741,2.11955297800652,0
3571,0.7175868537864041,0.36889567674397195,0.4448124764903706,0
3572,0.681320486226697,0.5897990119381316,0.23445936793610223,0
3573,0.3699141698842968,0.4668004274720955,5.34096902996358,1
3574,0.5529644186144188,0.2609957218015259,0.3717297648003354,1
3575,0.6806695992465311,0.38158647673881124,1.6627582876428921,1
3576,0.6473053276211079,0.5724796092671046,5.450665610088344,1
3577,0.5379130025987947,0.4040379876691688,4.76711098053782,1
3578,0.4747970728988106,0.5682231254582977,0.33738541423871077,1
3579,0.6452750486700496,0.6301325213456581,1.3917986037041603,0
3580,0.6151463938237639,0.5399695881447034,5.883336692794151,1
3581,0.4398847023191146,0.6211734090875161,1.4421395643758776,1
3582,0.022352601741109413,0.9984562546610227,1.8496654806187467,0
3583,0.32831330059948854,0.6464111887073897,4.256883106630777,1
3584,0.5638055622634341,0.5242070200313579,0.27041446070744857,1
3585,0.3429027651834752,0.33969199147132056,3.8129396552391,0
3586,0.4496901448336705,0.5668455478455132,5.430281322987189,1
3587,0.8897493109003051,0.13090018120803773,5.28997742817971,0
3588,0.4530975904810323,0.7111715956367478,2.0711956812301193,0
3589,0.7675968158578177,0.45980429903664033,5.857241571201457,0
3590,0.4983115281854676,0.29491580759457925,4.528592260431208,0
3591,0.7546034582028852,0.4513459604051195,6.149291618044209,0
3592,0.07173249905886654,0.9667501435718276,3.703617979019816,0
3593,0.5076347680557645,0.474782063496449,4.27381340589225,1
3594,0.537619640561013,0.5822044596930316,4.997258988848345,1
3595,0.5318684682669877,0.6623233377169457,1.346191041037972,0
3596,0.4509958713878949,0.23618469334083975,3.263799109605705,1
3597,0.718400940303181,0.4382335150146591,0.13716891556149557,0
3598,0.7153680152749601,0.535663455677019,0.3917636716524866,0
3599,0.03169280017238603,0.8785342691132384,5.96372595643731,0
3600,0.48640589362341924,0.6199121032470802,6.033828435512848,1
3601,0.31093596460148387,0.3801768608901081,3.6026962336175745,0
3602,0.4338749600390002,0.548492179274257,0.8642558059296986,1
3603,0.5554104998030913,0.3802222302566742,3.3716140461892516,1
3604,0.43135939145943614,0.6321675433347828,2.4747072516885837,1
3605,0.6605355743530399,0.6833394226900882,2.7443808913290386,1
3606,0.6233066017560374,0.2882375765098268,0.33011824611330765,1
3607,0.43797563284352153,0.4911891530318745,1.6442794623921388,1
3608,0.45403159652032266,0.42672847533464575,5.908521055382403,1
3609,0.6665497393621911,0.35124013929937453,5.302902218215068,0
3610,0.387858875953469,0.3743879200975298,1.314610549956654,1
3611,0.6572055428625987,0.324452718742097,5.389520194039708,0
3612,0.6504806891269317,0.32911500625194146,3.813108807325849,1
3613,0.5008586767321557,0.33670699899541445,1.627727579252619,1
3614,0.4701685275222479,0.7318537274074532,6.226599005262547,1
3615,0.07466167194113717,0.8167875321590424,1.0628030653102176,0
3616,0.3674503550125635,0.4999659490106662,3.381739999970958,1
3617,0.37019651863419745,0.5134166797615092,2.0122678117631887,1
3618,0.4925251366699256,0.621618249248901,0.06361413650085133,1
3619,0.705797933272579,0.4509114573213266,1.3024267265472271,1
3620,0.7300753648420901,0.5424415997342734,0.2917719131088151,0
3621,0.4124496389176164,0.6568213814593041,1.5152936391869973,1
3622,0.6870387632083732,0.4429801329788481,0.023540803610455185,0
3623,0.27368668772947136,0.6275601047540407,1.427806714121091,0
3624,0.5831710267946653,0.4757853619352692,2.3968518655044617,1
3625,0.6608133446806432,0.35964942114980164,5.911800372650266,0
3626,0.6587589096095402,0.38864331924405293,3.6973482049073354,1
3627,0.47856135238431796,0.4951670143396344,4.776690984072037,1
3628,0.38352800871949866,0.6374240960854759,1.5367841454518452,1
3629,0.4251725660177735,0.289848291549407,3.3679583637615345,1
3630,0.4263516849052997,0.6595106595919799,2.2463993834096896,0
3631,0.29809052129810015,0.3621229878902595,0.7327865575101166,1
3632,0.45482733879578113,0.28070982916832227,6.177773729868728,1
3633,0.6779739322217249,0.48887186220948314,3.243679154635036,1
3634,0.7185285429324046,0.542766535617619,0.7074392448125056,0
3635,0.48134813891932443,0.6897438768634983,0.7165085318903288,1
3636,0.7019327391723305,0.42899339528536745,1.3521483637800336,1
3637,0.5895749564983336,0.596410038467695,4.015535082320787,1
3638,0.2777146837244248,0.38387160113947677,2.889769968548045,0
3639,0.5989873488612636,0.6534398764534995,4.830104820176078,1
3640,0.4253975976849653,0.32044380926802424,2.0030719274213697,1
3641,0.5013512968517733,0.2880043522153285,1.3163020310271911,1
3642,0.5100925416756134,0.74851620063404,3.2878978924262277,1
3643,0.43677769628394814,0.2810015797531403,4.764348904019672,0
3644,0.04502744673042181,0.02258615573131527,1.2469433874511755,0
3645,0.6978143317204186,0.4500998354304315,5.445265588197271,1
3646,0.5789973742138931,0.6755152814132599,0.042685733613583784,1
3647,0.6300075505119379,0.32409315907572556,0.6708114051814308,1
3648,0.46755557893483646,0.3202955126000095,2.1745941687718036,1
3649,0.26428347490657156,0.5066532384028819,3.1132384689755557,0
3650,0.5791599738761991,0.4412051799201498,1.7504755925978128,1
3651,0.5269392188310594,0.26864793280826604,3.5624175082534264,1
3652,0.5043974200667185,0.6157437223428815,5.584286110610981,1
3653,0.7192484024030623,0.40215290875176585,4.275504407228105,1
3654,0.6194680474235348,0.6669661940950852,3.5389320868839986,1
3655,0.8761121521689168,0.9673881080218059,1.4236402659389324,0
3656,0.4074492836118781,0.4271214763344125,2.3333519835315837,1
3657,0.37656670550525984,0.38044865783961956,1.8158784659713774,1
3658,0.6167789172810734,0.47625309159260804,4.774523493469881,1
3659,0.33709198565974974,0.27393714743173037,5.400852636248737,0
3660,0.7300143835098993,0.48441691025928374,2.1431442692921667,1
3661,0.6873046735036354,0.38237250240497045,0.5157006128615977,1
3662,0.4538480934443419,0.34716136382364476,2.8674772729070095,1
3663,0.397803018796653,0.6172590732402192,4.306217646551604,1
3664,0.3837161558497246,0.26960667644569847,4.810475817032625,0
3665,0.489897677275527,0.44484677592629035,5.269653190436675,1
3666,0.667325809369985,0.3288142584532469,4.909357941133898,0
3667,0.6381087639762937,0.2913678550421959,3.3988567077796827,1
3668,0.37101780883609436,0.36155540538322195,5.071582420341853,1
3669,0.5411039654495403,0.5327133563489914,1.2535559741645188,1
3670,0.28466208227515627,0.37368832022252113,2.306676398962239,1
3671,0.460103223698594,0.7165190851545526,0.20220274543114022,1
3672,0.366403377113398,0.6279291372123512,4.186428202528413,1
3673,0.6965539539550935,0.35841668803177795,5.968060633365537,0
3674,0.7091935099781126,0.5788083903754279,2.2999808960102066,1
3675,0.5720694451517345,0.5250368570191849,2.7633435873411667,1
3676,0.6608271939211667,0.6373490597180365,1.6997199495008561,1
3677,0.5781769343225698,0.6867773888975336,0.25523468966138674,1
3678,0.5769302540294297,0.6520758021596856,4.229634728652094,1
3679,0.6538020127349496,0.36798744705050584,1.4669382905960442,1
3680,0.3421575978105303,0.667347404502092,2.193747983436305,0
3681,0.26689672477942095,0.406303224058329,3.459258475964493,0
3682,0.38765963619268917,0.6145628410248658,1.9744950322994397,1
3683,0.6050464013746434,0.688683278508018,1.5624665853955122,0
3684,0.3123083376154081,0.6442179600742769,4.150552765739972,1
3685,0.6263668161939011,0.4332409337248982,1.9894554555387367,1
3686,0.5296537529182717,0.26419777780867904,0.3687023363876973,1
3687,0.6273350307569012,0.6264188889435381,6.1156976104543945,1
3688,0.7946251847927622,0.003596221164391906,2.570381997798087,0
3689,0.46094437308135533,0.7238759704254007,3.1648493888973244,1
3690,0.38518943013342527,0.5117500725316404,2.374425136076914,1
3691,0.6958191279840077,0.4642884753534461,2.7134417889670246,1
3692,0.6461291706174843,0.31434202299241437,5.143309551111977,0
3693,0.30843412341020254,0.42985089986614045,3.1739725094646034,0
3694,0.7004652932312412,0.4842247754478908,1.5697771366894218,1
3695,0.4864055642272265,0.5481013645664927,1.1321826957306533,1
3696,0.4113044338971594,0.7153459472482727,1.5852096354843659,0
3697,0.5834432901695011,0.40621398852564883,1.0449028480445073,1
3698,0.2863693546627703,0.34838990329075087,2.4002174142516632,1
3699,0.6745149967124338,0.6463871572283675,6.145359377834641,0
3700,0.37449550605541576,0.6697870418974613,1.117268251520397,1
3701,0.5906029436721026,0.44203903283041357,4.991501565337462,1
3702,0.3113593829744597,0.4706646865056298,3.792136462449206,0
3703,0.2923744253472044,0.5860571785240379,1.2778299661106114,1
3704,0.6149921447739093,0.31689672514770684,5.819202897056788,0
3705,0.7189768208991114,0.5260340268001491,1.7123681048120598,1
3706,0.70292142540473,0.5675331763446989,2.279723974693794,1
3707,0.445023677055857,0.7160060094485068,0.07559026354703957,1
3708,0.3662338106547681,0.32660602821519075,2.7687526730161007,1
3709,0.29852579711156607,0.5823690191130179,0.9757229998197539,1
3710,0.48832129138025543,0.7365997778862708,1.1215057190938427,0
3711,0.27189538009328845,0.4701331183027222,3.539398283476138,0
3712,0.771214482662065,0.5070256907827418,1.6425146264732746,1
3713,0.49685936738015546,0.27505322753445294,5.194898789067993,0
3714,0.588575705916771,0.5194389550500537,5.8613320436841105,1
3715,0.6677788109102966,0.30226970513509355,5.454657450053608,0
3716,0.3096741787086748,0.3453838725249648,5.021838827283197,1
3717,0.48283388214330414,0.4708127569305053,4.193026649591629,1
3718,0.6520275962542813,0.5965885851528948,0.2709442406973664,1
3719,0.4345930366598299,0.3526312562148185,1.6958781125829425,1
3720,0.2923839363042896,0.5141139927157852,3.2977579112372317,0
3721,0.5669440660953756,0.6967380148617396,2.1247026114131833,0
3722,0.4574169779786102,0.6467774979414666,0.3167677967301944,1
3723,0.6245907416826231,0.5114426222338628,0.5327690649660723,1
3724,0.27563629584334703,0.59144127628903,5.106056113552793,1
3725,0.3682283969840741,0.5819641442576025,0.392795009629891,1
3726,0.7729897581940103,0.5767455282471194,0.9192047993189312,0
3727,0.6078208421842958,0.36128985435747696,0.8791097756164321,1
3728,0.7397827336014463,0.48389354677920904,5.106776158467897,1
3729,0.31276909641964074,0.3345102575026679,5.556528477660194,1
3730,0.4645154327395,0.24953763991534136,5.166005125998305,0
3731,0.5502813318385411,0.5118665613191441,2.5009931615375662,1
3732,0.4905525257291878,0.49273470189956375,2.448686691071695,1
3733,0.27901356187891985,0.5160638281557729,4.927570906249969,1
3734,0.3211167985907569,0.3231098968922992,5.086599290605964,1
3735,0.6330961282629156,0.3618614303914183,2.9372688009184063,1
3736,0.32231033632831346,0.3981347623004804,2.2894871746117413,1
3737,0.3663681393183828,0.3179836097014875,3.507794553430101,0
3738,0.366304176833264,0.3803945646641076,0.9469775888008253,1
3739,0.6995174395157376,0.41408768460647305,0.2941627315177461,0
3740,0.08227593977783805,0.8787731596253866,6.245782878377258,0
3741,0.5324964850953737,0.6868282485468739,1.6975824534555508,0
3742,0.4597223957729364,0.47563747986746174,1.9972042726878287,1
3743,0.6578225381718681,0.3664355279219959,4.944948850591295,0
3744,0.7206576667257903,0.46816113244548924,0.7958751272158519,1
3745,0.5538079146607037,0.6757770455456957,2.840915671292654,1
3746,0.42292268131227495,0.7090330350606338,2.537908512642598,0
3747,0.47256649036480874,0.5024986717491023,1.1961236405463442,1
3748,0.45693974560537043,0.2304730360987313,5.836304094751928,0
3749,0.35135944108383466,0.38603252659830434,3.893281277821857,0
3750,0.3585049777597324,0.44421598139227203,0.9111350684892412,1
3751,0.7075595154355256,0.4201205905887116,0.7793813322963263,1
3752,0.5651816901246097,0.44023296336633355,1.4069742015883553,1
3753,0.3732866743663676,0.4048619666717522,1.2522547409241762,1
3754,0.6007865316899127,0.5456964031917131,6.197130480406647,1
3755,0.2828810020464877,0.44717359072749624,5.463830857583303,1
3756,0.32199559213891704,0.4308772576139413,4.772709353786659,1
3757,0.5748305897809756,0.741745702442553,5.991771274818939,1
3758,0.7156993011593012,0.6317888324278812,0.5868249521856191,0
3759,0.3330225412059558,0.6755961184454643,1.9240058220587988,0
3760,0.7192617703399835,0.5968494540690457,5.077098636928448,1
3761,0.4230700749059465,0.42886610815736387,1.7938717543844755,1
3762,0.7186950706359151,0.42036091397870884,4.531788337553446,1
3763,0.5123994100023257,0.4851415079308051,3.3936408337967476,1
3764,0.4220870250941572,0.6981558599315735,2.6656156203388446,0
3765,0.36304135615169647,0.5144079702876944,4.283290670599458,1
3766,0.6879403326880904,0.4813951203219508,0.4744565345591153,1
3767,0.8521575000947959,0.06788822915709704,4.197077891776454,0
3768,0.6079950614699025,0.41689312412795193,0.7248785971575716,1
3769,0.6625436626283037,0.3285067123184504,4.325054023755009,1
3770,0.006950806740045655,0.14309415508057755,1.1607317179692038,0
3771,0.7013855072369425,0.5669390028705951,5.205803422952981,1
3772,0.7155003190052973,0.49270059011112155,0.9853218088192662,1
3773,0.6499595267127094,0.5901488048454754,0.32206677365202113,1
3774,0.47898841511816886,0.3361651690195405,1.7508084907794634,1
3775,0.4969721712033108,0.6244410093708599,0.44667966216823674,1
3776,0.6376018219230725,0.6687402779481391,0.49911796421176924,0
3777,0.13259720751241244,0.9557138079462951,4.391583427161047,0
3778,0.4225103030015479,0.6960586709115418,2.6058154482850657,0
3779,0.28253779574305493,0.6024923702672281,0.8084115760143643,1
3780,0.6688209106161012,0.544497918944071,1.2561387677823999,1
3781,0.6705702339863271,0.5115388019649756,1.0537459477070306,1
3782,0.32590232272383696,0.6000741580437539,3.677491613317094,1
3783,0.5569268082445666,0.2924468725697545,3.942636004575821,1
3784,0.9632387938628186,0.9057047110736689,0.594496006425008,0
3785,0.46605943209190953,0.30371034258638296,1.4268269665527744,1
3786,0.6591637710761251,0.6977424691597862,6.192859869681332,0
3787,0.464741328907953,0.24807818127470868,3.480939691656606,0
3788,0.42908753408656386,0.3473401018728203,5.539941196783768,1
3789,0.713269005302901,0.5902717606782965,0.6160299741984754,0
3790,0.33472026207377625,0.5882815381207328,5.492506273927888,1
3791,0.38470571869508213,0.31455403295326667,5.038970575691125,1
3792,0.2848254885095096,0.490447495817626,0.19218323130955198,1
3793,0.45317819828559774,0.26543998403381874,4.308365934835474,0
3794,0.5857822284271669,0.7106061269943101,0.7095930236208378,0
3795,0.6612537056266659,0.4740036728026603,1.7978940115615996,1
3796,0.265184399081159,0.4728005627196202,1.5757327946029556,1
3797,0.4641743831893776,0.6340629908482177,4.501973259031463,1
3798,0.363457748517556,0.68295593514517,2.5752795737507252,0
3799,0.5757189824493496,0.3333197406404036,3.841609781668609,1
3800,0.317655260170621,0.33419888308166573,4.614092932703852,0
3801,0.46213317875334703,0.6688737171690422,1.9279962568613436,0
3802,0.5191052671640236,0.7094800086348734,1.2778534152821268,0
3803,0.6049425771346374,0.49112615590155906,4.0772295148275814,1
3804,0.48690136416522906,0.44123271249896284,6.051547847391546,1
3805,0.5579627085100297,0.29111003631538984,4.479927055158011,0
3806,0.6484638975946435,0.40953684194514106,5.315096814001314,1
3807,0.47404602084886227,0.2591423745659566,4.220650648151714,0
3808,0.46059546289323217,0.2890092962348386,3.9088767888150855,1
3809,0.600012708846094,0.6858114560781222,1.3591509968816258,1
3810,0.6287637494723004,0.3135150810700086,5.907508531509656,0
3811,0.42473720366061907,0.7092668805806088,2.1122708507192014,0
3812,0.6036674516993916,0.41350412029980294,2.689113883154295,1
3813,0.39701248989245286,0.2807881973608174,5.106449502151372,0
3814,0.3941719413282689,0.6830093741077828,3.7411969017691606,1
3815,0.626860677418483,0.6085953443245069,1.1481240784730575,1
3816,0.41018273627106844,0.4729026313356004,2.494891847480564,1
3817,0.5111814772264831,0.33272738832462756,0.5017582853747352,1
3818,0.6347558993441679,0.2914111788402524,1.1526454996313318,1
3819,0.6204830908934467,0.5702034311414176,0.23529842832629527,1
3820,0.5187523469046124,0.4077709661772867,5.02502570691801,1
3821,0.7385929868550557,0.6243542061269515,2.284564871756686,1
3822,0.3982095184260777,0.3522078639338801,1.7668173234780225,1
3823,0.22760290975285238,0.4586314787491707,4.572858897874983,0
3824,0.5724338503338834,0.5668756450571282,1.0045692630774166,1
3825,0.5075537639614673,0.4824212317293134,0.26569409466970617,1
3826,0.6976029627509993,0.34697374161148975,4.055605893131919,1
3827,0.4269657304328492,0.3409046259651669,3.361483998744111,1
3828,0.5321550690112656,0.7263014767226549,6.165835054121285,1
3829,0.3862303723133566,0.3616252344566116,2.582995771157785,1
3830,0.5465549061233598,0.6212073951025158,4.339885577447318,1
3831,0.5167589780688153,0.39412505897400274,3.8383247358014074,1
3832,0.5158707616139665,0.3405522634443764,0.08831020955578966,1
3833,0.3694037763529378,0.39872418719504915,5.719593283801783,1
3834,0.7222462953386751,0.5243026853215752,5.444351012100775,1
3835,0.626392012547119,0.4478316278633607,1.4620750782558485,1
3836,0.4754474585404783,0.5397043826073127,2.491600038216639,1
3837,0.6268683642930455,0.5002327678747945,6.106130017713205,1
3838,0.45193664015624274,0.6042517695179929,0.9906081742160793,1
3839,0.6935905206986243,0.3430277508346047,4.619716188448445,0
3840,0.5941581456954729,0.4188163891039223,3.6981805335087476,1
3841,0.28424111021539367,0.5428793353166413,2.1101063384135794,0
3842,0.3623666258293698,0.30554582710939815,3.3850177555815604,0
3843,0.31204089863744955,0.5883707618608298,3.183424253428401,0
3844,0.5919797356142268,0.5998824607708344,3.8522910034048885,1
3845,0.42912041731845424,0.6759477737544495,3.3411573655040274,1
3846,0.7045556175096941,0.5513313250537878,2.6897017448302982,1
3847,0.7086661941723021,0.38413411187684393,5.9705736055163126,0
3848,0.7274838752734197,0.3931212566296737,4.969546594154643,0
3849,0.4675479534177003,0.5937422855828912,1.3429683424170298,1
3850,0.3526770810604972,0.539913993617086,5.130952980844606,1
3851,0.5962275434448246,0.44247401544215204,3.412750224141765,1
3852,0.5369112878067258,0.396856629843627,0.13615536100248882,1
3853,0.4313797289352145,0.48861555419069425,1.4528904749996232,1
3854,0.3030376553535458,0.6368275127757295,0.2820442705548143,1
3855,0.6167844006197948,0.6760466996837702,2.2382235662238372,1
3856,0.6619061287339363,0.4163943625614037,5.340005989951741,1
3857,0.17733391314789954,0.9195686785155267,1.4666754480506623,0
3858,0.7205900655920192,0.42235856497291474,1.19730347827772,1
3859,0.33605392511886456,0.4503770087064513,2.5868300875956876,1
3860,0.7152879514461863,0.5297664946599158,0.16907527246157433,0
3861,0.3804006607767883,0.3735827723533571,0.4688693049951386,1
3862,0.7071381972345985,0.550222979157412,2.5188378329754317,1
3863,0.7191001262084095,0.3939959860900801,1.409060387958648,1
3864,0.5018774752446833,0.6094222171355202,4.4072022146127425,1
3865,0.7526593462674958,0.5228153148101954,4.235604297932984,1
3866,0.7462128576469145,0.48100727580954744,6.2524562380003905,0
3867,0.29034160254552993,0.43976860331974615,4.334528828916659,1
3868,0.5682283281431839,0.429084514209806,2.7522037528225867,1
3869,0.7208635231137229,0.4261945067363881,0.04684626425146465,0
3870,0.4560210244137571,0.7080093089948297,1.3923738207156902,0
3871,0.6943581933257221,0.3455227663902698,5.294290533779351,0
3872,0.43485275227313847,0.261248857419268,5.016989658550123,0
3873,0.3454547402115932,0.6452655503967779,0.3886078934872701,1
3874,0.6540476496614092,0.4980582009523288,3.172479931561296,1
3875,0.5439471885036834,0.5736456106250111,0.40198765120017804,1
3876,0.5234941031110653,0.7246872267454963,0.8168602476688563,0
3877,0.3917727050073596,0.6383973379047948,1.7044557991400175,1
3878,0.5593114909820108,0.7077522202751355,0.46950588841922,0
3879,0.02812359123369249,0.9699005669959766,4.431926540241019,0
3880,0.4284371824416775,0.2696764949173031,6.013599875487272,1
3881,0.6235028925375536,0.6937661527519453,0.005616793386418045,0
3882,0.7372188986235184,0.4922742956736123,0.7538422975375405,1
3883,0.2913287718650156,0.5699496561909424,1.1588421403595035,1
3884,0.5398037428747555,0.4623983719517414,1.0702854153541317,1
3885,0.26134109702589997,0.4640827597820481,3.9656312070721196,0
3886,0.6320246379711727,0.653517860522577,1.7939977166098233,1
3887,0.7162413936483646,0.5603913335972623,3.940677648915702,1
3888,0.466761740619703,0.2795597852747113,1.3433501456908366,1
3889,0.3531681126813635,0.6740384995217058,2.6556429975662934,0
3890,0.32951058390703175,0.31692133886303236,2.23074408899978,1
3891,0.4707069671209007,0.6638663602533358,2.5967543459111,1
3892,0.2769655325785695,0.5871996926633668,3.0863164352945844,0
3893,0.4715380947426353,0.6848713812892971,2.333359192651984,0
3894,0.1374782591072506,0.9785249319871242,1.1611290119952653,0
3895,0.6417521594637279,0.3578645751197281,0.2510122591314141,1
3896,0.9363721915087223,0.008714076919652241,5.737870161045784,0
3897,0.4114035307214758,0.42293396142204176,1.7742691586552093,1
3898,0.5739878144683465,0.5300499150859058,0.8739782121121006,1
3899,0.638897457318965,0.6178054588834188,0.8306787737888872,0
3900,0.5777383692553488,0.6572298721090369,0.8320786180728674,1
3901,0.32185807243012604,0.4072638877230551,6.254731969599865,1
3902,0.16394324622590475,0.06858698134649643,2.7945780705870193,0
3903,0.4970988139979997,0.42752014077897904,4.450570170816662,1
3904,0.731128488794993,0.5044286341839411,0.9796313058364426,1
3905,0.2796741145353029,0.3934743276836123,4.112251622223438,0
3906,0.30914122193552834,0.4255995018486392,3.688870264982947,0
3907,0.3717626617525659,0.699442505328994,1.8542698787607752,0
3908,0.5231126063639974,0.5532490207919633,1.9108890866015387,1
3909,0.5243089574948405,0.5612462042039528,4.500412367508658,1
3910,0.47476884864761615,0.3638237499918753,5.137214205690438,1
3911,0.6274609914486379,0.4387243841406311,2.810953276100684,1
3912,0.3859680899808594,0.5258824087703525,3.1182446602605727,1
3913,0.5373710971179152,0.6419301199967229,5.694440293391972,1
3914,0.5385102704459901,0.7059356826200363,3.8258181183440843,1
3915,0.5232998452114288,0.731498340492202,0.5576781002085041,1
3916,0.4709017852341622,0.2596448417847056,3.2516624521576425,1
3917,0.5472234432111301,0.4387314473569084,5.419835807305092,1
3918,0.6439228680086276,0.537677521784721,0.2307910677693291,1
3919,0.7100369775534433,0.5463834849621184,5.549844383946712,1
3920,0.4035395574913082,0.3081592892758209,3.9646377865744515,0
3921,0.26784295884480286,0.4079029571345039,2.384783103508721,0
3922,0.73992945359634,0.4545163171312376,6.1097523011326755,0
3923,0.46460381170738774,0.7056493042696621,0.976809343416807,1
3924,0.07229326912064778,0.04595039242779773,2.151350497464878,0
3925,0.39669322332693396,0.6756022097006613,4.928370093919297,1
3926,0.47178786313020743,0.29662533190341017,2.6569629151660172,1
3927,0.5431878587181657,0.732130712853178,5.554791115385782,1
3928,0.6479645439068652,0.372313618898896,4.922531649764922,0
3929,0.7114048878068872,0.41898072643367257,4.343550568114112,1
3930,0.27173354928504445,0.5617411103962278,1.1869708535454837,1
3931,0.4124672467082984,0.5565528030966546,4.52433620108879,1
3932,0.42769848309161795,0.526958188954249,3.3367086376148665,1
3933,0.7347090086398786,0.5632996829702411,5.9462418703219635,0
3934,0.7030099766603645,0.3395159574546987,1.1319644886062785,1
3935,0.285874861551301,0.5097106324131873,1.741077155845131,1
3936,0.5407486429585381,0.4495909409740049,0.651231449316102,1
3937,0.5192431960071389,0.7244277658829608,2.0935352877980837,0
3938,0.43945870950188015,0.25082835193164404,4.363637516075127,0
3939,0.628458974299381,0.48811406441860417,2.2367452566901314,1
3940,0.3664993925768272,0.5448150881498391,0.9570638025785552,1
3941,0.7409722144539275,0.5312871648025121,5.946805044981455,0
3942,0.6535537462632373,0.3571726391870197,5.971289714708888,0
3943,0.5233316173561671,0.7303527085069843,1.2371741187053225,0
3944,0.67189735326941,0.4838445391008978,4.201205528193355,1
3945,0.3113077996599909,0.6500715439306447,4.054220749889463,1
3946,0.6288089923026711,0.6713737637266349,2.0854023224852107,1
3947,0.41832947623865463,0.26458943051696815,5.127889193426577,0
3948,0.5690173317997311,0.3305996051592348,2.7596623624062553,1
3949,0.52368642678702,0.644868096611502,5.1120959055293715,1
3950,0.596407490571301,0.5544224910761513,3.302563002410628,1
3951,0.523690597497174,0.7318308543735065,1.9794000431841945,0
3952,0.36421098596125895,0.3875247106276255,4.40021021836367,1
3953,0.3850010005630944,0.7244190931676567,1.2989841587347157,0
3954,0.7255171123064966,0.6186905043878249,6.274481172277327,0
3955,0.5379969600394303,0.26520404151679794,3.5840120838085947,1
3956,0.7317882955916094,0.5472870953054985,1.6222838965868207,1
3957,0.2735184028535216,0.4285570506343545,1.5112148427033127,1
3958,0.29581436754638857,0.5300826407538577,4.322973908013943,1
3959,0.42359821708555606,0.5144925743993678,5.716502649890323,1
3960,0.3818132598127473,0.4553784191026704,0.22797846847438413,1
3961,0.489394571799008,0.6990244371546178,2.164776769041804,0
3962,0.29756829219751757,0.4854167746114739,3.608246683525826,0
3963,0.40255195981888414,0.3146636165468192,5.320042517010866,1
3964,0.4751374452531468,0.5022217831693888,5.152410015252091,1
3965,0.4715483940936135,0.4860425302146757,0.02521254422309749,1
3966,0.37131503640762586,0.6693379313950057,3.0180649692378827,0
3967,0.42244490647548794,0.44372530191388565,2.3556408090639835,1
3968,0.24340767869114677,0.46836508404018373,1.8408107112910599,1
3969,0.6047546458816729,0.46261965519741455,1.0557256085305222,1
3970,0.7265936818577152,0.4923121507668591,1.4971069464956586,1
3971,0.5068357530735905,0.5302523338722824,5.698838675925881,1
3972,0.43495861291291654,0.4233091843832313,5.5773024158658915,1
3973,0.6326052091652504,0.6249283296765109,4.101609984734465,1
3974,0.5146537826524217,0.7264147125908516,2.7849163828967143,1
3975,0.5710343768485661,0.2870261421000126,5.806073787621408,0
3976,0.5694385751722962,0.3079381724201093,4.699374716511839,0
3977,0.4814972118572982,0.7134966818691565,1.3051376338185698,0
3978,0.4045908131126837,0.6683457922863016,2.4927190087581574,1
3979,0.47760300865044114,0.5149291299281622,3.2152531240873112,1
3980,0.4235312389480519,0.5272606492976432,5.422053252519243,1
3981,0.569290677371654,0.5202199772764073,3.6888172120426566,1
3982,0.3007739196493163,0.6589721089426974,2.8710830606682456,0
3983,0.7330807146811222,0.5071865886340455,4.350270615038464,1
3984,0.2625312710901403,0.5751593083488179,2.796070126192925,0
3985,0.7045632736591549,0.5520933312725703,4.4938941569815,1
3986,0.38992054339196025,0.36142381633412207,1.8016816167771965,1
3987,0.28956399764855034,0.5833204777617448,2.1796495982478263,0
3988,0.4496722906949201,0.23540233052678905,5.904801693668633,1
3989,0.4399020692665703,0.38441700256680944,0.5039135920116833,1
3990,0.7094885647817981,0.46366851316920954,5.939465148945072,0
3991,0.4182696380011947,0.7006748955936329,1.2444197199716251,0
3992,0.9735627078228363,0.893233384061651,3.4802682491603956,0
3993,0.7186251062721808,0.40582153573043156,5.939399240380765,0
3994,0.37339238017319837,0.37224461469036074,0.25770579134985694,1
3995,0.4202369730702386,0.34824254129921284,5.584705869199917,1
3996,0.7056119113285145,0.5798808006849616,0.2727697728862592,0
3997,0.5430111072054741,0.7236640342317081,1.8349765684746475,0
3998,0.7052909108145067,0.4970202696765758,0.5797269099412967,1
3999,0.7586764713998065,0.5371518948503344,5.071944547502161,1
4000,0.5595163847375587,0.584573630273112,0.07051190261840744,1
4001,0.44670618065159545,0.7082096846532678,2.1133570312790124,0
4002,0.4565245796474448,0.3742561698029193,0.2935008578326031,1
4003,0.29908738935056606,0.5894207782435534,1.823046112819488,1
4004,0.41649757114957187,0.29835412355330726,3.017000314761934,1
4005,0.5817511338236954,0.25690737540858977,3.503796165987118,1
4006,0.48414323566846523,0.26227879453525826,4.9295141768199935,0
4007,0.537333054570291,0.27130716977361485,5.451071449315301,0
4008,0.5728604681189762,0.6158951438508243,1.6078858261651823,1
4009,0.6134890768837182,0.3836423150521979,0.38135255065199025,1
4010,0.5701940848095931,0.5705535118306766,2.571644117989277,1
4011,0.2984112830718202,0.338052317192513,6.198347119921935,1
4012,0.0207043392875024,0.09683343516518327,6.236262372411076,0
4013,0.43314493454474956,0.6666661949447458,1.4125197859027319,0
4014,0.6579956178352788,0.47903346620932014,3.8998529865944285,1
4015,0.4593475012295459,0.6787180462774312,1.3579584674302818,0
4016,0.45563835102143213,0.5786754881785428,0.4888584551612955,1
4017,0.4599243174134811,0.36968979389204454,3.6599242421295846,1
4018,0.4217232321244644,0.6760027851765152,6.118698933105667,1
4019,0.6144014804533495,0.6718199236790725,2.129973879773668,1
4020,0.5619013132718104,0.31824670240232267,4.7619211648781015,0
4021,0.6128012639039736,0.5501708739413075,4.1215362208626,1
4022,0.5709768135734689,0.6080088298990172,0.3734772349815407,1
4023,0.4469461391079857,0.6332867575489618,3.490672190280162,1
4024,0.5921324753741436,0.3069403896187259,2.528162241926722,1
4025,0.6080605814310462,0.2968751361324376,0.5208125993569791,1
4026,0.33795963592979145,0.692747770940635,3.356545232752654,0
4027,0.3773197811684593,0.3037662123676498,4.103383973554028,0
4028,0.47647796162427125,0.38077384315618557,3.852572516654563,1
4029,0.7212797591300965,0.443245752774582,5.058977171878475,1
4030,0.2599508758384958,0.501353138473781,1.7013504000518709,1
4031,0.36509305001019593,0.2806494099146608,3.5480600430411227,0
4032,0.9369411463387105,0.9769391349409969,1.1518183918443543,0
4033,0.6277635816154654,0.5871891142472359,5.1696347778374445,1
4034,0.5863505590104232,0.5608965208527728,2.190254923374575,1
4035,0.43621240062090155,0.3926373707955885,4.792951686324416,1
4036,0.4040731921020839,0.6676542650221556,0.8457287714882828,1
4037,0.3825136642296635,0.6783731020350424,3.1983689240814543,1
4038,0.7014393032197487,0.42479858092599593,3.2047228558578866,1
4039,0.39879312204577383,0.6300358848925648,2.1604696426809435,0
4040,0.5138301740526751,0.7079449672728241,1.9883470945929818,0
4041,0.6513621875834793,0.6629905591249114,3.9671328824770202,1
4042,0.4454347555738849,0.6150532453213952,5.24841201303607,1
4043,0.39260180627981073,0.2876514411919794,2.4521736953716835,1
4044,0.47778177239738795,0.4537238853751579,2.43260944529924,1
4045,0.9168786405827014,0.07956413113287909,4.797982505622605,0
4046,0.2871587756526157,0.5622190251565464,1.3200251647046077,1
4047,0.4944272185552436,0.3226725360030234,0.6301916807355697,1
4048,0.4847573515853848,0.4942504701983393,1.3057893754335028,1
4049,0.6621775871311637,0.46924988937214135,3.083665027625422,1
4050,0.2504000183925384,0.43488778184959553,2.687415075915955,0
4051,0.42298102603555654,0.33365761148339096,1.766252286541879,1
4052,0.009016102588746574,0.9039317884803949,2.3701954161476393,0
4053,0.6660590266731101,0.5188419208877211,4.171897734845388,1
4054,0.5279834472302669,0.6474895505241394,1.7687209813735227,1
4055,0.4928661908738106,0.48463407213545223,0.21354186438257824,1
4056,0.3710598727178469,0.39658230261913646,4.116062900721962,1
4057,0.4879224693333514,0.6845653365768907,2.7494118778428605,1
4058,0.6158931956896987,0.6959248559778304,5.26222559978163,1
4059,0.4994844310955494,0.3720365121457028,5.935988488312721,1
4060,0.29245361637576,0.5392884333370245,1.1304054386611746,1
4061,0.3812227051578365,0.6112484959239174,0.2070267992524229,1
4062,0.4818678165103284,0.43475346363531975,5.616667986486584,1
4063,0.31409715535628846,0.3862974353102684,2.0599508667223354,1
4064,0.7252080974295742,0.5364790628542039,1.6186132022857702,1
4065,0.5171121342924437,0.36177052539466026,3.375555179187299,1
4066,0.7285390993868246,0.4657296103523325,1.0918359842147192,1
4067,0.5673594231712734,0.281549771439391,0.22875400225036177,1
4068,0.4897131851198751,0.41577957927489995,2.5170397012438395,1
4069,0.39816014702142816,0.4126380213905342,5.036395862527367,1
4070,0.5065143392913543,0.6761234191459988,5.080678740508256,1
4071,0.4628200231380248,0.6646999456407819,0.37138665703490253,1
4072,0.6875835681090299,0.5733286000927768,0.10086354325286351,0
4073,0.3445870659505545,0.5067294301088304,4.114972085482804,1
4074,0.3966464840721469,0.6269401874332107,4.108136577275477,1
4075,0.6413487778307494,0.5004208945625528,0.8495893190478414,1
4076,0.34622305678104504,0.6529362926878316,2.586457135745049,0
4077,0.533502493117889,0.6605475455413177,4.09614344655721,1
4078,0.5324586608230929,0.2679594212775686,4.815704755982047,0
4079,0.683831381069931,0.3284209493762733,4.851022126261038,0
4080,0.7473004916062035,0.36604260029697683,5.011984796659144,0
4081,0.5584486234603728,0.47573143271112717,5.371897035017541,1
4082,0.6960234712908623,0.45507703812101624,3.850591944144821,1
4083,0.6165528066744714,0.684154442521576,1.1954338372111502,0
4084,0.45875698198273324,0.5745955364611574,2.5105534367245803,1
4085,0.4423546706896577,0.3480904302525906,5.157181037092382,1
4086,0.298465826945906,0.4424595573879912,3.29741216864808,0
4087,0.5396003221183748,0.7116098431297976,1.5153239131785772,0
4088,0.8399837422418037,0.0204537129747789,0.861570687450622,0
4089,0.6223300540333124,0.2684985460630257,4.132697011971353,0
4090,0.5027658106943176,0.28986592478900003,0.7651759697718177,1
4091,0.4762347730466839,0.6546393963260277,1.3406120942640662,1
4092,0.7085466660914876,0.5843153297766227,1.590435661934144,1
4093,0.6798055467767576,0.35181626633914215,0.16992817609405486,0
4094,0.3063108131840562,0.3405903134507799,3.631918807488284,0
4095,0.34067585677224205,0.5533951169003944,3.299954698229567,1
4096,0.9009757089721373,0.8738356225622346,4.040237994076589,0
4097,0.7109494990812745,0.366921971867441,0.9991795407457122,1
4098,0.6401814103916393,0.38291358208753534,6.065258975126893,1
4099,0.5329534564626298,0.7100882305735691,2.064234796601187,0
4100,0.4244661200371383,0.37390066474952427,1.1102799416825697,1
4101,0.2639139647922842,0.5164960963885449,3.888844190047866,0
4102,0.7239762052353852,0.5385748689519514,6.182423262982827,0
4103,0.33467410410674603,0.5867455457994216,3.9668833027870622,1
4104,0.703822231733173,0.4211672071064901,3.0996172667030173,1
4105,0.5798320022779313,0.5239591709811704,1.1159903933487005,1
4106,0.46918917182095465,0.26776118615315886,3.7592987969293956,0
4107,0.5368280351232227,0.24852703819795016,0.4310816377870645,1
4108,0.4858633595651842,0.5090699316737853,4.674476232056013,1
4109,0.468611751859154,0.4271339694910863,3.505231988925191,1
4110,0.6586763714990109,0.4327701468749316,4.067895373352536,1
4111,0.381961276559954,0.6949352808557275,1.781384784741761,0
4112,0.7077245764160168,0.4907843128408356,0.16849557193653145,0
4113,0.03697075177600144,0.8838032832803622,1.2547654581981673,0
4114,0.6963168036738541,0.4640498513109779,1.4044770423947506,1
4115,0.4565909560040093,0.2881701242077001,4.058406926394276,0
4116,0.5729505271854154,0.683448073975369,4.378003814348175,1
4117,0.6676489174722828,0.44447418503079733,2.3184801739253205,1
4118,0.6362471489510029,0.3412683153318376,1.1017666048186177,1
4119,0.5135634508308606,0.47040738068648413,4.269561173735619,1
4120,0.26952140078623915,0.538743298198567,2.5847063587890613,0
4121,0.37706893702633365,0.2865606761188006,4.940810960276108,0
4122,0.6576634263260054,0.30708924531618564,0.5120207359654843,1
4123,0.49823887113898757,0.4151084573323588,0.2557443729123209,1
4124,0.4829482427798559,0.5322004195128539,3.3912486068134617,1
4125,0.5823525686165771,0.6517134035651776,1.97096932203732,1
4126,0.5004868770954645,0.761182422606133,2.1855649050904136,0
4127,0.32993786204689535,0.34538752100104797,5.074030738152853,1
4128,0.6938606951273124,0.3982753396853381,0.7192218838788841,1
4129,0.40463798499037046,0.632773215824156,1.6263610824423513,1
4130,0.38293338494608603,0.496426593807939,5.7761180094069875,1
4131,0.5981732836255073,0.5056156708335083,3.2085842243526588,1
4132,0.9303921309353946,0.05028567559087297,1.3070824795114762,0
4133,0.26462702156192786,0.5814436042009703,3.122498763035894,0
4134,0.44827784763602796,0.2349133930966943,3.2770614392162773,0
4135,0.310147725310533,0.639716549125158,1.5189685400642696,0
4136,0.8413641793044628,0.03647008035406849,5.463799005952049,0
4137,0.5538608858041498,0.5198343116237643,2.432761840155644,1
4138,0.44939243480533253,0.6114718931540621,5.728086728897841,1
4139,0.49061333086886216,0.6533498969479221,3.105083463429995,1
4140,0.3824724061020691,0.32805048721511526,5.593733767917919,1
4141,0.47300461778608605,0.7101664638882134,0.8231627566326976,1
4142,0.7128598144100052,0.6017755910261903,0.9681590712979962,0
4143,0.6843326716682059,0.34914120706927765,0.008302906793399067,0
4144,0.46491739551039407,0.5419085086454801,3.891185498329941,1
4145,0.46171064722383126,0.43038662269437283,1.3689299678010949,1
4146,0.7258809827388979,0.4361991331458467,4.686610095479797,1
4147,0.28111344969519375,0.47850938640968316,4.222644928035965,1
4148,0.5602497224164578,0.4309402935777755,0.6448910109746342,1
4149,0.3947902998102977,0.6900358330082683,3.8457549357703007,1
4150,0.5931849557544242,0.6648123564550742,1.5585432685611647,0
4151,0.48869698903840364,0.4314058870575839,1.2341894164010867,1
4152,0.5535262716687904,0.43545473929462714,3.8873221077924796,1
4153,0.4557084702755731,0.46950035722189015,3.190811941255711,1
4154,0.43941078462707445,0.6723162096639396,2.4034511589676537,0
4155,0.05893062912644517,0.9394235278283735,5.977467411311206,0
4156,0.043445089547971376,0.902228257443619,2.5346875071288033,0
4157,0.5152581956168427,0.6922740297111537,0.5648828674739099,1
4158,0.33583096294816533,0.3405128257162734,2.3540686167310785,1
4159,0.3479620448990021,0.6727266346105191,1.3447183275811707,0
4160,0.9117362548436603,0.9707827171635252,2.5728853765365685,0
4161,0.38462194414458134,0.31211820153548336,6.065254332281409,1
4162,0.31163719285886593,0.5318119040205604,1.8817492281801538,1
4163,0.27733916932648567,0.5601257394704434,2.6889031843915565,0
4164,0.46769461149759145,0.6232628270244819,1.7264637081235534,1
4165,0.34006203024995885,0.41160048670525523,0.4524865362112367,1
4166,0.72449272084435,0.6319655082683492,0.6487984101900748,0
4167,0.5382675240628492,0.5087184535380869,3.887826757709372,1
4168,0.31412786455340713,0.34387660218948174,4.53630272021672,0
4169,0.2893467104921293,0.40587582218643636,2.7406006790211044,0
4170,0.6059486877182608,0.6253347617846466,0.9334133712510735,1
4171,0.5675487092619863,0.7408681922759187,0.2814095634055707,0
4172,0.6053854700945835,0.31142129223219206,5.913879661127917,0
4173,0.602342225916155,0.5741847728478606,4.381212007404327,1
4174,0.5280867110714924,0.5758988926595368,4.8726862080712525,1
4175,0.3249577755691922,0.432007945994249,5.0292716091961625,1
4176,0.28708278647589813,0.5719350208108598,0.8428572766882817,1
4177,0.30684430296141807,0.6135575796725341,4.8487420804351355,1
4178,0.30392804122821243,0.5624566828200024,1.9493852389713757,1
4179,0.5904305401235785,0.3497942662684147,0.26362487953897734,1
4180,0.8536940999020578,0.9589214957747767,1.149552201493665,0
4181,0.4375927785512777,0.5388107859296428,1.0336512925858012,1
4182,0.5458613136686497,0.5747831232321982,4.5013513498739,1
4183,0.6754198131885756,0.44748707785595176,3.7140493721024272,1
4184,0.7528934246169472,0.5315439204283031,1.1712350302186292,0
4185,0.629153554501373,0.3381824996180918,5.417711327311293,0
4186,0.317080660423706,0.44979866879908287,6.102413674940899,1
4187,0.27541664179120157,0.43439704990926103,5.152838585160463,1
4188,0.3894342322115077,0.4044126640328016,5.087616147007776,1
4189,0.5040330810384773,0.31797735255283277,3.1142490800170983,1
4190,0.4734999720149447,0.7080102349588645,3.181350723347104,1
4191,0.38802164552576773,0.30436202071553015,4.327552566261679,0
4192,0.4415404867892831,0.4097809680702437,0.6467955648688796,1
4193,0.530549165450266,0.666258446343933,5.457801958102188,1
4194,0.4563529859541543,0.3567929320941364,1.4592082523642242,1
4195,0.6663216961321886,0.4155855836827342,0.07382293435395851,1
4196,0.6807528107446531,0.683022976356139,1.5045897816049036,0
4197,0.49864238443172243,0.4255973119744142,1.018290026789901,1
4198,0.6508156703228385,0.3048448320911637,4.567297366737208,0
4199,0.7236023610562318,0.6003412284581534,0.2774808382231711,0
4200,0.5978922257976924,0.6240772103792881,3.0559861387622704,1
4201,0.6842282245323156,0.548205904156994,2.9648147269322136,1
4202,0.5323764867408646,0.6792570627566635,6.067680399114608,1
4203,0.33906005508040227,0.639408549180527,2.7982075021530943,0
4204,0.7099146601786356,0.44844039827061555,6.204130562160724,0
4205,0.4506407196268075,0.33800026226026686,3.5076283487197424,1
4206,0.8130448435735782,0.972600189304205,6.08828987276486,0
4207,0.5083537548820115,0.711731678628418,2.864724969337993,1
4208,0.42141590637131476,0.6629387838748535,2.12676751349849,0
4209,0.4642965703989432,0.6983106314607378,2.2754539277966956,0
4210,0.48581951552475316,0.25919642412284777,3.539626077485274,1
4211,0.586476154674311,0.574082644296282,2.3077744837601952,1
4212,0.6718131761505668,0.5359733861061122,2.5098779909253675,1
4213,0.7531927010938493,0.44873196927013026,2.9075878023269413,1
4214,0.5985382670091683,0.7358881327505357,0.3061367171480329,0
4215,0.6617056831429481,0.554974828699919,5.793750148366382,1
4216,0.71147141347094,0.38027411844249487,4.634684450277734,0
4217,0.42284003674648535,0.39747874032254904,1.2767498482937378,1
4218,0.6590309158226284,0.35717353727331047,6.002229094343916,0
4219,0.6161782544583091,0.645573598269847,1.2145455996580836,0
4220,0.3654378896684098,0.6080860795890768,0.1524851890730748,1
4221,0.24846136550768436,0.583319298690896,2.502649530288667,0
4222,0.5476175728790322,0.5613244852485463,1.8475655202021515,1
4223,0.334797461743279,0.4676289339595991,1.280499075801803,1
4224,0.6348659956602646,0.6275890718818877,4.306509935561376,1
4225,0.7262251592565961,0.4827534938718377,6.075390416524143,0
4226,0.5746480756090414,0.5643658846825078,5.963270271027289,1
4227,0.7568873871519118,0.4613278446582076,0.13762010789915483,0
4228,0.7435618186155171,0.42503610276294734,0.1711239837093652,0
4229,0.8966890256146303,0.9938861126685437,3.1426089094348213,0
4230,0.5424625922012075,0.7430736893439368,3.2893740389897266,1
4231,0.4664389493795363,0.7116838981189858,0.7652355205587524,1
4232,0.2861839924072712,0.44022605195536474,3.2716056314568207,0
4233,0.39108493161987645,0.5463761945122496,5.104856465067639,1
4234,0.7367512048868391,0.6355337883294375,5.4596782791716665,0
4235,0.6190658685840225,0.6603068253707802,1.2641886183867805,0
4236,0.6333971518575103,0.44471858715420226,2.709802346709361,1
4237,0.6782833526509123,0.42102470556678656,1.838458021576477,1
4238,0.5172219088281039,0.40923929344294535,0.6564604756294526,1
4239,0.35039074967538203,0.6385402424127401,1.888770401529108,0
4240,0.3054177030889934,0.3936779437114018,3.1862978687800294,0
4241,0.30265753519420713,0.34561144512635666,2.024410458443773,1
4242,0.6346895368302158,0.3688043579342775,5.968452580112045,0
4243,0.6025913301390258,0.30638071852330384,0.07223235456085428,1
4244,0.9953778849427053,0.015134261536747887,0.19174157829254346,0
4245,0.6855180325426383,0.6718122874135305,1.7035752710313972,0
4246,0.4860731574678203,0.4642866392419658,4.634104179401005,1
4247,0.36143063161112715,0.30514476498074905,2.6475014655896687,1
4248,0.4712202702593829,0.6009817964791305,2.187350628339981,1
4249,0.6014579129437494,0.6996614362600586,0.04567750584937474,1
4250,0.7087769627033771,0.3968533334665005,1.348125979015862,1
4251,0.48915434581360967,0.41749021258912605,6.205361202058018,1
4252,0.3410585917531709,0.3708503514734544,1.622573934377455,1
4253,0.3205596410743019,0.6272434094851311,1.2654954754538694,1
4254,0.4567130080056081,0.32304587045317923,4.835961193797605,1
4255,0.4534743725132678,0.5047792836389082,3.491889821087889,1
4256,0.5641669054485687,0.4381659228536337,5.250162757402126,1
4257,0.6755334794168083,0.6298292921425596,0.06082008857355014,0
4258,0.6300348828564841,0.3375055236398981,5.27167704005872,0
4259,0.5317379395538587,0.2703918591385702,5.666016559677316,0
4260,0.6437290328988966,0.32714687269518217,6.182856863788208,0
4261,0.5237716259408388,0.5761415907544244,5.135310884136605,1
4262,0.6713164285364531,0.6206300070049054,5.452266963706075,1
4263,0.417855652220201,0.660620931763796,4.551726584845434,1
4264,0.5768241829439299,0.29451320339556925,4.555437947703272,0
4265,0.5346958315210996,0.5768109458573247,5.2159649741692276,1
4266,0.4906728024076904,0.2824212671054749,2.2392707534850667,1
4267,0.7083406917563918,0.359034895475601,0.06508074555502052,0
4268,0.5374182662254103,0.6494645896554156,3.039719678233296,1
4269,0.353859516455314,0.6791713256603661,3.1044914128386143,0
4270,0.4770039226687743,0.46844130945184836,1.443020199451531,1
4271,0.666720021537939,0.6171621171665886,1.259023303179764,0
4272,0.3790866333407306,0.44409379588734843,1.2645832863744086,1
4273,0.5149931474447129,0.5619082028386123,3.4185788175947716,1
4274,0.029240767210176617,0.9586631001010206,5.666371084301028,0
4275,0.4225958427164822,0.7208663002735827,2.8070398166469333,0
4276,0.017471951359133327,0.8771605136533486,1.368246513489207,0
4277,0.462780518346889,0.39556233816740716,3.780561652474757,1
4278,0.4333425539252935,0.41189507408067516,0.9935531859877552,1
4279,0.3239486592001985,0.6101689208358664,4.332745475396128,1
4280,0.3526019630166361,0.568928766605375,3.965354813217495,1
4281,0.13849255555848827,0.23445480497062815,3.7690434591358732,0
4282,0.39354539495039165,0.30735572576825915,3.9313539538122058,0
4283,0.47463866310737746,0.7083969223031437,2.243763361115094,0
4284,0.433654972245253,0.29128067235569,3.987360994436214,0
4285,0.3023006337555831,0.5200232490856083,2.379052215957804,0
4286,0.7118362071625373,0.49941134216848193,5.120517362855437,1
4287,0.5199378666029376,0.2581490613686678,5.336324655572636,0
4288,0.3648263004830418,0.5716089263419315,4.521465394897326,1
4289,0.6090720636909174,0.30571825654807866,5.940269033001313,0
4290,0.5640991834077336,0.6949857331390836,5.259239862905338,1
4291,0.4625851738571898,0.5000941443780303,3.066761424551739,1
4292,0.3218643513994756,0.5120565461442816,3.6097651933763695,1
4293,0.9464434818792364,0.0803783152634501,1.6376156662238492,0
4294,0.2543828091284982,0.44225749347924903,2.6237970546096623,0
4295,0.4405546751689166,0.3601967411261391,4.6134274185133295,1
4296,0.7000912648636783,0.6136216902698232,1.8087419154986464,1
4297,0.6683259517651816,0.32248607224050496,4.346954510952251,1
4298,0.665753149615018,0.5542265942516708,1.2790283317749922,1
4299,0.7403030383621504,0.39538396154779554,0.6604506287649675,0
4300,0.3496618835719057,0.6447506740559001,1.515031216705713,0
4301,0.28025814728462195,0.5406741122272891,3.9715602647547903,1
4302,0.45872318799421236,0.4662561586592789,1.8060069478967304,1
4303,0.29117875909650903,0.6353851383542796,2.0968832955866135,0
4304,0.25228984885587663,0.5331782821223247,3.934069618951116,0
4305,0.36500455786257224,0.5737163360431448,3.917694510027128,1
4306,0.632211196055579,0.40049887238475157,2.203248626729124,1
4307,0.5120996935528574,0.28823700272413744,4.55627152473627,0
4308,0.7256049686472158,0.5397633394273794,1.761407852844408,1
4309,0.36924880812023136,0.3876716469079744,5.7471487082335875,1
4310,0.3499772349493556,0.4458321971898452,4.042495292457676,1
4311,0.34559858858534026,0.47358850976663974,0.6202593596834466,1
4312,0.671541751342325,0.6281323481368926,2.6849283688438907,1
4313,0.5886807869250894,0.6924348903932813,0.33707413112723605,0
4314,0.39286693506808357,0.656307675671033,2.2525525717606625,0
4315,0.7551242901591555,0.4005463276110629,0.4784645566532373,0
4316,0.5060413143816983,0.4968718889070889,4.023606123320777,1
4317,0.5090653797752663,0.28065001125426564,4.482992467724346,0
4318,0.3017987949563169,0.30746034057688676,5.135518657967588,0
4319,0.47134644347402554,0.4526890124121471,1.8159312737469027,1
4320,0.3824945869315854,0.3840965334988549,5.093743748546154,1
4321,0.5804537811148185,0.31912582790029764,0.2642745921422114,1
4322,0.6273289761865679,0.33394981272107294,4.843096404868532,0
4323,0.723884389538705,0.4884126673271142,5.6819779893792,0
4324,0.539143604463373,0.42991458334840593,2.647536527871382,1
4325,0.5814384766118142,0.2984412540636295,4.302030328302858,0
4326,0.7227040748709708,0.5354016049431024,5.217671552962188,1
4327,0.3806849217496956,0.6712090794791172,0.9731077128171909,1
4328,0.29943156590966385,0.33691748860969434,2.5988351055350876,1
4329,0.1043253367068527,0.9354427904726327,0.19716780109089888,0
4330,0.3213491877534995,0.5952922731090493,4.7119219081148636,1
4331,0.43594461324018685,0.3439521465683654,5.738163066234287,1
4332,0.5074742996762431,0.6679204026211805,3.6435670777346996,1
4333,0.47196700511336587,0.31113524624574684,4.587486546448712,0
4334,0.9455684705764866,0.9786270727949473,5.481559002878997,0
4335,0.3381941260162916,0.4851064940453267,5.247677755590475,1
4336,0.2731927735751732,0.47971641227554557,2.3107380337542023,1
4337,0.6792206876399186,0.3684193065463867,5.740570487908679,0
4338,0.0899151294894608,0.07792933830055787,5.390229679118068,0
4339,0.32987282463983475,0.3454800898537952,2.4041571778195197,1
4340,0.6933387837710863,0.44859041400036326,5.640567675593581,0
4341,0.5328549730247549,0.7129837286055565,0.20923544216916867,1
4342,0.5576275440526224,0.34637087240854686,1.9144883526046979,1
4343,0.5571715359306068,0.2919335525644378,4.024282070199089,1
4344,0.4762519587001401,0.2763438066765992,5.682906949386496,1
4345,0.2694890465583262,0.4208342639998261,3.4711989952429416,0
4346,0.5988239738868104,0.670692600549469,6.138833807043896,1
4347,0.6628975226121769,0.44627007595548807,1.8299953535915479,1
4348,0.47523475439697305,0.36682608383292786,3.5720217591986003,1
4349,0.3000810755704698,0.3937061745319674,4.097218930117257,0
4350,0.6550047008006488,0.4005168124982363,4.414794201112248,1
4351,0.5352930026219237,0.40898539888575797,5.435700583576779,1
4352,0.5450764367877914,0.2562610438073674,0.16727682972693003,1
4353,0.6601667176601815,0.41220430993478824,5.921612323233564,0
4354,0.6024283057416951,0.6853121668669817,5.897015639711364,1
4355,0.690918585780134,0.6204995019761027,5.140740755287668,1
4356,0.3139445717427209,0.3510249287092764,4.119038455187649,0
4357,0.6985975473677969,0.44955072683523567,4.318554483087646,1
4358,0.6064595298055723,0.5861847242844872,5.389145468984699,1
4359,0.5558680582665162,0.3820274806850967,4.673554704074073,1
4360,0.6315882095032819,0.625005858816822,3.3590727476633617,1
4361,0.7303163987341341,0.6363624348516331,1.659379537723399,0
4362,0.657960327759647,0.6007069729046967,0.8716034707967886,1
4363,0.346673673626178,0.35725856495120617,2.9995853782617043,1
4364,0.7330272184388137,0.4198595905588658,5.239688495316412,0
4365,0.5550825447944456,0.295769069004424,4.737747506836155,0
4366,0.4535204008034116,0.46405265219225267,5.919828802183147,1
4367,0.4193132684566785,0.41054807589399084,4.990558126850428,1
4368,0.2631112909206268,0.545404399877636,3.7098266330170615,0
4369,0.5364365917993346,0.3977280535996624,4.883102278543439,1
4370,0.39935516304258634,0.35322156471874916,3.4787621525890744,1
4371,0.41040525687413415,0.30091793581765364,0.578296044837538,1
4372,0.4708983632172558,0.2944953716685383,4.869529862859745,0
4373,0.5607196977949709,0.5770042149000176,5.985935829514606,1
4374,0.7168355687012986,0.5194954387432336,5.873039203845911,1
4375,0.3350148579844962,0.41158487246093023,5.6079371365022554,1
4376,0.4431992978233066,0.5530355890275871,1.80198594509763,1
4377,0.6607850326986429,0.5899118960130417,4.222027394560019,1
4378,0.2974946337661642,0.4798218993921999,4.965353492452358,1
4379,0.34555545535096494,0.5896605761070973,3.7184494399388908,1
4380,0.6267354203949366,0.3586047371034258,5.921237880703588,0
4381,0.6217212047043036,0.4062380043424353,0.44783370885616647,1
4382,0.5486740300589987,0.5837937677975302,2.3903899509170805,1
4383,0.39880536661721006,0.2726601319804444,3.2399614689042586,1
4384,0.5198389031716277,0.2843856792012611,6.0128125806489585,1
4385,0.36208813733806683,0.6849049485873193,1.3328245960142109,0
4386,0.6373118845427345,0.30802733070810834,4.14994826007426,1
4387,0.29824681270707887,0.5246127273351446,3.9390274854297287,1
4388,0.43174144910918977,0.2764688619073257,6.188490400046673,1
4389,0.4089050032307569,0.6350364285092589,4.460091717408435,1
4390,0.39850100534919325,0.3063025271139097,3.9548660014036994,0
4391,0.562845308277164,0.3468921080041242,2.542652817971436,1
4392,0.40415138428527025,0.6696634213896082,0.6466501642588334,1
4393,0.36622456595297276,0.28881753672903826,2.804112978958621,1
4394,0.2653863805077586,0.4790425763051407,2.7361225863736327,0
4395,0.2967328941888638,0.4973091485669912,4.433901156750931,1
4396,0.3976841563849468,0.260010456203421,0.2416271132201733,1
4397,0.3857018580183467,0.32980384863349416,2.5007581554097666,1
4398,0.023026330244526466,0.09055588458026999,5.87161826099756,0
4399,0.5249570633857018,0.7120718074163537,4.2077480960199845,1
4400,0.30011445523669533,0.33535569884311095,2.4980915774018113,1
4401,0.6864043776122319,0.5273536994954762,4.303928667068954,1
4402,0.5635194313758018,0.449839155095889,1.3920297153152807,1
4403,0.32128397317948704,0.4911677252029434,3.220306646839077,1
4404,0.5505659598396638,0.5069742190550606,2.502485034903837,1
4405,0.34377700365936265,0.27690806531994816,5.084735207178089,0
4406,0.7066859290101466,0.42841213701591785,3.8300919882571076,1
4407,0.4779125637643567,0.28339981681925247,4.776386877742524,0
4408,0.5905578853719844,0.3515779356214787,4.113186189978475,1
4409,0.6156101235697232,0.6754148522178953,1.716195118837491,0
4410,0.6685131532577795,0.43865017692368047,1.6698529050235347,1
4411,0.38528795371264596,0.549307878825292,4.702473063466119,1
4412,0.32432742198169734,0.6549345436546944,1.0814313613569517,1
4413,0.7325520802750511,0.4838159207796171,5.006686545870189,1
4414,0.540246408916321,0.3316613478571459,4.915234451598641,0
4415,0.3823219922642242,0.4488753108063995,1.149297599302268,1
4416,0.274798291554737,0.5759204148203007,4.706742776232576,1
4417,0.4682971512359176,0.35057505209955975,3.684084221741502,1
4418,0.3990816949966321,0.6510531770922952,5.850261641843078,1
4419,0.2975656791318231,0.34008699163329276,3.3579441448775773,0
4420,0.5969465637459404,0.3274243197031889,5.582999092576656,0
4421,0.3333284721991893,0.4151782182615105,4.555381747085637,1
4422,0.26392635686461824,0.4788752053551171,2.2375430392749798,0
4423,0.6216880879124194,0.6472428055063012,0.8718818990816959,0
4424,0.4932874014134877,0.2423007291206855,5.399653111474189,0
4425,0.3292803721251915,0.3248581066195293,4.434687790262725,0
4426,0.6640091824302446,0.5640073272387454,1.2856582254104842,1
4427,0.4828418091013145,0.7227196857406691,1.0763227296753557,0
4428,0.38999791963505437,0.3860909213601147,5.224727511847108,1
4429,0.4451219062518174,0.4334343815731322,4.723765646243047,1
4430,0.6597777729540797,0.6703444721437142,2.9403457805542943,1
4431,0.685436534665566,0.3609895052953688,5.183314493970882,0
4432,0.7002548611896772,0.6160822393328539,4.252839245815896,1
4433,0.2697100606560836,0.4694601320988475,3.3922617220067273,0
4434,0.7012764791610901,0.39790251760128836,3.7221391849543144,1
4435,0.3025161301050657,0.6060945717615074,2.01810621619124,0
4436,0.31874294682887105,0.6479505340800215,1.9320566495962854,0
4437,0.717769863757402,0.5072847977571544,4.523175668926288,1
4438,0.5270601533224164,0.655216649234494,3.857804402879604,1
4439,0.5838341462193772,0.334474598337328,5.90362300423304,1
4440,0.26352877429536814,0.42294552809287034,4.38627472414108,0
4441,0.4573066281005909,0.41353299612916067,4.3709730288740705,1
4442,0.5720704092251087,0.6811717703863728,2.8658380694738095,1
4443,0.4911185318696703,0.6936137409736156,1.461166006668206,0
4444,0.6935683385196197,0.5632496882074111,0.16532204425169306,0
4445,0.5083200821214962,0.7320000001110339,6.132658450420097,1
4446,0.6056484596740567,0.6747085850113674,5.923708225068935,1
4447,0.5197270129837791,0.40544046732696953,5.321474400117236,1
4448,0.5200562023799207,0.6935263980077329,5.5074336552367384,1
4449,0.33011027493400413,0.6222368155715888,5.42062567489618,1
4450,0.5441114712595129,0.24697214841178486,3.7381064290492283,0
4451,0.531178243561423,0.5029773416559457,5.1637365826103805,1
4452,0.5900674693954938,0.49650058218597326,2.7512970723471715,1
4453,0.44318876901283333,0.25805719822380196,4.1715389689716575,0
4454,0.4327466190414934,0.4909719749146464,0.9556451096567653,1
4455,0.4642134454704461,0.42261115855115894,3.5799851497643562,1
4456,0.4774769235547799,0.6220930351753394,5.474583902271278,1
4457,0.41473583684263865,0.6651725011297602,6.241785877566515,1
4458,0.9510182225859298,0.8454486994981113,1.5292369254868987,0
4459,0.4116787926916167,0.3452001063897417,4.01611366907004,1
4460,0.5516589655732588,0.6026548663683721,1.3434327573384817,1
4461,0.29780508138554324,0.38958303243043924,3.9893363273758897,0
4462,0.7294067017296354,0.5039017393569262,0.6465580466707238,1
4463,0.4052496119932967,0.7306947528586784,0.36160966535329303,1
4464,0.5117376478679454,0.512526687186374,3.2490896893504733,1
4465,0.49272595918694634,0.2654137015489199,4.46167204455406,0
4466,0.33495631193298037,0.48280849496993455,5.411433885598979,1
4467,0.29922762450100027,0.47306009677080063,2.578637588141456,1
4468,0.39406638900587887,0.27156715786054236,3.497266492058623,0
4469,0.669871713478558,0.5338873713774663,5.505215825368357,1
4470,0.6498189270766759,0.3227374047348405,4.846272650902803,0
4471,0.6749991008322513,0.37986639551137164,0.999390896607713,1
4472,0.7045273207215499,0.3433625880325697,3.673903316658476,1
4473,0.46025862723860417,0.4643904060930395,5.913781692632333,1
4474,0.554046260135139,0.5883371300883802,4.5462912335290175,1
4475,0.6604618348984701,0.43942426926365813,1.5149359636882054,1
4476,0.45097004779746414,0.5076076451535203,3.157151575296549,1
4477,0.4579376528266312,0.7491373283709772,1.703363518651612,0
4478,0.4642367589412609,0.2616330128221208,5.53362258641059,0
4479,0.3002124123334154,0.4206993512453585,2.8177022403267524,0
4480,0.6865470013249977,0.6333638501278837,0.7601036831010936,0
4481,0.2957275615335147,0.40255685308925804,2.4078792037274472,1
4482,0.6342573622953551,0.5523908345506692,6.013624900274689,1
4483,0.9118001420192678,0.025580918213721198,1.8776998518446706,0
4484,0.65136304539164,0.4368688745004892,3.6355261228293627,1
4485,0.6615218101184134,0.36437883863146747,5.200231746159044,0
4486,0.7562617994335413,0.4610813629693919,4.813771027222798,1
4487,0.44120141481386893,0.5215690153080474,4.931166039451251,1
4488,0.3004008720734405,0.4281228480707846,3.4612397000887296,0
4489,0.7177349692374468,0.5233332382253874,1.134531607059422,1
4490,0.9915240777901779,0.9389898927926436,4.719534961430029,0
4491,0.5811188983332649,0.5243907230223372,4.275828675035085,1
4492,0.3888022133110362,0.7032395391893989,2.023949769030316,0
4493,0.5779666797107266,0.423791880853307,3.446177641540361,1
4494,0.48748113462655507,0.2976126280722975,5.25271847669622,1
4495,0.7300824643970583,0.5218576932285969,5.3511895228963064,1
4496,0.28243579652452866,0.5239192173487889,2.0971886291195108,0
4497,0.6711854119054321,0.37713496649122935,4.477460889164792,1
4498,0.6147700496984573,0.6102549198013283,1.1560485354169407,1
4499,0.45981276160310225,0.6608728888544394,2.2084429414436415,1
4500,0.392530930760478,0.6862866577480602,1.829965700994816,0
4501,0.46935167293715163,0.2687223950810326,4.645732775966605,0
4502,0.596761868374614,0.28346192922398844,4.792479972544209,0
4503,0.6111510445957642,0.2946181481000787,4.580151196740799,0
4504,0.393405835006101,0.5564233960386966,5.3672359803382585,1
4505,0.4325499207555589,0.3011468880799474,3.2936821070787965,1
4506,0.42666721995029455,0.25525489196359974,3.462299752267157,0
4507,0.4671013738553032,0.626289591709858,3.7366347522952807,1
4508,0.2999945876062236,0.507888250730044,4.981986015571449,1
4509,0.40829224689181565,0.6922205200751368,1.45996553634007,0
4510,0.4065885425036819,0.43437485572349704,4.27987371518155,1
4511,0.5667907766056548,0.6515949007849161,5.111846627450679,1
4512,0.658797599093478,0.529899602144943,3.5940267784354334,1
4513,0.34585200872401217,0.570200967771108,2.6911953438125953,0
4514,0.350558917971587,0.3657611350997212,2.6025116646407764,1
4515,0.7223848799561805,0.39378108621593383,3.9178470093793347,1
4516,0.5776625588822021,0.6886458069491932,6.256909225672553,1
4517,0.5229393697079415,0.4904567984348498,3.537790471152674,1
4518,0.32200811954392544,0.4748234780193031,2.322420450204543,1
4519,0.6874604456391754,0.6527923800493933,5.978541743588371,0
4520,0.342962579282562,0.33547092407757634,1.900901400653578,1
4521,0.6278913781881662,0.5028950731182779,6.147538331026143,1
4522,0.7392502653220875,0.4212126212697541,3.699903005102888,1
4523,0.280190652005471,0.48295194302795064,3.856314898756494,0
4524,0.4289250453158469,0.6915174598907178,2.4259216237435584,0
4525,0.6240715959386215,0.3546575944691643,0.5715832684833123,1
4526,0.488869867719593,0.474981810409089,3.8363330069157033,1
4527,0.7273505378736426,0.4517952451509657,0.2608206639232813,0
4528,0.365957876439504,0.5337886895026744,1.2791613225344853,1
4529,0.7327855885183494,0.3975156044083584,6.280293509149919,0
4530,0.41128232504750123,0.5173951455728358,1.9958511708966076,1
4531,0.5760077615710465,0.5065285709267164,3.4119162300809935,1
4532,0.41129918865368564,0.281557139912215,5.033079731923717,0
4533,0.3465155970229106,0.3184963104031974,5.0042784289498465,1
4534,0.5293506753859939,0.6803743438178966,5.701056429465362,1
4535,0.6459502745182966,0.3465013877488123,1.3671218144484247,1
4536,0.4014987319444801,0.2857218862553529,2.911797004304183,1
4537,0.2958363340531554,0.4480214024575685,5.225989132318854,1
4538,0.29563381415240236,0.5337991099917919,5.6153473235664615,1
4539,0.6257962295794341,0.6735869270020307,1.879396539824799,0
4540,0.7959657831032513,0.9729863175505655,5.7387455513388845,0
4541,0.5404003055163614,0.38251163325487547,4.352016599421589,1
4542,0.3947639550702282,0.6833499045042171,2.85306766660708,1
4543,0.612410480526085,0.6238119193497937,5.229062067770766,1
4544,0.6970248487925732,0.6055921384130533,0.7984289525454198,0
4545,0.25205566777127414,0.5160390159004253,3.437311401447595,0
4546,0.2831201154525157,0.34492914990837353,2.434229975225109,0
4547,0.3726354725411375,0.2755756918580936,5.876253406622362,1
4548,0.4886003530276875,0.6589350956593312,0.7875016701499251,1
4549,0.5128626819695761,0.5881735001375372,2.9082584970462797,1
4550,0.4122331976301576,0.6626216497887845,5.985859354806835,1
4551,0.20880573852166318,0.1394363275188298,1.1528835827802473,1
4552,0.48676601540188863,0.5395170880056916,3.0043300520282563,1
4553,0.2884198637598403,0.6029236442055695,3.575303229258406,1
4554,0.4303051090987931,0.5721634717508068,1.581820591806273,1
4555,0.37652999658738207,0.4819839727615255,4.389692926867491,1
4556,0.4113030542086999,0.44512851399430237,0.14352195449154348,1
4557,0.43876011826037437,0.5279060712445336,0.11867207590805626,1
4558,0.38652970544451554,0.7088366911081487,0.46553388646185856,1
4559,0.7173478286154498,0.49419436608298456,3.873333694820124,1
4560,0.4233549371057433,0.4658195393381309,4.692017913155807,1
4561,0.6036157933090068,0.64851295419692,1.1728904792581638,1
4562,0.7143237671696102,0.518555844184868,5.000316375205015,1
4563,0.3788435892271163,0.37410386389722805,1.8684824468458976,1
4564,0.6536468336081859,0.6755382752385317,1.6989122891207789,0
4565,0.635319142257789,0.6408646415821558,2.686300208306768,1
4566,0.4096807303779123,0.7002802583434904,2.844626650980652,0
4567,0.4788225390485346,0.3736734055926605,0.13314000453800487,1
4568,0.0038315711743742587,0.8633045742075146,2.599660372468115,0
4569,0.7235743486246221,0.5032353910834223,0.204999224881655,0
4570,0.44997870671457624,0.7480330943174711,6.262081683675924,1
4571,0.6584363118094378,0.3681684457545613,5.945575574717029,0
4572,0.7064397204605104,0.40198513810958075,5.772200390091574,0
4573,0.34904571800910555,0.6450068351294207,0.3374848276187149,1
4574,0.5493106817355997,0.2569688255937397,6.255934918503406,1
4575,0.5887217707629226,0.5021913676187512,3.936344627993686,1
4576,0.6207049209971189,0.41111504075548294,4.504946229143508,1
4577,0.7042721459340313,0.6005887349701123,5.439473279878927,1
4578,0.29469854886194663,0.3908741023874081,1.2731816466754875,1
4579,0.9135889729775908,0.12297199920072614,3.6469730679830397,0
4580,0.3191308083926744,0.48156383079836024,2.523895583634744,1
4581,0.41220286880217183,0.25905453066183437,5.461449824316972,0
4582,0.6925725586881988,0.5436247017599888,4.454750755614978,1
4583,0.7227806507939849,0.45534449906658364,5.702383890919892,0
4584,0.31524078020214935,0.6432203835009758,5.233556917234215,1
4585,0.25880728050431107,0.4314797454010149,2.7658045213089335,0
4586,0.5178636413514514,0.7028206800353827,0.7306853521502823,0
4587,0.713554876327742,0.5954523515322726,3.628120298521104,1
4588,0.34788190091754667,0.49720798347140754,0.21012610473336849,1
4589,0.6043795186155984,0.3038876307390614,0.07628461703095839,1
4590,0.44692515191565846,0.2598398679033258,4.154675388704976,0
4591,0.7247886664641098,0.38741263754215505,0.403857348326398,0
4592,0.4299426281150852,0.2788520126435425,3.9613880382247486,0
4593,0.5529108038660254,0.4762153903094751,3.4810296141119283,1
4594,0.264766431834425,0.4748179471092249,2.034269700587127,1
4595,0.7199241899029987,0.49804971175279183,5.812902503642083,0
4596,0.7069053285768665,0.4507472428141593,3.964116250716019,1
4597,0.6054921396332811,0.5499216030101146,3.3262018396440016,1
4598,0.6845306115009947,0.5577616971738986,5.283279143942985,1
4599,0.2308231769663715,0.3036222643909649,0.8603759117586947,1
4600,0.396871834296913,0.6758635149760578,4.297699796944388,1
4601,0.5345655036701836,0.2746090946994455,5.107408215560615,0
4602,0.339734933046678,0.35135454543249894,4.498358780700435,0
4603,0.6798474458947492,0.4033564878127888,0.42136421624141096,1
4604,0.46944253904506633,0.5655910736806402,5.260484768771057,1
4605,0.3934090560279494,0.4926329756100236,0.6609987731081167,1
4606,0.28965875790938195,0.4318049230245852,1.5666667304100628,1
4607,0.6823972145960372,0.5118613579818456,3.6824705776624507,1
4608,0.40435699458165725,0.37169767436675355,5.587940861626009,1
4609,0.7573316113242582,0.5497214959978352,0.2223389268153415,0
4610,0.5141772043308418,0.27677650646924234,6.2322217756050735,1
4611,0.40558765263982755,0.26235303014264544,3.4686233869880243,0
4612,0.5218224096703684,0.6377988707350591,2.2349092830646455,1
4613,0.35078324381536025,0.5691240573022622,2.465477422816432,0
4614,0.4445296874756101,0.31412028345625204,5.540926806115494,1
4615,0.7004833913276413,0.36234053000629773,5.605307779961726,0
4616,0.39593552823218675,0.30436764765848034,4.131903565220509,0
4617,0.5479301151686143,0.682149655786864,2.676528184042118,1
4618,0.24050054393033807,0.4202748152652561,3.999770256426478,0
4619,0.2571052567024987,0.38721373299507883,1.2131056164811413,1
4620,0.5024938745252421,0.3304626243850416,5.142461741390524,1
4621,0.3660047618932336,0.6924786391065005,0.9841125396928084,0
4622,0.45445923856851733,0.2748523197404648,4.7915767654769015,0
4623,0.6301431062903505,0.47295826345521436,4.187329593805332,1
4624,0.6768003463361985,0.36665185261106215,6.015180502265447,0
4625,0.47401992690845035,0.4911018694520748,6.1186217292850476,1
4626,0.4794074562143614,0.24760024264141126,2.9478504571168904,1
4627,0.5467198767891631,0.6428205800971084,2.0463196889911686,1
4628,0.6034833183527061,0.5593089837838917,1.9499608560866177,1
4629,0.29216216556198155,0.5819623673477529,3.4512605276654207,0
4630,0.6320001575493075,0.5944436295609119,0.9380422066117402,1
4631,0.6034859551402892,0.5966002918923371,1.3310302954957265,1
4632,0.5429198688820551,0.2839413821677481,0.5493922539137532,1
4633,0.7510291198887933,0.4755686423017237,6.0555658923485565,0
4634,0.5809705340964817,0.32627012221315393,5.567821925514247,0
4635,0.30469095987468225,0.3560514470962344,2.748837525857966,1
4636,0.4175093162361661,0.42333774652519934,4.170568548373614,1
4637,0.28013262234030695,0.49060270215863,0.916349044918036,1
4638,0.4312606240628381,0.5811422508726193,0.87541927083512,1
4639,0.3992969296630159,0.2664377516302006,2.730572684271858,1
4640,0.32418689600558726,0.3375171642413478,4.318772816099162,0
4641,0.29850877757997263,0.6445317322798157,1.9371584689637684,0
4642,0.6087143522661727,0.34386639991305307,6.073980451062433,1
4643,0.6098329401937961,0.48237884789798524,0.14532474112075572,1
4644,0.5137660607421767,0.25777247898103384,4.968408110544121,0
4645,0.7221892976966254,0.44391381786369666,5.048170044480927,1
4646,0.3604305414170945,0.6259881303904372,2.919169233714171,0
4647,0.6242977026860931,0.565875920541416,1.8101877415036725,1
4648,0.4492340580029415,0.2317264833492437,3.476212398768373,0
4649,0.33180706562229445,0.5671426500479602,3.0119426632621296,0
4650,0.45666244742881623,0.4254459377193576,3.04361362876868,1
4651,0.7020337072750534,0.4726930348665754,5.895255991473748,1
4652,0.4323326109987931,0.34182676768282766,3.0202728129348184,1
4653,0.051909050430264655,0.02130453996392374,2.3944353963004374,0
4654,0.3965426962929362,0.6995592918217992,1.9423249693022813,0
4655,0.5677319159654535,0.5328410555720928,3.7979669433238397,1
4656,0.25765713926843375,0.47181100588053304,2.09298150962024,0
4657,0.43553509488018327,0.5929182611114711,4.042300240915059,1
4658,0.6464995987013474,0.3528121568768183,5.142521415023506,0
4659,0.42051548504004044,0.3636674115802655,5.373780918810716,1
4660,0.6634106725966933,0.5877021835353037,0.798721985840675,0
4661,0.7072042530765349,0.4498924406388499,2.144111778386807,1
4662,0.6742071161975095,0.47249162481832674,1.0993330102269394,1
4663,0.6969396097547329,0.37894900036791707,0.39520889440435003,0
4664,0.5257348528567586,0.6611723457781892,0.13479674625516733,1
4665,0.4796555200517391,0.5551561491186146,0.18506545787229056,1
4666,0.6470578389481413,0.3509644425883159,3.776869975007047,1
4667,0.32340274710785616,0.3414553342483657,2.569533310018298,1
4668,0.489317419245537,0.370732604653993,3.876978846757331,1
4669,0.7118847141173756,0.6011327603294345,0.3401160385196882,0
4670,0.3758191638176666,0.3078592406067485,1.1912195630928546,1
4671,0.23037355736586781,0.4439297111383794,2.942404572875105,0
4672,0.7128567038091138,0.4953673510034462,5.103138014384017,1
4673,0.5769351835845978,0.6747089178738221,4.033164424431274,1
4674,0.507052537658699,0.4419353501623875,2.8524470430656303,1
4675,0.49582192733295305,0.3291963640496662,4.971068957076278,1
4676,0.7464051549393081,0.5012808480020109,0.7313940783679272,0
4677,0.6012535520330478,0.34802873040487303,4.362757370946706,1
4678,0.38676779087930613,0.4501961934711584,0.7914157092746672,1
4679,0.5240722923388129,0.5742486551347254,2.4885667716199724,1
4680,0.6263121789353167,0.6666019773207532,0.48530380215564684,0
4681,0.6789227200140018,0.6675083207310007,1.4583582280300165,0
4682,0.260505508203694,0.5200458337788171,2.872817942610944,0
4683,0.5057899670878255,0.601900449380211,4.113861197640527,1
4684,0.2960143918926382,0.5704232463331961,3.759915210842564,1
4685,0.679291462978499,0.655356766225906,6.268607751494318,0
4686,0.6119519155607176,0.6530533454784406,1.250002190119795,0
4687,0.5257742586905261,0.7335422731349279,1.8852110316565922,0
4688,0.3822287607169753,0.5719172834191741,5.83849577000759,1
4689,0.6313100537669692,0.6797397495691887,5.992838785099526,1
4690,0.38184868691537116,0.5099609866224932,0.045438979623035,1
4691,0.3504545383592728,0.6692504722555096,2.147371810357071,0
4692,0.45805051104180544,0.2461420710157146,2.9248182458959473,1
4693,0.26271822743342527,0.5725575402793239,0.7472302572217993,1
4694,0.6813708197798698,0.5761555941626716,0.06538608578961322,0
4695,0.7231460998208377,0.45126295934229943,3.5331614881854607,1
4696,0.5837713430169215,0.28089438295230457,0.4304358543595371,1
4697,0.5174466836113922,0.49496718594703554,4.520682999274636,1
4698,0.6381731159519972,0.4253034808197701,4.595486761471364,1
4699,0.5366132158465327,0.7064858665961468,1.486797683715871,0
4700,0.7077099791608049,0.45500667394811845,2.151239215931819,1
4701,0.6633777279498031,0.5436074083788169,0.008337553290934469,1
4702,0.6381376450802326,0.32527496560090413,5.538248159009195,0
4703,0.27522396758384077,0.4544192963168488,3.1242768733304365,0
4704,0.32897526323804643,0.4517327682256972,5.738287219861029,1
4705,0.48300227791481165,0.23620758831836489,5.968936715290035,0
4706,0.5010552616903047,0.36796619061119124,0.017846883870365177,1
4707,0.42678594518536295,0.43182738307381274,3.4463689607749965,1
4708,0.6708952621514983,0.6692307815790688,6.051459917548918,0
4709,0.5840262711157181,0.3359610730982715,5.44647053312261,0
4710,0.46962338916490814,0.70786768965445,5.293460927446328,1
4711,0.2698942653759831,0.4865800093384959,2.5123036139800066,0
4712,0.5021192169317641,0.4276360361358487,4.880949684808096,1
4713,0.4883694979929909,0.5212692613442196,1.3243376891205458,1
4714,0.28027889205114237,0.5092658246320861,1.966604944533978,1
4715,0.5492694336906255,0.25127174785029055,6.088492779384381,0
4716,0.6685083001365231,0.6468195027139979,1.7829336778211506,0
4717,0.5000683125730473,0.3974062962969254,0.48490925972827936,1
4718,0.3379530451834594,0.63793874439267,0.40267944232992714,1
4719,0.43544933888146614,0.26950788532762243,3.792479834453705,0
4720,0.5839873490255866,0.5193362276682641,5.465155313378328,1
4721,0.5589430888232633,0.7117430506763428,0.7905698904049936,0
4722,0.6556304645083851,0.4403343198963461,2.3496957384078976,1
4723,0.6241372566837338,0.4577492532324804,1.8892306910848158,1
4724,0.32678771033513054,0.38220426465519813,4.259700601866416,0
4725,0.34065765924705893,0.4731067746953908,0.7429729770446372,1
4726,0.38032357317165255,0.5614429246222676,5.488737580949662,1
4727,0.4523799119712693,0.7092657137913677,3.7726716531694793,1
4728,0.5476949003548962,0.40385023923203767,3.153142420179292,1
4729,0.4899214150528428,0.30213478575292385,5.093016007984181,1
4730,0.32299699710463714,0.6190588980827487,1.2136235325235512,1
4731,0.47202999463106493,0.30465396443672527,5.915768523247525,1
4732,0.5398297777095317,0.43464550117810974,0.6388415175449462,1
4733,0.3261216609788605,0.6339462690087547,3.9484431060404535,1
4734,0.31392935180583365,0.6261000626299782,1.8658280861070977,0
4735,0.676262213376699,0.6680163566283019,0.30953278348568913,0
4736,0.6234020022094416,0.3769374776000289,0.2614610339354792,1
4737,0.5173299696841168,0.39274120332668633,1.6018590800022665,1
4738,0.5193006836472799,0.6831276581984658,3.7258889319905046,1
4739,0.6950064414937064,0.45453238157882536,3.8065046119255164,1
4740,0.3318811526708438,0.5206685591680233,2.4443944748523165,1
4741,0.5917035256200008,0.3181862514755065,3.3915286314542987,1
4742,0.6808063765286259,0.5092089352694976,3.367476974059188,1
4743,0.6789071080204079,0.26794053982866706,1.4276694949228603,1
4744,0.45495133409993105,0.5068537944666094,1.0548585894001359,1
4745,0.6301840353318326,0.6693313518380525,5.683488933146046,1
4746,0.24365461642583117,0.4603826189433321,1.7615756602002304,1
4747,0.4868080189396525,0.2728979513242083,4.999602915802015,0
4748,0.6820022960053542,0.6514579100149708,4.796612592319952,1
4749,0.5749429548364453,0.3227102265215859,2.1094673949115403,1
4750,0.08767724514281175,0.8216984879856323,5.3507392934489895,0
4751,0.5793668841297446,0.2684514667612183,3.6351614138972015,1
4752,0.5213775529208405,0.5116394663893084,5.2261652846626125,1
4753,0.2575852802819983,0.4713736708623024,2.666863004658534,0
4754,0.6894007049411915,0.5090074129708335,6.088626277492002,0
4755,0.3491962054311407,0.6335276929707832,2.495349452416513,0
4756,0.29749721412587105,0.5885583710031782,0.6537562109305055,1
4757,0.4841124876964929,0.6947279506001713,1.7522549260348963,0
4758,0.3064861142725365,0.3825231321607816,4.55320794400245,0
4759,0.38521806751146614,0.3682124273816291,1.4403514431521378,1
4760,0.556287668775002,0.4372354279464285,3.265465844379622,1
4761,0.728086768855401,0.4304889388638096,4.58266164338356,1
4762,0.5943869402131431,0.2793396207363688,2.6532413769012653,1
4763,0.5639172048068222,0.2882406294759061,5.933937559161733,0
4764,0.5450617071294456,0.4303962023389232,4.0477033895059735,1
4765,0.9031801874822782,0.1031883678151411,4.65928607919542,0
4766,0.33969998810406193,0.426931204242079,4.825787650711921,1
4767,0.4501142305795286,0.7083959288265346,2.696872356925277,1
4768,0.3931121037287658,0.35065601983645733,2.146988284286441,1
4769,0.3599692529147187,0.6684966769647306,6.276683945792855,1
4770,0.6488438535657948,0.5585513409710756,5.629330694708585,1
4771,0.6640568844109507,0.45526772665267373,5.73091698984204,1
4772,0.6323462041374895,0.5019222493250154,2.567126613433187,1
4773,0.500295855519394,0.24875920107498792,4.473187491967221,0
4774,0.3392465946382476,0.28638049345111494,5.120075698561621,0
4775,0.45265385841799155,0.5372028443314528,0.5317028183135913,1
4776,0.6610183244421596,0.31873446126817523,0.4196211993218138,1
4777,0.5388184609411871,0.2743516129439602,3.3034169945108345,1
4778,0.2787288249951736,0.6029548073000834,3.2799113194587894,0
4779,0.7009994160900163,0.557585525194915,1.5348572619928678,1
4780,0.7638814917874156,0.5687224626963442,6.047394088104144,0
4781,0.45703848015773146,0.7328646035862614,1.1170690572671562,0
4782,0.7086088924357391,0.46682040751192194,1.157581493803361,1
4783,0.43459289922006117,0.5744665977162124,4.695731301176997,1
4784,0.6221480209336009,0.4772217218984907,2.0256331373415084,1
4785,0.4788725913284245,0.5764075420538752,6.145686043787281,1
4786,0.26264462109337516,0.5532251193912019,3.872790393357698,0
4787,0.3102799283245281,0.5189242214423033,0.3905943956770543,1
4788,0.9629517370279941,0.9907247295251782,4.854343713716609,0
4789,0.6528987875903645,0.6300301547655154,3.681535454184333,1
4790,0.3284224129678928,0.6147461209840951,3.283412939310206,0
4791,0.5424172055971173,0.7342410379230082,2.732585841721714,1
4792,0.3933964186403951,0.676928649150804,0.9861747954331391,1
4793,0.6978261332734805,0.3903500570662651,4.587990109002239,1
4794,0.41945731589507057,0.24952615270300982,5.087198515026794,0
4795,0.458568677735947,0.738938704916806,2.2149369368463696,0
4796,0.4013788077933499,0.554012899095011,1.4128927305167658,1
4797,0.4149877336942282,0.45531366378636295,2.300220614514629,1
4798,0.3660713719857941,0.6338493692335806,1.4041136176908742,1
4799,0.4626939357868449,0.5554259299667142,4.026552543837474,1
4800,0.6880551070767392,0.6040548941875756,1.8758618815384864,1
4801,0.3768369807685855,0.5923573184370814,5.879173508237887,1
4802,0.01989106789191111,0.1515297155994671,4.0845187147021935,0
4803,0.6392949583055493,0.5444857029426241,0.08050987888108363,1
4804,0.5534865450665091,0.6399357599074726,6.014897263395403,1
4805,0.699799534898209,0.48600873208279416,0.8005078961690719,1
4806,0.12694694990324423,0.9378076868142037,5.895140017077357,0
4807,0.6870907353868456,0.6387043287380348,5.673715150897568,1
4808,0.6293540455057892,0.6553467919424688,1.2982451105348827,0
4809,0.47359978375090384,0.4481528336488792,6.026481438044896,1
4810,0.47691183439960083,0.6057371994601605,2.73533213184018,1
4811,0.6650014183582015,0.3630372845866545,5.025012470203551,0
4812,0.49706550850655823,0.5584405282732601,3.891375101891932,1
4813,0.5373086914080616,0.46270873422717784,5.823781077368545,1
4814,0.23382016663633085,0.5882414092537827,1.353856859691801,0
4815,0.26919902322930245,0.516462168332861,4.195809891179263,1
4816,0.5884597191692483,0.6721785561656413,0.9859320464975518,0
4817,0.7020037962769278,0.387404310634417,0.3778831229151438,0
4818,0.9858593503849897,0.8457426068282896,0.967778197864003,0
4819,0.5607689071476132,0.6343702049487455,1.6208212225982495,1
4820,0.31252684937537345,0.40319744881804975,1.9312701352559443,1
4821,0.36684540980914293,0.6187257839733052,4.281069236106547,1
4822,0.28593413140448937,0.517883030228268,1.3465701082895594,1
4823,0.30105098361452853,0.524402176742113,2.6433585419476495,0
4824,0.7451215940865155,0.45339150845704423,4.856807130721368,1
4825,0.6359588447613876,0.3602732172776017,6.133283265428448,1
4826,0.43777604775558876,0.6481098399096239,2.7549474135997216,1
4827,0.7289923581158053,0.4705503591479882,0.2815159008247954,0
4828,0.5897834095718595,0.3093354354698542,5.790953200398098,0
4829,0.3440614783820519,0.7914077153047212,1.3054991577142623,0
4830,0.48686706943825675,0.6971148195148569,1.7606509540578774,0
4831,0.5474784561029468,0.6689406183520769,5.5230104153168815,1
4832,0.45908742736746744,0.5146554797962752,0.9677614206040626,1
4833,0.27107217188343485,0.5268766800901205,3.2646065100728716,0
4834,0.3715697262287032,0.46961461109496094,3.589683216954047,1
4835,0.4330941341629131,0.6241999187059281,3.1392553275122967,1
4836,0.6341951471855934,0.635296485527488,5.833213817514917,1
4837,0.29311089648737637,0.4891963586673545,1.9710467025992509,1
4838,0.053357415571114564,0.970867194726795,2.8428440979560174,0
4839,0.47590558319078297,0.5850314519595317,1.3843346277627895,1
4840,0.39103220776026737,0.5291745278591278,1.4937169303503783,1
4841,0.5299205457418698,0.5801599019705861,3.3460008534654353,1
4842,0.2699127834695667,0.5206358201027232,2.53718340469996,0
4843,0.7413939116564027,0.49233088781214984,1.951596724263272,1
4844,0.3063496503879982,0.3646384583408585,4.806706655226072,1
4845,0.692023683145847,0.5460153857878217,4.739904689316992,1
4846,0.4645607964013118,0.6631591066662978,1.4615217622203547,0
4847,0.5305403270127625,0.4978669006470486,3.360857173078368,1
4848,0.4216970037511242,0.6947661753705582,3.7208421685580166,1
4849,0.4019764336740572,0.293636921867996,2.024524996854049,1
4850,0.7000416638344236,0.6220256304168683,5.7924005434188865,1
4851,0.5266014024616033,0.4742921409381908,3.9415337380696474,1
4852,0.3798611829311863,0.643559812834177,5.975267233930862,1
4853,0.34669057731964864,0.4195120338258361,0.8289276024920555,1
4854,0.6894848013196339,0.6196180676242795,2.590368165441359,1
4855,0.47575450791454926,0.3041110311416466,2.328013420607545,1
4856,0.6097070770914269,0.5396368473225565,2.658781723843482,1
4857,0.32319912624234215,0.31294748370416386,1.9460202428625517,1
4858,0.45359192281217336,0.29520040827356553,0.5997330127802014,1
4859,0.6133302378847483,0.29230752023353573,6.157972216177299,0
4860,0.4004226393963183,0.36029302094753174,5.0460235492534755,1
4861,0.4926675171755692,0.5278626779492195,6.133902848173217,1
4862,0.33235682366352287,0.7010844363068255,0.8521098566720134,0
4863,0.449015389004495,0.2835875547659283,0.977883378497747,1
4864,0.33490069653649607,0.6734905823445361,1.2852445910397785,0
4865,0.25725357505365076,0.5185986225473013,4.9236011585011115,1
4866,0.5901756001688062,0.38149853479894,0.009778043602195974,1
4867,0.6729829252008502,0.6591710945892131,0.5647512668901928,0
4868,0.6610766881137958,0.6833305182464313,0.22531626062821444,0
4869,0.29083255662400204,0.36231786052923504,5.396807138000307,1
4870,0.7278545066931454,0.46862223203688397,1.6869829766502986,1
4871,0.44740886825902604,0.6990899043152268,3.131777280625611,1
4872,0.3367636435039223,0.5808078102240197,3.5553143378700462,1
4873,0.5744385649497977,0.2973898065079661,1.4565587428582973,1
4874,0.1568638669958303,0.8789442679215145,1.341169968701335,0
4875,0.36038727173158563,0.5059840493403205,5.291454552243727,1
4876,0.6673525899471332,0.41356239294787994,5.841565038574369,0
4877,0.5401842083413827,0.5579205480084475,1.4422259919593294,1
4878,0.37016517606731975,0.338770254443584,5.407868637523906,1
4879,0.6785546810453599,0.5439435972219769,4.023694502910688,1
4880,0.7055952246546794,0.5423146766632545,3.2056920886000646,1
4881,0.2629742020800811,0.411986762987008,1.685029763930114,1
4882,0.33234837338243306,0.5250055172844055,0.8566755664032664,1
4883,0.49634714948024583,0.2963727092523295,4.557556963344278,0
4884,0.484777228266588,0.7405840583647229,1.6670403199977486,0
4885,0.4449107095252515,0.39687376892942816,1.6815452102749013,1
4886,0.5646991592147703,0.39907010768882806,0.47429410716211295,1
4887,0.46796247623079923,0.6157140400258324,2.3157015552843085,1
4888,0.6471148076962299,0.5176269738538744,0.5939627144707325,1
4889,0.4269431337911571,0.7114612807822228,0.008195983118330141,1
4890,0.7341179027507853,0.4150480444324967,0.4121018273327175,0
4891,0.2929135051427747,0.5986418090562927,3.084083315955568,0
4892,0.7419622995188534,0.44352728201925035,5.1649642225632615,0
4893,0.5482030782730457,0.681151336733589,4.057836247993058,1
4894,0.7467928827332454,0.5426319580172326,6.169777054652692,0
4895,0.5057874822430074,0.6917982514918938,1.1625625644296282,0
4896,0.7273795558757341,0.5083779352661607,1.6746161062101381,1
4897,0.5223360798776677,0.4331210368396068,2.3506903851538956,1
4898,0.2546898300330873,0.4284409545637933,5.230583358608118,1
4899,0.38277538605080813,0.5872296288805391,1.699206906631136,1
4900,0.3110605811209037,0.39916929881323493,5.565227458503069,1
4901,0.3512687171947767,0.30203999561689093,3.4746719454348565,0
4902,0.2850311318969767,0.3816250117509586,3.016348128305345,0
4903,0.5129642678675406,0.28613850999955287,6.085182759370599,1
4904,0.3090368499732952,0.4695756363354013,4.401783195495752,1
4905,0.42641812832015835,0.2509361384821084,4.342406716372332,0
4906,0.7193224485184948,0.5244531327321703,4.476928657727611,1
4907,0.3974773160457088,0.4313031021472413,0.9895505682791198,1
4908,0.4838368181140648,0.6916647212210197,0.3109372300074212,1
4909,0.6095087621222655,0.2785733497871915,4.5145379012782625,0
4910,0.5940998426032077,0.7132129692620881,2.734252582273931,1
4911,0.46550489901683895,0.7206096448957601,2.324074522047833,0
4912,0.47273198729151206,0.7228237452538662,2.732135358332141,1
4913,0.39149324504192984,0.5796291024497472,3.4236332284402033,1
4914,0.3952892462412115,0.6469208953236758,4.029315772016441,1
4915,0.5196091347337236,0.5819531620328475,6.199343212604511,1
4916,0.395128403853798,0.6677285453826859,3.116932672090032,1
4917,0.32134488894456636,0.6453182783257586,3.5445010891982944,1
4918,0.5869024142801207,0.3004451540856471,4.640290228137389,0
4919,0.520875995926798,0.2778371837900907,0.26268293595511283,1
4920,0.7196486042201289,0.48122773241803934,0.4868650332651253,1
4921,0.6516067980187956,0.42929453902677217,4.197129144337493,1
4922,0.44672595512020247,0.2620071989706784,3.0183951373586453,1
4923,0.3082802607185433,0.5360212531274833,3.6360037459146333,1
4924,0.7339444877959705,0.5396426931420569,0.748972278135856,0
4925,0.5145431060064412,0.6816281166354677,0.26405264652867094,1
4926,0.3620725211314276,0.4159904121794495,2.207053683841338,1
4927,0.6080121831061781,0.6234074979471683,1.0381340902262486,1
4928,0.4299116904599228,0.6331745065138649,2.7960919890063094,1
4929,0.371227150865161,0.7092509835588089,1.0421169407467412,0
4930,0.6379933995705672,0.6454429580376437,5.539914387148837,1
4931,0.3975174753316375,0.3943659116088847,5.601303147747133,1
4932,0.7047545871364564,0.5684290436869374,4.41684647741627,1
4933,0.45025616743016167,0.49041424293059394,0.5543725266911133,1
4934,0.48573829953251,0.532720220350306,2.1089319206506887,1
4935,0.3996941808284488,0.7018907401008578,3.6873669362982273,1
4936,0.5975904313776095,0.46255714429614025,2.8604008511450694,1
4937,0.6853211562718454,0.42905441458654286,0.6008509115085185,1
4938,0.28663784549684856,0.3436832568221138,3.94488736353805,0
4939,0.5993640499786891,0.6323139420973021,1.0107602233432966,0
4940,0.5976558476564405,0.5602063806688771,1.9106235392086117,1
4941,0.47104723712632374,0.2588254554575479,5.906832609602311,1
4942,0.5534320058306939,0.661567633926543,2.319185027605621,1
4943,0.4735452994012773,0.24664424941416635,5.83379353367,1
4944,0.4401463592955081,0.34820157245507205,2.9639660602822544,1
4945,0.5242422245618934,0.7291270190853252,1.0689211557910745,0
4946,0.6620258859117748,0.4585521098309467,0.6362877191593058,1
4947,0.43666907193607024,0.48038754978390524,0.5267221976706697,1
4948,0.3870716311931563,0.4810179271452779,4.686711732061697,1
4949,0.2654799681773149,0.45637855692822793,3.9854654749142764,0
4950,0.6716767794813521,0.6458667228838871,1.2034371305800173,0
4951,0.2936895683574196,0.4083332377646887,1.7286249713096067,1
4952,0.5228645038268177,0.3846545505561009,5.329891648254577,1
4953,0.11477500877745003,0.9550967383142838,4.284988034809907,0
4954,0.6375332254924913,0.3031820412682525,5.551420745081504,0
4955,0.7005689871747024,0.3488208938687924,0.2877457493997469,0
4956,0.5439659193008929,0.33560869762629536,5.002266328246628,0
4957,0.6052909930137025,0.7044701221333609,1.1732897325776963,0
4958,0.6691128552528297,0.3594639249664574,0.2399449542751854,1
4959,0.5935746652998174,0.6593204932738185,0.5174951887608857,1
4960,0.6638832867012137,0.6030374622344877,0.9442492607523787,0
4961,0.6079840772522682,0.6725292629720323,0.5836290937766966,1
4962,0.29155077806127266,0.5038941286898415,2.2147158778298683,1
4963,0.41135876831134904,0.5525949179963504,4.211626341848366,1
4964,0.5749322224334941,0.38046266236010445,0.5477173486405694,1
4965,0.6347816580074925,0.3529844468943851,1.0310565007834462,1
4966,0.7500629770955937,0.5506429650206645,1.2384744990359902,0
4967,0.6940627520963532,0.3459706445586726,4.921798776622395,0
4968,0.48197698537562095,0.7187469027851638,2.3560984735569726,0
4969,0.28384762005655817,0.593004175726561,2.2198221685110804,0
4970,0.6698391324874683,0.28903665000582196,5.636939686617724,0
4971,0.30827884325346316,0.6154027587379063,1.9488884839120162,0
4972,0.2653954888661561,0.49632279337727536,5.632597737631559,1
4973,0.7322854862414885,0.4751804233276095,0.41387477362919,0
4974,0.5933726503230538,0.7174163874821775,2.43528093386817,1
4975,0.7159473129418654,0.38294996448936247,5.965731560278762,0
4976,0.6955637582605244,0.40497293559678516,3.9107757284376636,1
4977,0.2604429892204118,0.5749547151164535,1.2774216756123136,1
4978,0.7420104313059565,0.5811816141923153,5.936620448039904,0
4979,0.4260626477889477,0.37432822219237616,2.3296296396263916,1
4980,0.5604824625798716,0.32740003460688377,5.661103213745926,1
4981,0.30412467789483577,0.5010115392458687,3.634391714364438,0
4982,0.4426080721671664,0.5547951098496313,0.6386230026677928,1
4983,0.6013477229808842,0.6084848970917716,3.7408172434229203,1
4984,0.5368639168886821,0.6861774991172022,1.6305416026311834,0
4985,0.4414851579089147,0.5034636659809164,0.027896889221601065,1
4986,0.6807531311390188,0.4848699024583246,4.58930586474535,1
4987,0.48778005007632036,0.6589746768133935,2.0785264627647093,1
4988,0.6323620100900869,0.39812715484419076,5.815701921658988,0
4989,0.450671190546138,0.5623645193718158,5.91668164239488,1
4990,0.7193636305283979,0.44961580129249207,0.5934205325432245,1
4991,0.4957217618902755,0.5238418273137504,5.063638626250195,1
4992,0.6906069197936969,0.3037973601920453,5.281008304726804,0
4993,0.5958346502922985,0.41510122609999517,1.9967146997408662,1
4994,0.48871783389148177,0.2585170695809222,4.595726405638074,0
4995,0.6407537540811423,0.28989482086935886,0.3555542151959098,1
4996,0.307468480097541,0.4235840928402651,5.054022356918723,1
4997,0.43867966887971593,0.2648443138030026,5.188100525518601,0
4998,0.4031635287839124,0.629755288481312,0.9522028359361907,1
4999,0.7565571936060662,0.46191856598456227,1.1284604038506625,1
5000,0.5330535299319002,0.678475240991997,2.854083126244206,1
