MAX_ITER=200000
STATE=25000
LOG=25000
GRAPHICS=0
INITIAL_STATE=r
POS_STDV=0.00025
ANG_STDV=0.2
NUM_AGENTS=20
ALPHA=0.785398163
PERCEIVED_WEIGHT=6.283185307
THRESHOLD=20
VELOCITY=0.000025